0 0.971875 0.28703703703703703 0.05625 0.022222222222222223
0 0.41510416666666666 0.16018518518518518 0.03854166666666667 0.06481481481481481
0 0.40625 0.21666666666666667 0.07916666666666666 0.04814814814814815
0 0.4630208333333333 0.24722222222222223 0.019791666666666666 0.07962962962962963
0 0.5276041666666667 0.30277777777777776 0.084375 0.009259259259259259
0 0.346875 0.33611111111111114 0.027083333333333334 0.07962962962962963
0 0.5177083333333333 0.31296296296296294 0.06458333333333334 0.025925925925925925
0 0.8994791666666667 0.3768518518518518 0.026041666666666668 0.03518518518518519
0 0.7463541666666667 0.4009259259259259 0.019791666666666666 0.020370370370370372
0 0.6317708333333333 0.49166666666666664 0.026041666666666668 0.053703703703703705
2 0.8078125 0.49537037037037035 0.011458333333333333 0.020370370370370372
1 0.8078125 0.4935185185185185 0.007291666666666667 0.024074074074074074
1 0.7677083333333333 0.4305555555555556 0.00625 0.020370370370370372
1 0.7046875 0.4601851851851852 0.005208333333333333 0.016666666666666666
1 0.8765625 0.4212962962962963 0.005208333333333333 0.016666666666666666
1 0.8994791666666667 0.42592592592592593 0.005208333333333333 0.018518518518518517
1 0.9229166666666667 0.42685185185185187 0.004166666666666667 0.020370370370370372
0 0.8703125 0.27314814814814814 0.03229166666666667 0.012962962962962963
6 0.7072916666666667 0.29907407407407405 0.01875 0.012962962962962963
6 0.7463541666666667 0.3314814814814815 0.019791666666666666 0.018518518518518517
6 0.7817708333333333 0.31851851851851853 0.019791666666666666 0.011111111111111112
6 0.8052083333333333 0.325 0.016666666666666666 0.012962962962962963
6 0.7817708333333333 0.2953703703703704 0.017708333333333333 0.012962962962962963
6 0.859375 0.29074074074074074 0.014583333333333334 0.011111111111111112
6 0.8734375 0.29074074074074074 0.013541666666666667 0.011111111111111112
6 0.8911458333333333 0.2898148148148148 0.015625 0.012962962962962963
6 0.565625 0.3138888888888889 0.01875 0.012962962962962963
1 0.4578125 0.3472222222222222 0.005208333333333333 0.016666666666666666
2 0.47604166666666664 0.4388888888888889 0.00625 0.018518518518518517
1 0.47760416666666666 0.5731481481481482 0.005208333333333333 0.027777777777777776
2 0.5526041666666667 0.9898148148148148 0.013541666666666667 0.020370370370370372
1 0.43385416666666665 0.812962962962963 0.007291666666666667 0.037037037037037035
5 0.4244791666666667 0.674074074074074 0.007291666666666667 0.025925925925925925
4 0.425 0.6675925925925926 0.008333333333333333 0.024074074074074074
1 0.3421875 0.7962962962962963 0.009375 0.02962962962962963
6 0.3885416666666667 0.6666666666666666 0.025 0.05185185185185185
6 0.0265625 0.8703703703703703 0.053125 0.0962962962962963
1 0.06614583333333333 0.7611111111111111 0.009375 0.037037037037037035
6 0.23229166666666667 0.7092592592592593 0.035416666666666666 0.06666666666666667
6 0.29635416666666664 0.5222222222222223 0.019791666666666666 0.03333333333333333
7 0.4479166666666667 0.3138888888888889 0.016666666666666666 0.016666666666666666
1 0.46979166666666666 0.31666666666666665 0.004166666666666667 0.018518518518518517
7 0.42552083333333335 0.30648148148148147 0.011458333333333333 0.016666666666666666
6 0.4161458333333333 0.4564814814814815 0.013541666666666667 0.024074074074074074
6 0.38125 0.3888888888888889 0.020833333333333332 0.018518518518518517
6 0.359375 0.2861111111111111 0.008333333333333333 0.012962962962962963
6 0.3625 0.25092592592592594 0.008333333333333333 0.009259259259259259
6 0.37916666666666665 0.2564814814814815 0.008333333333333333 0.009259259259259259
6 0.40729166666666666 0.25092592592592594 0.00625 0.009259259259259259
6 0.4197916666666667 0.24722222222222223 0.00625 0.009259259259259259
6 0.390625 0.24814814814814815 0.00625 0.007407407407407408
6 0.44114583333333335 0.25555555555555554 0.013541666666666667 0.011111111111111112
6 0.44479166666666664 0.24814814814814815 0.00625 0.007407407407407408
6 0.4 0.25925925925925924 0.00625 0.011111111111111112
6 0.3958333333333333 0.275 0.008333333333333333 0.009259259259259259
6 0.3921875 0.2851851851851852 0.007291666666666667 0.011111111111111112
6 0.38958333333333334 0.31203703703703706 0.008333333333333333 0.012962962962962963
6 0.40989583333333335 0.27685185185185185 0.007291666666666667 0.009259259259259259
6 0.3671875 0.32037037037037036 0.009375 0.014814814814814815
6 0.39114583333333336 0.33425925925925926 0.011458333333333333 0.012962962962962963
8 0.4088541666666667 0.3194444444444444 0.007291666666666667 0.012962962962962963
7 0.40729166666666666 0.30925925925925923 0.00625 0.018518518518518517
6 0.40260416666666665 0.29814814814814816 0.007291666666666667 0.011111111111111112
2 0.38125 0.4759259259259259 0.004166666666666667 0.018518518518518517
4 0.38177083333333334 0.47129629629629627 0.005208333333333333 0.016666666666666666
2 0.28072916666666664 0.46944444444444444 0.005208333333333333 0.016666666666666666
4 0.28020833333333334 0.4666666666666667 0.004166666666666667 0.014814814814814815
4 0.28072916666666664 0.46574074074074073 0.005208333333333333 0.016666666666666666