0 0.5346354166666667 0.1537037037037037 0.06302083333333333 0.09259259259259259
8 0.49140625 0.774074074074074 0.050520833333333334 0.14074074074074075
6 0.6513020833333333 0.8944444444444445 0.0609375 0.14444444444444443
8 0.6260416666666667 0.7296296296296296 0.051041666666666666 0.13703703703703704
8 0.6205729166666667 0.6111111111111112 0.04739583333333333 0.1111111111111111
8 0.6096354166666667 0.5425925925925926 0.04010416666666667 0.09259259259259259
4 0.5807291666666666 0.687037037037037 0.0125 0.037037037037037035
9 0.5817708333333333 0.7064814814814815 0.019791666666666666 0.05185185185185185
6 0.5166666666666667 0.48935185185185187 0.025 0.049074074074074076
6 0.55390625 0.3921296296296296 0.018229166666666668 0.032407407407407406
7 0.5052083333333334 0.3800925925925926 0.01875 0.04537037037037037
8 0.5838541666666667 0.350462962962963 0.019791666666666666 0.03981481481481482
6 0.5447916666666667 0.29398148148148145 0.0125 0.019444444444444445
6 0.5458333333333333 0.27361111111111114 0.011458333333333333 0.01574074074074074
8 0.5786458333333333 0.31712962962962965 0.019791666666666666 0.04537037037037037
7 0.5796875 0.3375 0.014583333333333334 0.026851851851851852
6 0.5434895833333333 0.24212962962962964 0.008854166666666666 0.01574074074074074
7 0.5395833333333333 0.21898148148148147 0.008333333333333333 0.012037037037037037
8 0.5677083333333334 0.2833333333333333 0.015625 0.027777777777777776
8 0.5604166666666667 0.25046296296296294 0.011458333333333333 0.025
6 0.553125 0.22592592592592592 0.009375 0.012962962962962963
8 0.5520833333333334 0.21435185185185185 0.010416666666666666 0.025
8 0.34036458333333336 0.20555555555555555 0.0265625 0.016666666666666666
8 0.94765625 0.7263888888888889 0.10052083333333334 0.1175925925925926
4 0.8020833333333334 0.49027777777777776 0.011458333333333333 0.021296296296296296
1 0.8375 0.5106481481481482 0.0125 0.03981481481481482
1 0.8158854166666667 0.47638888888888886 0.009895833333333333 0.03796296296296296
8 0.8471354166666667 0.5296296296296297 0.12760416666666666 0.1814814814814815
8 0.7880208333333333 0.37824074074074077 0.04895833333333333 0.03981481481481482
8 0.97265625 0.34074074074074073 0.0546875 0.040740740740740744
8 0.9395833333333333 0.31805555555555554 0.034375 0.03425925925925926
8 0.9411458333333333 0.32731481481481484 0.03229166666666667 0.028703703703703703
7 0.7408854166666666 0.3425925925925926 0.0171875 0.02962962962962963
7 0.73671875 0.4962962962962963 0.0390625 0.044444444444444446
7 0.7447916666666666 0.5083333333333333 0.046875 0.040740740740740744
6 0.7567708333333333 0.5305555555555556 0.04895833333333333 0.03518518518518519
6 0.7638020833333333 0.5467592592592593 0.0421875 0.032407407407407406
7 0.69453125 0.38981481481481484 0.043229166666666666 0.03888888888888889
7 0.6786458333333333 0.4023148148148148 0.028125 0.030555555555555555
6 0.71484375 0.4185185185185185 0.0296875 0.025925925925925925
6 0.72265625 0.2949074074074074 0.025520833333333333 0.021296296296296296
6 0.7450520833333333 0.2916666666666667 0.027604166666666666 0.014814814814814815
6 0.74140625 0.2884259259259259 0.027604166666666666 0.017592592592592594
8 0.7106770833333333 0.2675925925925926 0.024479166666666666 0.022222222222222223