6 0.6772058823529412 0.9647058823529412 0.04264705882352941 0.07058823529411765
7 0.6588235294117647 0.8960784313725491 0.039705882352941174 0.07973856209150326
6 0.6202205882352941 0.7947712418300653 0.030147058823529412 0.044444444444444446
6 0.5029411764705882 0.8130718954248366 0.027941176470588237 0.06535947712418301
6 0.6698529411764705 0.703921568627451 0.026470588235294117 0.043137254901960784
7 0.6610294117647059 0.6699346405228758 0.01911764705882353 0.040522875816993466
8 0.5408088235294117 0.7091503267973857 0.022794117647058822 0.0457516339869281
6 0.44191176470588234 0.7320261437908496 0.023529411764705882 0.047058823529411764
6 0.49301470588235297 0.6633986928104575 0.01838235294117647 0.03529411764705882
6 0.44338235294117645 0.692156862745098 0.020588235294117647 0.03790849673202614
6 0.45330882352941176 0.626797385620915 0.021323529411764706 0.032679738562091505
2 0.48051470588235295 0.6326797385620915 0.006617647058823529 0.02091503267973856
4 0.4808823529411765 0.6261437908496732 0.007352941176470588 0.018300653594771243
2 0.45955882352941174 0.5797385620915033 0.0058823529411764705 0.0196078431372549
2 0.4985294117647059 0.5888888888888889 0.007352941176470588 0.0196078431372549
2 0.4963235294117647 0.538562091503268 0.007352941176470588 0.01568627450980392
2 0.5136029411764705 0.5398692810457516 0.008088235294117648 0.013071895424836602
2 0.5349264705882353 0.5549019607843138 0.006617647058823529 0.01699346405228758
2 0.5231617647058824 0.5405228758169934 0.006617647058823529 0.01699346405228758
2 0.5194852941176471 0.5339869281045752 0.008088235294117648 0.011764705882352941
2 0.5308823529411765 0.5294117647058824 0.008823529411764706 0.01045751633986928
2 0.5599264705882353 0.5202614379084968 0.011029411764705883 0.01568627450980392
4 0.4591911764705882 0.5718954248366013 0.006617647058823529 0.011764705882352941
4 0.49816176470588236 0.5816993464052288 0.008088235294117648 0.01568627450980392
4 0.4963235294117647 0.5326797385620915 0.007352941176470588 0.01437908496732026
4 0.5143382352941176 0.5359477124183006 0.006617647058823529 0.01045751633986928
4 0.5191176470588236 0.5287581699346405 0.0058823529411764705 0.01437908496732026
4 0.5227941176470589 0.5372549019607843 0.0058823529411764705 0.013071895424836602
4 0.5341911764705882 0.5483660130718955 0.006617647058823529 0.011764705882352941
4 0.5305147058823529 0.5215686274509804 0.006617647058823529 0.01568627450980392
4 0.5599264705882353 0.515032679738562 0.005147058823529412 0.013071895424836602
6 0.5272058823529412 0.5052287581699346 0.022058823529411766 0.0196078431372549
4 0.5305147058823529 0.4947712418300654 0.005147058823529412 0.01437908496732026
6 0.47573529411764703 0.5633986928104575 0.01764705882352941 0.026143790849673203
1 0.6198529411764706 0.5993464052287582 0.0058823529411764705 0.0196078431372549
7 0.7047794117647059 0.5856209150326798 0.019852941176470587 0.026143790849673203
7 0.6952205882352941 0.5562091503267974 0.01838235294117647 0.02483660130718954
6 0.6654411764705882 0.5568627450980392 0.01911764705882353 0.023529411764705882
1 0.7077205882352942 0.5627450980392157 0.008088235294117648 0.0196078431372549
6 0.7161764705882353 0.5562091503267974 0.01764705882352941 0.0196078431372549
6 0.6783088235294118 0.5405228758169934 0.028676470588235293 0.022222222222222223
1 0.6231617647058824 0.550326797385621 0.005147058823529412 0.02091503267973856
6 0.6198529411764706 0.5071895424836601 0.025 0.018300653594771243
6 0.6323529411764706 0.5045751633986928 0.01764705882352941 0.01568627450980392
6 0.6591911764705882 0.5130718954248366 0.02426470588235294 0.01699346405228758
6 0.6621323529411764 0.5078431372549019 0.025735294117647058 0.01437908496732026
6 0.6988970588235294 0.515686274509804 0.028676470588235293 0.01699346405228758
7 0.69375 0.5071895424836601 0.027205882352941177 0.02091503267973856
6 0.7022058823529411 0.47516339869281043 0.01764705882352941 0.01699346405228758
11 0.6676470588235294 0.47908496732026146 0.029411764705882353 0.022222222222222223
6 0.6077205882352941 0.47843137254901963 0.021323529411764706 0.01568627450980392
6 0.6198529411764706 0.4588235294117647 0.020588235294117647 0.01568627450980392
6 0.6136029411764706 0.4562091503267974 0.016911764705882352 0.01568627450980392
6 0.5871323529411765 0.47124183006535947 0.021323529411764706 0.01699346405228758
6 0.5841911764705883 0.4666666666666667 0.019852941176470587 0.01568627450980392
6 0.30367647058823527 0.9699346405228758 0.041176470588235294 0.06013071895424837
6 0.3150735294117647 0.9084967320261438 0.03602941176470588 0.07058823529411765
6 0.3297794117647059 0.8320261437908497 0.028676470588235293 0.050980392156862744
2 0.33897058823529413 0.8026143790849674 0.020588235294117647 0.026143790849673203
6 0.3639705882352941 0.7352941176470589 0.03823529411764706 0.040522875816993466
7 0.3875 0.6542483660130719 0.01911764705882353 0.03790849673202614
6 0.3588235294117647 0.6228758169934641 0.033823529411764704 0.027450980392156862
6 0.3613970588235294 0.6071895424836601 0.03897058823529412 0.027450980392156862
6 0.3636029411764706 0.5928104575163399 0.03897058823529412 0.02483660130718954
6 0.37022058823529413 0.5843137254901961 0.03602941176470588 0.023529411764705882
6 0.3775735294117647 0.5725490196078431 0.021323529411764706 0.02091503267973856
6 0.3636029411764706 0.5575163398692811 0.03161764705882353 0.02483660130718954
7 0.3492647058823529 0.5424836601307189 0.03235294117647059 0.03398692810457516
7 0.35625 0.5411764705882353 0.02426470588235294 0.02875816993464052
5 0.2761029411764706 0.8490196078431372 0.01838235294117647 0.032679738562091505
4 0.1922794117647059 0.9209150326797385 0.015441176470588236 0.03529411764705882
0 0.19595588235294117 0.8803921568627451 0.02426470588235294 0.0457516339869281
1 0.22794117647058823 0.8823529411764706 0.010294117647058823 0.036601307189542485
2 0.24816176470588236 0.8555555555555555 0.02426470588235294 0.040522875816993466
8 0.33639705882352944 0.5006535947712418 0.030147058823529412 0.02875816993464052
11 0.33933823529411766 0.47843137254901963 0.04044117647058824 0.03137254901960784
6 0.45441176470588235 0.44052287581699345 0.008823529411764706 0.01568627450980392
6 0.4128676470588235 0.5359477124183006 0.02426470588235294 0.02091503267973856
5 0.38933823529411765 0.526797385620915 0.009558823529411765 0.01568627450980392
4 0.3889705882352941 0.5215686274509804 0.004411764705882353 0.018300653594771243
1 0.42867647058823527 0.48169934640522877 0.0058823529411764705 0.0196078431372549
7 0.5485294117647059 0.44248366013071894 0.014705882352941176 0.01437908496732026
6 0.48713235294117646 0.3934640522875817 0.008088235294117648 0.013071895424836602
6 0.4919117647058823 0.3718954248366013 0.0058823529411764705 0.011764705882352941
6 0.5327205882352941 0.4287581699346405 0.0125 0.01568627450980392
6 0.5275735294117647 0.41241830065359475 0.013970588235294118 0.011764705882352941
0 0.5147058823529411 0.3633986928104575 0.039705882352941174 0.08366013071895424
0 0.4536764705882353 0.37450980392156863 0.045588235294117645 0.10065359477124183
8 0.48419117647058824 0.3464052287581699 0.011029411764705883 0.01568627450980392