8 0.29401041666666666 0.8898148148148148 0.1046875 0.2
6 0.44088541666666664 0.7861111111111111 0.04635416666666667 0.11851851851851852
8 0.3453125 0.7111111111111111 0.075 0.13703703703703704
6 0.54296875 0.6791666666666667 0.04010416666666667 0.075
6 0.40651041666666665 0.48518518518518516 0.0265625 0.04259259259259259
8 0.4127604166666667 0.4412037037037037 0.030729166666666665 0.058333333333333334
8 0.43203125 0.350462962962963 0.022395833333333334 0.058333333333333334
9 0.46067708333333335 0.34953703703703703 0.0078125 0.023148148148148147
4 0.46015625 0.3509259259259259 0.005729166666666666 0.014814814814814815
6 0.45807291666666666 0.29398148148148145 0.013020833333333334 0.017592592592592594
6 0.49166666666666664 0.2884259259259259 0.011458333333333333 0.01574074074074074
8 0.4622395833333333 0.26944444444444443 0.013020833333333334 0.027777777777777776
1 0.50859375 0.31805555555555554 0.0036458333333333334 0.019444444444444445
9 0.50234375 0.3013888888888889 0.0067708333333333336 0.013888888888888888
4 0.5020833333333333 0.29907407407407405 0.003125 0.011111111111111112
6 0.09869791666666666 0.4273148148148148 0.0515625 0.04351851851851852
3 0.20286458333333332 0.3398148148148148 0.043229166666666666 0.06481481481481481
7 0.25755208333333335 0.3384259259259259 0.019270833333333334 0.030555555555555555
3 0.18697916666666667 0.25787037037037036 0.03125 0.032407407407407406
8 0.46588541666666666 0.26064814814814813 0.015104166666666667 0.023148148148148147
5 0.5028645833333333 0.24814814814814815 0.0026041666666666665 0.009259259259259259
4 0.503125 0.24583333333333332 0.0020833333333333333 0.010185185185185186
2 0.4713541666666667 0.23564814814814813 0.003125 0.008333333333333333
4 0.47161458333333334 0.23333333333333334 0.0026041666666666665 0.011111111111111112
6 0.49505208333333334 0.22824074074074074 0.009895833333333333 0.010185185185185186
6 0.50390625 0.225 0.0109375 0.011111111111111112
6 0.48854166666666665 0.22407407407407406 0.014583333333333334 0.009259259259259259
6 0.47213541666666664 0.22453703703703703 0.0140625 0.010185185185185186
6 0.5359375 0.22546296296296298 0.013541666666666667 0.010185185185185186
6 0.5572916666666666 0.225 0.014583333333333334 0.009259259259259259
7 0.5484375 0.2162037037037037 0.007291666666666667 0.012037037037037037
7 0.39453125 0.2865740740740741 0.0265625 0.021296296296296296
7 0.3734375 0.3013888888888889 0.028125 0.021296296296296296
6 0.39557291666666666 0.30277777777777776 0.025520833333333333 0.024074074074074074
1 0.55078125 0.23981481481481481 0.0026041666666666665 0.011111111111111112
1 0.5533854166666666 0.23981481481481481 0.0015625 0.011111111111111112
1 0.5544270833333333 0.23981481481481481 0.0026041666666666665 0.011111111111111112