0 0.44427083333333334 0.06111111111111111 0.078125 0.12222222222222222
6 0.4973958333333333 0.7759259259259259 0.036458333333333336 0.1111111111111111
6 0.5364583333333334 0.6935185185185185 0.03333333333333333 0.08703703703703704
6 0.5052083333333334 0.4981481481481482 0.022916666666666665 0.05185185185185185
6 0.475 0.43148148148148147 0.022916666666666665 0.044444444444444446
6 0.41302083333333334 0.3435185185185185 0.017708333333333333 0.04259259259259259
6 0.4109375 0.28055555555555556 0.015625 0.03148148148148148
6 0.49895833333333334 0.33425925925925926 0.01875 0.03148148148148148
6 0.521875 0.35 0.01875 0.037037037037037035
6 0.5473958333333333 0.40925925925925927 0.021875 0.040740740740740744
6 0.6005208333333333 0.5555555555555556 0.034375 0.05555555555555555
6 0.49114583333333334 0.25555555555555554 0.017708333333333333 0.03333333333333333
6 0.40572916666666664 0.24537037037037038 0.017708333333333333 0.024074074074074074
6 0.2994791666666667 0.475 0.051041666666666666 0.03888888888888889
8 0.6619791666666667 0.6148148148148148 0.078125 0.08518518518518518
1 0.6041666666666666 0.6324074074074074 0.01875 0.046296296296296294
1 0.36666666666666664 0.4305555555555556 0.014583333333333334 0.03148148148148148
6 0.24479166666666666 0.5935185185185186 0.04375 0.09074074074074075
6 0.3255208333333333 0.2212962962962963 0.023958333333333335 0.027777777777777776
6 0.3578125 0.21296296296296297 0.026041666666666668 0.022222222222222223
6 0.3640625 0.22592592592592592 0.026041666666666668 0.022222222222222223
6 0.40677083333333336 0.2037037037037037 0.026041666666666668 0.022222222222222223
7 0.45416666666666666 0.18055555555555555 0.025 0.027777777777777776
4 0.41354166666666664 0.15 0.00625 0.007407407407407408
4 0.3890625 0.39537037037037037 0.009375 0.020370370370370372
4 0.5119791666666667 0.2777777777777778 0.007291666666666667 0.007407407407407408
4 0.4359375 0.24722222222222223 0.007291666666666667 0.009259259259259259
1 0.5322916666666667 0.30648148148148147 0.00625 0.016666666666666666
1 0.5322916666666667 0.29444444444444445 0.008333333333333333 0.025925925925925925
4 0.29739583333333336 0.28888888888888886 0.007291666666666667 0.014814814814814815
4 0.3 0.2851851851851852 0.00625 0.014814814814814815
1 0.29010416666666666 0.4861111111111111 0.015625 0.03148148148148148
5 0.38958333333333334 0.4111111111111111 0.0125 0.022222222222222223
1 0.5609375 0.4074074074074074 0.007291666666666667 0.02962962962962963
2 0.4359375 0.25833333333333336 0.011458333333333333 0.020370370370370372
2 0.5125 0.287962962962963 0.010416666666666666 0.012962962962962963
2 0.4125 0.15555555555555556 0.008333333333333333 0.011111111111111112
6 0.8151041666666666 0.812037037037037 0.057291666666666664 0.13518518518518519
6 0.6130208333333333 0.17407407407407408 0.021875 0.018518518518518517
6 0.6328125 0.16111111111111112 0.021875 0.018518518518518517
6 0.5901041666666667 0.16111111111111112 0.021875 0.018518518518518517
2 0.5885416666666666 0.17037037037037037 0.016666666666666666 0.018518518518518517