8 0.5473958333333333 0.6083333333333333 0.05520833333333333 0.10185185185185185
8 0.4578125 0.3925925925925926 0.053125 0.1111111111111111
6 0.37135416666666665 0.26296296296296295 0.013541666666666667 0.018518518518518517
6 0.39427083333333335 0.2537037037037037 0.013541666666666667 0.018518518518518517
2 0.8072916666666666 0.7518518518518519 0.020833333333333332 0.05185185185185185
4 0.8083333333333333 0.7472222222222222 0.010416666666666666 0.04259259259259259
0 0.8453125 0.7638888888888888 0.023958333333333335 0.053703703703703705
2 0.65625 0.7333333333333333 0.014583333333333334 0.037037037037037035
4 0.65625 0.7203703703703703 0.010416666666666666 0.02962962962962963
4 0.6572916666666667 0.7305555555555555 0.014583333333333334 0.03148148148148148
0 0.31927083333333334 0.42962962962962964 0.011458333333333333 0.02962962962962963
1 0.6984375 0.28888888888888886 0.003125 0.018518518518518517
0 0.6348958333333333 0.23333333333333334 0.005208333333333333 0.014814814814814815
0 0.70625 0.29444444444444445 0.008333333333333333 0.018518518518518517
8 0.371875 0.1925925925925926 0.0125 0.025925925925925925
6 0.359375 0.16574074074074074 0.010416666666666666 0.012962962962962963
0 0.39427083333333335 0.20925925925925926 0.005208333333333333 0.014814814814814815
8 0.3541666666666667 0.19907407407407407 0.01875 0.04259259259259259
8 0.34375 0.1712962962962963 0.014583333333333334 0.03148148148148148
0 0.3416666666666667 0.06759259259259259 0.022916666666666665 0.027777777777777776
0 0.3375 0.11574074074074074 0.029166666666666667 0.03148148148148148
7 0.3182291666666667 0.13240740740740742 0.005208333333333333 0.009259259259259259
0 0.37083333333333335 0.06944444444444445 0.014583333333333334 0.016666666666666666
0 0.30625 0.09907407407407408 0.03333333333333333 0.053703703703703705
6 0.30885416666666665 0.13703703703703704 0.007291666666666667 0.011111111111111112
0 0.3125 0.1425925925925926 0.00625 0.011111111111111112
0 0.2947916666666667 0.14907407407407408 0.010416666666666666 0.03518518518518519
0 0.3020833333333333 0.17222222222222222 0.020833333333333332 0.03333333333333333
0 0.24375 0.12129629629629629 0.014583333333333334 0.027777777777777776
0 0.0703125 0.14074074074074075 0.140625 0.07777777777777778
0 0.2984375 0.24166666666666667 0.009375 0.016666666666666666
6 0.3026041666666667 0.2675925925925926 0.011458333333333333 0.016666666666666666
6 0.303125 0.2824074074074074 0.0125 0.016666666666666666
6 0.30416666666666664 0.30185185185185187 0.014583333333333334 0.022222222222222223
6 0.30625 0.31666666666666665 0.014583333333333334 0.022222222222222223
0 0.3171875 0.26481481481481484 0.017708333333333333 0.05925925925925926
1 0.9869791666666666 0.9342592592592592 0.015625 0.06851851851851852