0 0.8119791666666667 0.3592592592592593 0.036458333333333336 0.05555555555555555
0 0.8192708333333333 0.4675925925925926 0.034375 0.05740740740740741
1 0.8005208333333333 0.44907407407407407 0.015625 0.046296296296296294
6 0.8171875 0.7601851851851852 0.06354166666666666 0.1537037037037037
2 0.9307291666666667 0.6314814814814815 0.036458333333333336 0.06296296296296296
5 0.7828125 0.34814814814814815 0.011458333333333333 0.03333333333333333
0 0.7875 0.29907407407407405 0.022916666666666665 0.046296296296296294
6 0.6369791666666667 0.04722222222222222 0.019791666666666666 0.03518518518518519
2 0.6489583333333333 0.01574074074074074 0.0125 0.024074074074074074
6 0.634375 0.007407407407407408 0.014583333333333334 0.014814814814814815
6 0.5765625 0.09444444444444444 0.015625 0.02962962962962963
7 0.5369791666666667 0.04814814814814815 0.013541666666666667 0.02962962962962963
6 0.6046875 0.32222222222222224 0.026041666666666668 0.05185185185185185
4 0.5708333333333333 0.3111111111111111 0.008333333333333333 0.037037037037037035
5 0.5697916666666667 0.3175925925925926 0.008333333333333333 0.03148148148148148
6 0.6822916666666666 0.9407407407407408 0.058333333333333334 0.11851851851851852
9 0.12291666666666666 0.8851851851851852 0.052083333333333336 0.10740740740740741
6 0.28020833333333334 0.6898148148148148 0.0625 0.12777777777777777
9 0.18645833333333334 0.8527777777777777 0.05625 0.12407407407407407
9 0.21666666666666667 0.7472222222222222 0.05 0.10925925925925926
9 0.24427083333333333 0.6703703703703704 0.046875 0.0962962962962963
7 0.14895833333333333 0.9611111111111111 0.06875 0.07777777777777778
1 0.5677083333333334 0.05740740740740741 0.00625 0.022222222222222223
0 0.4375 0.040740740740740744 0.03125 0.05555555555555555
10 0.4244791666666667 0.08333333333333333 0.011458333333333333 0.02962962962962963
2 0.4166666666666667 0.11574074074074074 0.008333333333333333 0.024074074074074074
0 0.4578125 0.1259259259259259 0.009375 0.03333333333333333
1 0.44947916666666665 0.19537037037037036 0.007291666666666667 0.024074074074074074
2 0.44895833333333335 0.20185185185185187 0.008333333333333333 0.025925925925925925
6 0.47760416666666666 0.20833333333333334 0.021875 0.046296296296296294
4 0.4244791666666667 0.24814814814814815 0.009375 0.025925925925925925
9 0.4270833333333333 0.2537037037037037 0.014583333333333334 0.037037037037037035
4 0.428125 0.2851851851851852 0.008333333333333333 0.02962962962962963
4 0.43020833333333336 0.28055555555555556 0.00625 0.024074074074074074
2 0.42916666666666664 0.29259259259259257 0.010416666666666666 0.02962962962962963
6 0.38385416666666666 0.24074074074074073 0.021875 0.04814814814814815
0 0.33125 0.062037037037037036 0.08125 0.09074074074074075
9 0.28177083333333336 0.14537037037037037 0.028125 0.027777777777777776
9 0.2838541666666667 0.13796296296296295 0.030208333333333334 0.024074074074074074
9 0.26197916666666665 0.13703703703703704 0.015625 0.025925925925925925
6 0.3046875 0.21296296296296297 0.051041666666666666 0.037037037037037035
6 0.29375 0.25277777777777777 0.05625 0.03888888888888889
6 0.2796875 0.2814814814814815 0.053125 0.040740740740740744
6 0.30104166666666665 0.5009259259259259 0.03333333333333333 0.07592592592592592
10 0.31666666666666665 0.4546296296296296 0.027083333333333334 0.06481481481481481
0 0.3734375 0.387037037037037 0.013541666666666667 0.040740740740740744
6 0.3453125 0.3972222222222222 0.028125 0.06111111111111111
1 0.34375 0.42685185185185187 0.014583333333333334 0.03888888888888889
1 0.35208333333333336 0.4148148148148148 0.0125 0.040740740740740744
0 0.19791666666666666 0.2824074074074074 0.020833333333333332 0.03518518518518519
9 0.15885416666666666 0.34629629629629627 0.053125 0.040740740740740744
9 0.15364583333333334 0.36574074074074076 0.046875 0.03888888888888889
9 0.14739583333333334 0.38333333333333336 0.04895833333333333 0.037037037037037035
0 0.13854166666666667 0.45555555555555555 0.027083333333333334 0.044444444444444446
9 0.0578125 0.5259259259259259 0.057291666666666664 0.044444444444444446
9 0.065625 0.4962962962962963 0.05625 0.05185185185185185
9 0.07604166666666666 0.4722222222222222 0.06041666666666667 0.05185185185185185
9 0.10260416666666666 0.4324074074074074 0.065625 0.046296296296296294
9 0.12291666666666666 0.4185185185185185 0.04375 0.044444444444444446
9 0.1484375 0.4351851851851852 0.040625 0.05185185185185185
9 0.01875 0.950925925925926 0.0375 0.06481481481481481
9 0.028645833333333332 0.9046296296296297 0.057291666666666664 0.06481481481481481
9 0.0375 0.8648148148148148 0.075 0.05925925925925926
9 0.05520833333333333 0.8287037037037037 0.075 0.05740740740740741
5 0.0734375 0.7898148148148149 0.07604166666666666 0.05
9 0.0890625 0.7537037037037037 0.071875 0.05185185185185185
9 0.025 0.637962962962963 0.05 0.06851851851851852
9 0.016145833333333335 0.6851851851851852 0.03229166666666667 0.044444444444444446
6 0.4942708333333333 0.5666666666666667 0.03854166666666667 0.1037037037037037
0 0.25416666666666665 0.375 0.0375 0.03518518518518519