1 0.2643229166666667 0.7305555555555555 0.021354166666666667 0.13703703703703704
1 0.14348958333333334 0.7847222222222222 0.044270833333333336 0.18055555555555555
1 0.08046875 0.8273148148148148 0.0578125 0.2175925925925926
6 0.62421875 0.8296296296296296 0.11510416666666666 0.19074074074074074
6 0.47213541666666664 0.8055555555555556 0.12239583333333333 0.18518518518518517
6 0.4942708333333333 0.7055555555555556 0.07916666666666666 0.11296296296296296
6 0.6104166666666667 0.7208333333333333 0.06875 0.11574074074074074
6 0.4669270833333333 0.6106481481481482 0.0984375 0.06018518518518518
6 0.5739583333333333 0.6027777777777777 0.09270833333333334 0.05
6 0.6098958333333333 0.6217592592592592 0.115625 0.05648148148148148
6 0.71875 0.6 0.090625 0.07222222222222222
6 0.7911458333333333 0.6365740740740741 0.09895833333333333 0.06018518518518518
6 0.6520833333333333 0.5703703703703704 0.028125 0.044444444444444446
7 0.64375 0.5546296296296296 0.023958333333333335 0.03888888888888889
7 0.5575520833333333 0.549537037037037 0.0203125 0.032407407407407406
6 0.6208333333333333 0.5370370370370371 0.017708333333333333 0.022222222222222223
0 0.57890625 0.5337962962962963 0.0203125 0.03796296296296296
0 0.603125 0.5097222222222222 0.021875 0.03611111111111111
2 0.60703125 0.5611111111111111 0.009895833333333333 0.024074074074074074
1 0.6067708333333334 0.5523148148148148 0.007291666666666667 0.025
4 0.7791666666666667 0.9208333333333333 0.0625 0.15833333333333333
1 0.8338541666666667 0.8328703703703704 0.03333333333333333 0.17685185185185184
5 0.8989583333333333 0.8537037037037037 0.040625 0.13148148148148148
5 0.8239583333333333 0.6791666666666667 0.034375 0.04722222222222222
1 0.8213541666666667 0.6537037037037037 0.016666666666666666 0.06296296296296296
5 0.759375 0.6962962962962963 0.025 0.06481481481481481
1 0.759375 0.6694444444444444 0.017708333333333333 0.07592592592592592
2 0.7265625 0.7162037037037037 0.03125 0.049074074074074076
1 0.71875 0.6921296296296297 0.019791666666666666 0.06759259259259259
1 0.7276041666666667 0.675 0.016666666666666666 0.06666666666666667
2 0.6963541666666667 0.6990740740740741 0.023958333333333335 0.06111111111111111
1 0.6950520833333333 0.6805555555555556 0.027604166666666666 0.08703703703703704
5 0.6661458333333333 0.7064814814814815 0.023958333333333335 0.06296296296296296
1 0.66484375 0.6884259259259259 0.025520833333333333 0.08981481481481482
1 0.5893229166666667 0.6351851851851852 0.0234375 0.07777777777777778
1 0.590625 0.6439814814814815 0.020833333333333332 0.058333333333333334
1 0.6903645833333333 0.6328703703703704 0.0171875 0.058333333333333334
1 0.6765625 0.6226851851851852 0.015625 0.049074074074074076
1 0.8244791666666667 0.6027777777777777 0.013541666666666667 0.04259259259259259
1 0.6927083333333334 0.5662037037037037 0.008333333333333333 0.03611111111111111
1 0.5065104166666666 0.6157407407407407 0.016145833333333335 0.07222222222222222
1 0.53125 0.6208333333333333 0.020833333333333332 0.0824074074074074
5 0.44192708333333336 0.6421296296296296 0.013020833333333334 0.05092592592592592
1 0.4908854166666667 0.5717592592592593 0.0109375 0.032407407407407406
1 0.5265625 0.575 0.011458333333333333 0.04259259259259259
2 0.5268229166666667 0.5875 0.016145833333333335 0.030555555555555555
1 0.5424479166666667 0.5773148148148148 0.0109375 0.032407407407407406
5 0.5411458333333333 0.5842592592592593 0.010416666666666666 0.024074074074074074
1 0.5377604166666666 0.5611111111111111 0.0078125 0.027777777777777776
5 0.53828125 0.5685185185185185 0.0140625 0.020370370370370372
1 0.6247395833333333 0.5907407407407408 0.009895833333333333 0.046296296296296294
0 0.39791666666666664 0.586574074074074 0.046875 0.0787037037037037
6 0.434375 0.5912037037037037 0.07083333333333333 0.04351851851851852