1 0.4578125 0.7833333333333333 0.034375 0.17777777777777778
1 0.4973958333333333 0.7768518518518519 0.03854166666666667 0.1648148148148148
1 0.46510416666666665 0.5972222222222222 0.030208333333333334 0.1388888888888889
1 0.4953125 0.6324074074074074 0.03229166666666667 0.1425925925925926
1 0.5005208333333333 0.524074074074074 0.023958333333333335 0.1111111111111111
1 0.44375 0.43796296296296294 0.016666666666666666 0.06481481481481481
1 0.4583333333333333 0.43796296296296294 0.016666666666666666 0.06851851851851852
1 0.4421875 0.30925925925925923 0.013541666666666667 0.037037037037037035
0 0.3067708333333333 0.23425925925925925 0.11145833333333334 0.03888888888888889
0 0.7416666666666667 0.24259259259259258 0.13125 0.037037037037037035
1 0.4239583333333333 0.30462962962962964 0.0125 0.03518518518518519
0 0.044270833333333336 0.2324074074074074 0.08645833333333333 0.04259259259259259