6 0.3182291666666667 0.6453703703703704 0.057291666666666664 0.06481481481481481
6 0.1546875 0.924074074074074 0.05520833333333333 0.15185185185185185
6 0.2708333333333333 0.9277777777777778 0.08125 0.14444444444444443
6 0.1625 0.5527777777777778 0.029166666666666667 0.06111111111111111
6 0.23802083333333332 0.5046296296296297 0.026041666666666668 0.046296296296296294
6 0.10364583333333334 0.4564814814814815 0.026041666666666668 0.05
6 0.35833333333333334 0.5425925925925926 0.03125 0.05185185185185185
6 0.36666666666666664 0.6064814814814815 0.035416666666666666 0.06111111111111111
6 0.3380208333333333 0.48055555555555557 0.026041666666666668 0.03888888888888889
6 0.2359375 0.3648148148148148 0.017708333333333333 0.02962962962962963
6 0.2557291666666667 0.3453703703703704 0.017708333333333333 0.027777777777777776
6 0.22708333333333333 0.3333333333333333 0.01875 0.025925925925925925
6 0.1375 0.362962962962963 0.01875 0.02962962962962963
6 0.18958333333333333 0.28888888888888886 0.014583333333333334 0.022222222222222223
6 0.1890625 0.24166666666666667 0.011458333333333333 0.016666666666666666
6 0.17083333333333334 0.2462962962962963 0.0125 0.014814814814814815
6 0.15625 0.25555555555555554 0.0125 0.014814814814814815
7 0.21875 0.25833333333333336 0.0125 0.020370370370370372
6 0.26927083333333335 0.27037037037037037 0.013541666666666667 0.014814814814814815
6 0.2604166666666667 0.2518518518518518 0.0125 0.018518518518518517
0 0.209375 0.13518518518518519 0.0875 0.13333333333333333
6 0.11145833333333334 0.425 0.022916666666666665 0.03148148148148148
6 0.11875 0.38425925925925924 0.01875 0.027777777777777776
6 0.13541666666666666 0.3425925925925926 0.020833333333333332 0.022222222222222223
6 0.13802083333333334 0.32407407407407407 0.021875 0.025925925925925925
8 0.1390625 0.30277777777777776 0.015625 0.027777777777777776
6 0.14895833333333333 0.29074074074074074 0.016666666666666666 0.022222222222222223
6 0.14791666666666667 0.28055555555555556 0.010416666666666666 0.020370370370370372
6 0.15364583333333334 0.2490740740740741 0.011458333333333333 0.020370370370370372
6 0.15625 0.24259259259259258 0.010416666666666666 0.018518518518518517
6 0.159375 0.225 0.010416666666666666 0.012962962962962963
6 0.19427083333333334 0.23055555555555557 0.009375 0.012962962962962963
6 0.19635416666666666 0.21851851851851853 0.009375 0.014814814814814815
6 0.19479166666666667 0.2101851851851852 0.008333333333333333 0.012962962962962963
6 0.23072916666666668 0.21296296296296297 0.011458333333333333 0.014814814814814815
6 0.24635416666666668 0.20925925925925926 0.009375 0.011111111111111112
7 0.2552083333333333 0.23148148148148148 0.008333333333333333 0.018518518518518517
6 0.275 0.2861111111111111 0.0125 0.016666666666666666
6 0.2796875 0.2972222222222222 0.015625 0.020370370370370372
6 0.2869791666666667 0.3148148148148148 0.013541666666666667 0.022222222222222223
7 0.29635416666666664 0.3574074074074074 0.019791666666666666 0.02962962962962963
6 0.30364583333333334 0.387037037037037 0.019791666666666666 0.02962962962962963
7 0.3203125 0.42777777777777776 0.023958333333333335 0.040740740740740744
1 0.04895833333333333 0.6046296296296296 0.0125 0.046296296296296294
1 0.0484375 0.4638888888888889 0.011458333333333333 0.04259259259259259
1 0.028645833333333332 0.5111111111111111 0.009375 0.037037037037037035
1 0.5458333333333333 0.6175925925925926 0.008333333333333333 0.046296296296296294
1 0.5635416666666667 0.6083333333333333 0.008333333333333333 0.046296296296296294
5 0.5057291666666667 0.5203703703703704 0.015625 0.02962962962962963
4 0.022395833333333334 0.8277777777777777 0.015625 0.037037037037037035
4 0.0828125 0.6 0.013541666666666667 0.03333333333333333
4 0.31302083333333336 0.5148148148148148 0.009375 0.03333333333333333
4 0.26145833333333335 0.39351851851851855 0.008333333333333333 0.016666666666666666
4 0.2 0.31296296296296294 0.00625 0.014814814814814815
4 0.17604166666666668 0.26481481481481484 0.004166666666666667 0.011111111111111112
4 0.18177083333333333 0.21944444444444444 0.003125 0.009259259259259259
4 0.20885416666666667 0.20925925925925926 0.005208333333333333 0.007407407407407408
4 0.240625 0.21481481481481482 0.004166666666666667 0.007407407407407408
4 0.2328125 0.24814814814814815 0.003125 0.007407407407407408
2 0.20104166666666667 0.32037037037037036 0.00625 0.018518518518518517
2 0.17708333333333334 0.27314814814814814 0.008333333333333333 0.009259259259259259
2 0.26145833333333335 0.4 0.008333333333333333 0.018518518518518517
2 0.08489583333333334 0.6175925925925926 0.017708333333333333 0.03518518518518519
9 0.23385416666666667 0.2564814814814815 0.007291666666666667 0.016666666666666666
2 0.24166666666666667 0.21944444444444444 0.004166666666666667 0.009259259259259259
2 0.18385416666666668 0.22592592592592592 0.005208333333333333 0.007407407407407408
9 0.21041666666666667 0.21574074074074073 0.00625 0.012962962962962963
5 0.3151041666666667 0.5305555555555556 0.007291666666666667 0.024074074074074074
1 0.6109375 0.5842592592592593 0.007291666666666667 0.03888888888888889
1 0.6255208333333333 0.5805555555555556 0.007291666666666667 0.03888888888888889
4 0.640625 0.6231481481481481 0.008333333333333333 0.03148148148148148
2 0.6395833333333333 0.6305555555555555 0.027083333333333334 0.027777777777777776
7 0.7010416666666667 0.6851851851851852 0.06458333333333334 0.06666666666666667
6 0.6020833333333333 0.6824074074074075 0.07083333333333333 0.053703703703703705
6 0.013541666666666667 0.6027777777777777 0.027083333333333334 0.03148148148148148
6 0.011458333333333333 0.5555555555555556 0.022916666666666665 0.03333333333333333
1 0.004166666666666667 0.42314814814814816 0.008333333333333333 0.03148148148148148
6 0.28229166666666666 0.23055555555555557 0.025 0.020370370370370372
6 0.27447916666666666 0.20277777777777778 0.019791666666666666 0.016666666666666666