6 0.784375 0.7694444444444445 0.16979166666666667 0.1259259259259259
6 0.9513020833333333 0.7703703703703704 0.09739583333333333 0.1425925925925926
1 0.63828125 0.837037037037037 0.022395833333333334 0.13518518518518519
5 0.55078125 0.7111111111111111 0.016145833333333335 0.05740740740740741
1 0.5575520833333333 0.7027777777777777 0.025520833333333333 0.05740740740740741
5 0.5200520833333333 0.6425925925925926 0.013020833333333334 0.03888888888888889
1 0.5182291666666666 0.6287037037037037 0.013541666666666667 0.053703703703703705
5 0.10572916666666667 0.8125 0.05416666666666667 0.10092592592592593
5 0.16770833333333332 0.7555555555555555 0.028125 0.09074074074074075
6 0.3359375 0.8425925925925926 0.09479166666666666 0.15
6 0.26640625 0.7574074074074074 0.09114583333333333 0.12962962962962962
6 0.390625 0.7402777777777778 0.06666666666666667 0.09722222222222222
6 0.29739583333333336 0.7023148148148148 0.06458333333333334 0.08055555555555556
6 0.39739583333333334 0.6625 0.04479166666666667 0.062037037037037036
6 0.3489583333333333 0.6217592592592592 0.040625 0.05277777777777778
6 0.40989583333333335 0.6050925925925926 0.029166666666666667 0.04722222222222222
6 0.44557291666666665 0.5648148148148148 0.019270833333333334 0.03333333333333333
5 0.28932291666666665 0.6523148148148148 0.033854166666666664 0.04351851851851852
1 0.30494791666666665 0.611574074074074 0.0078125 0.049074074074074076
1 0.30625 0.6060185185185185 0.011458333333333333 0.049074074074074076
1 0.346875 0.5717592592592593 0.00625 0.03796296296296296
1 0.359375 0.5657407407407408 0.00625 0.03518518518518519
6 0.40677083333333336 0.5833333333333334 0.028125 0.04259259259259259
6 0.4140625 0.5652777777777778 0.021875 0.030555555555555555
6 0.41875 0.5555555555555556 0.01875 0.025925925925925925
6 0.42682291666666666 0.538425925925926 0.013020833333333334 0.021296296296296296
6 0.44557291666666665 0.549537037037037 0.015104166666666667 0.021296296296296296
6 0.44088541666666664 0.5430555555555555 0.016145833333333335 0.019444444444444445
6 0.43411458333333336 0.5273148148148148 0.011979166666666667 0.017592592592592594
0 0.45078125 0.5268518518518519 0.009895833333333333 0.011111111111111112
0 0.4596354166666667 0.5398148148148149 0.011979166666666667 0.014814814814814815
7 0.4671875 0.5328703703703703 0.010416666666666666 0.021296296296296296
1 0.4078125 0.5361111111111111 0.004166666666666667 0.022222222222222223
1 0.40390625 0.5365740740740741 0.0046875 0.023148148148148147
0 0.4200520833333333 0.512962962962963 0.013020833333333334 0.025925925925925925
5 0.39479166666666665 0.5560185185185185 0.014583333333333334 0.01574074074074074
1 0.39375 0.5458333333333333 0.00625 0.019444444444444445
2 0.38307291666666665 0.5768518518518518 0.008854166666666666 0.025925925925925925
1 0.38359375 0.5638888888888889 0.0046875 0.020370370370370372
6 0.3697916666666667 0.5458333333333333 0.034375 0.025
0 0.46015625 0.5138888888888888 0.009895833333333333 0.014814814814814815
0 0.43776041666666665 0.49907407407407406 0.011979166666666667 0.022222222222222223
0 0.47760416666666666 0.5625 0.014583333333333334 0.03611111111111111
5 0.24895833333333334 0.6560185185185186 0.017708333333333333 0.04537037037037037