6 0.18345588235294116 0.35228758169934643 0.04191176470588235 0.06928104575163399
6 0.04191176470588235 0.3254901960784314 0.05 0.0784313725490196
7 0.20551470588235293 0.07581699346405228 0.04926470588235294 0.047058823529411764
4 0.16323529411764706 0.049019607843137254 0.007352941176470588 0.0196078431372549
2 0.16397058823529412 0.05816993464052288 0.011764705882352941 0.01699346405228758
4 0.3834558823529412 0.7705882352941177 0.022794117647058822 0.050980392156862744
2 0.3845588235294118 0.8052287581699347 0.020588235294117647 0.06535947712418301
6 0.48455882352941176 0.8928104575163399 0.07205882352941176 0.19607843137254902
6 0.6213235294117647 0.9372549019607843 0.14852941176470588 0.12549019607843137
6 0.5643382352941176 0.5869281045751634 0.0875 0.13594771241830064
6 0.6029411764705882 0.6535947712418301 0.10882352941176471 0.10718954248366012
7 0.6900735294117647 0.6673202614379085 0.07426470588235294 0.16862745098039217
1 0.8202205882352941 0.6784313725490196 0.019852941176470587 0.06797385620915032
6 0.8922794117647059 0.6705882352941176 0.13897058823529412 0.10196078431372549
6 0.7757352941176471 0.5261437908496732 0.10294117647058823 0.07973856209150326
8 0.7716911764705883 0.4169934640522876 0.13161764705882353 0.12549019607843137
6 0.7194852941176471 0.36013071895424836 0.08455882352941177 0.06143790849673202
7 0.4470588235294118 0.6189542483660131 0.04411764705882353 0.11633986928104575
7 0.45992647058823527 0.5143790849673202 0.08161764705882353 0.10326797385620914
1 0.5959558823529412 0.5241830065359477 0.0125 0.05751633986928104
1 0.6529411764705882 0.39215686274509803 0.011764705882352941 0.05228758169934641
4 0.6316176470588235 0.5542483660130719 0.010294117647058823 0.04183006535947712
4 0.6389705882352941 0.5522875816993464 0.010294117647058823 0.043137254901960784
2 0.6389705882352941 0.5751633986928104 0.029411764705882353 0.05228758169934641
7 0.6099264705882353 0.36470588235294116 0.04632352941176471 0.09673202614379085
1 0.6224264705882353 0.2477124183006536 0.011029411764705883 0.0457516339869281
1 0.5992647058823529 0.24901960784313726 0.008823529411764706 0.043137254901960784
1 0.6058823529411764 0.24052287581699347 0.010294117647058823 0.047058823529411764
8 0.49963235294117647 0.3718954248366013 0.17426470588235293 0.1607843137254902
6 0.4797794117647059 0.2673202614379085 0.07573529411764705 0.05359477124183006
6 0.5525735294117647 0.2111111111111111 0.05367647058823529 0.058823529411764705
6 0.5963235294117647 0.18235294117647058 0.058823529411764705 0.048366013071895426
6 0.5691176470588235 0.14248366013071895 0.052941176470588235 0.0392156862745098
1 0.5408088235294117 0.1627450980392157 0.006617647058823529 0.03790849673202614
1 0.49375 0.22483660130718955 0.006617647058823529 0.0392156862745098
6 0.4970588235294118 0.10326797385620914 0.025 0.04183006535947712
6 0.3985294117647059 0.3627450980392157 0.030882352941176472 0.05620915032679739
6 0.34963235294117645 0.28888888888888886 0.028676470588235293 0.05751633986928104
6 0.4025735294117647 0.3058823529411765 0.025735294117647058 0.054901960784313725
6 0.38676470588235295 0.2568627450980392 0.027941176470588237 0.05359477124183006
6 0.36875 0.17908496732026144 0.021323529411764706 0.0392156862745098
6 0.36911764705882355 0.1437908496732026 0.022058823529411766 0.03137254901960784
6 0.47316176470588234 0.00849673202614379 0.03161764705882353 0.01699346405228758