1 0.06507352941176471 0.9156862745098039 0.019852941176470587 0.07712418300653595
1 0.08786764705882352 0.9235294117647059 0.01838235294117647 0.0718954248366013
1 0.12573529411764706 0.8006535947712419 0.01764705882352941 0.05620915032679739
1 0.13897058823529412 0.7993464052287582 0.016176470588235296 0.06666666666666667
2 0.13125 0.9359477124183007 0.03161764705882353 0.06535947712418301
1 0.13125 0.918954248366013 0.027205882352941177 0.08104575163398693
6 0.029411764705882353 0.6830065359477124 0.058823529411764705 0.10326797385620914
6 0.13970588235294118 0.515686274509804 0.039705882352941174 0.050980392156862744
6 0.20183823529411765 0.4241830065359477 0.03455882352941177 0.05359477124183006
6 0.23933823529411766 0.36666666666666664 0.04779411764705882 0.03529411764705882
6 0.2426470588235294 0.3464052287581699 0.022058823529411766 0.0392156862745098
9 0.11102941176470588 0.40588235294117647 0.027941176470588237 0.03790849673202614
4 0.14669117647058824 0.3803921568627451 0.006617647058823529 0.026143790849673203
4 0.15955882352941175 0.38235294117647056 0.007352941176470588 0.02483660130718954
4 0.16544117647058823 0.38562091503267976 0.007352941176470588 0.023529411764705882
4 0.17426470588235293 0.3862745098039216 0.007352941176470588 0.022222222222222223
4 0.16801470588235295 0.37450980392156863 0.006617647058823529 0.0196078431372549
4 0.17683823529411766 0.37450980392156863 0.008088235294117648 0.02483660130718954
4 0.17830882352941177 0.38235294117647056 0.006617647058823529 0.02483660130718954
7 0.27647058823529413 0.3084967320261438 0.023529411764705882 0.04183006535947712
7 0.2849264705882353 0.2934640522875817 0.016911764705882352 0.03790849673202614
2 0.31875 0.3934640522875817 0.006617647058823529 0.02091503267973856
4 0.31875 0.38300653594771245 0.006617647058823529 0.02091503267973856
6 0.3558823529411765 0.29411764705882354 0.020588235294117647 0.02875816993464052
6 0.37941176470588234 0.2326797385620915 0.013235294117647059 0.02091503267973856
5 0.17941176470588235 0.29215686274509806 0.014705882352941176 0.0196078431372549
1 0.22463235294117648 0.2581699346405229 0.006617647058823529 0.02483660130718954
1 0.23933823529411766 0.25555555555555554 0.005147058823529412 0.022222222222222223
4 0.2621323529411765 0.2222222222222222 0.005147058823529412 0.013071895424836602
6 0.27794117647058825 0.21895424836601307 0.016176470588235296 0.0196078431372549
1 0.2959558823529412 0.20588235294117646 0.003676470588235294 0.01699346405228758
1 0.3136029411764706 0.2235294117647059 0.005147058823529412 0.02091503267973856
6 0.3224264705882353 0.238562091503268 0.01838235294117647 0.02483660130718954
6 0.33051470588235293 0.22026143790849673 0.013970588235294118 0.022222222222222223
6 0.35625 0.18627450980392157 0.013970588235294118 0.0196078431372549
8 0.3922794117647059 0.1954248366013072 0.01838235294117647 0.040522875816993466
0 0.31985294117647056 0.1803921568627451 0.039705882352941174 0.0392156862745098
6 0.33125 0.1542483660130719 0.0125 0.01568627450980392
1 0.3474264705882353 0.15359477124183007 0.003676470588235294 0.01437908496732026
1 0.34705882352941175 0.17450980392156862 0.004411764705882353 0.01699346405228758
8 0.37058823529411766 0.14313725490196078 0.039705882352941174 0.02483660130718954
6 0.3911764705882353 0.14313725490196078 0.01764705882352941 0.01437908496732026
6 0.34963235294117645 0.13856209150326798 0.019852941176470587 0.013071895424836602
6 0.3588235294117647 0.12352941176470589 0.008823529411764706 0.011764705882352941
1 0.37279411764705883 0.12549019607843137 0.0029411764705882353 0.01568627450980392
1 0.375 0.12549019607843137 0.0014705882352941176 0.013071895424836602
1 0.37941176470588234 0.11633986928104575 0.0029411764705882353 0.013071895424836602
1 0.3834558823529412 0.12549019607843137 0.0022058823529411764 0.013071895424836602
6 0.3897058823529412 0.12026143790849673 0.007352941176470588 0.01045751633986928
7 0.3816176470588235 0.09803921568627451 0.0058823529411764705 0.01045751633986928
0 0.3981617647058823 0.09411764705882353 0.015441176470588236 0.0392156862745098
0 0.4235294117647059 0.0718954248366013 0.013235294117647059 0.01568627450980392
0 0.4235294117647059 0.12352941176470589 0.01764705882352941 0.03790849673202614
0 0.4786764705882353 0.05032679738562092 0.029411764705882353 0.048366013071895426
6 0.48676470588235293 0.08169934640522876 0.004411764705882353 0.009150326797385621
0 0.4963235294117647 0.11045751633986928 0.008823529411764706 0.043137254901960784
6 0.49080882352941174 0.08888888888888889 0.005147058823529412 0.00784313725490196
6 0.48713235294117646 0.10326797385620914 0.005147058823529412 0.00784313725490196
6 0.48676470588235293 0.09738562091503268 0.004411764705882353 0.009150326797385621
6 0.5066176470588235 0.11372549019607843 0.0058823529411764705 0.01045751633986928
6 0.4636029411764706 0.07908496732026143 0.005147058823529412 0.006535947712418301
7 0.46875 0.12026143790849673 0.006617647058823529 0.013071895424836602
10 0.4658088235294118 0.13333333333333333 0.005147058823529412 0.013071895424836602
6 0.46948529411764706 0.09215686274509804 0.005147058823529412 0.009150326797385621
6 0.4753676470588235 0.09477124183006536 0.005147058823529412 0.009150326797385621
6 0.47610294117647056 0.10784313725490197 0.005147058823529412 0.009150326797385621
6 0.4863970588235294 0.12156862745098039 0.005147058823529412 0.01045751633986928
7 0.4764705882352941 0.15098039215686274 0.008823529411764706 0.01699346405228758
6 0.4808823529411765 0.1588235294117647 0.010294117647058823 0.01437908496732026
7 0.48933823529411763 0.14836601307189543 0.006617647058823529 0.01437908496732026
6 0.49264705882352944 0.15751633986928104 0.008823529411764706 0.011764705882352941
8 0.5110294117647058 0.13071895424836602 0.008823529411764706 0.02091503267973856
6 0.5136029411764705 0.14313725490196078 0.008088235294117648 0.011764705882352941
0 0.5022058823529412 0.1588235294117647 0.007352941176470588 0.040522875816993466
7 0.5154411764705882 0.16143790849673204 0.007352941176470588 0.01699346405228758
6 0.5205882352941177 0.17777777777777778 0.008823529411764706 0.018300653594771243
6 0.5253676470588236 0.1830065359477124 0.0125 0.018300653594771243
6 0.5194852941176471 0.2601307189542484 0.013970588235294118 0.02091503267973856
6 0.5091911764705882 0.31176470588235294 0.016911764705882352 0.027450980392156862
6 0.4415441176470588 0.20588235294117646 0.011029411764705883 0.0196078431372549
6 0.4455882352941177 0.19215686274509805 0.011764705882352941 0.01568627450980392
6 0.4452205882352941 0.17973856209150327 0.011029411764705883 0.01699346405228758
6 0.4455882352941177 0.17320261437908496 0.007352941176470588 0.01437908496732026
1 0.26433823529411765 0.4699346405228758 0.008088235294117648 0.03790849673202614
2 0.4338235294117647 0.403921568627451 0.007352941176470588 0.02875816993464052
4 0.4338235294117647 0.3941176470588235 0.007352941176470588 0.027450980392156862
2 0.43823529411764706 0.2849673202614379 0.0058823529411764705 0.018300653594771243
4 0.43823529411764706 0.2803921568627451 0.0058823529411764705 0.0196078431372549
2 0.5496323529411765 0.34509803921568627 0.006617647058823529 0.023529411764705882
4 0.549264705882353 0.3405228758169935 0.007352941176470588 0.02483660130718954
6 0.5566176470588236 0.3111111111111111 0.01764705882352941 0.026143790849673203
6 0.5503676470588236 0.28366013071895424 0.015441176470588236 0.02875816993464052
6 0.5477941176470589 0.269281045751634 0.013235294117647059 0.02091503267973856
7 0.5419117647058823 0.24509803921568626 0.011764705882352941 0.02483660130718954
6 0.5400735294117647 0.23594771241830065 0.011029411764705883 0.022222222222222223
6 0.5352941176470588 0.21830065359477124 0.013235294117647059 0.018300653594771243
6 0.5319852941176471 0.20392156862745098 0.011029411764705883 0.01568627450980392
2 0.6044117647058823 0.4888888888888889 0.008823529411764706 0.03137254901960784
1 0.6040441176470588 0.48104575163398694 0.008088235294117648 0.03137254901960784
6 0.9205882352941176 0.8405228758169935 0.08970588235294118 0.12287581699346405
6 0.9055147058823529 0.64640522875817 0.06985294117647059 0.06405228758169934
6 0.9286764705882353 0.5758169934640522 0.05588235294117647 0.08758169934640522
1 0.7503676470588235 0.561437908496732 0.0125 0.048366013071895426
8 0.7878676470588235 0.5372549019607843 0.10808823529411765 0.2065359477124183
4 0.9650735294117647 0.5078431372549019 0.009558823529411765 0.022222222222222223
2 0.9 0.42026143790849674 0.010294117647058823 0.02483660130718954
7 0.8536764705882353 0.4777777777777778 0.03823529411764706 0.06928104575163399
1 0.8261029411764705 0.4130718954248366 0.006617647058823529 0.023529411764705882
1 0.8180147058823529 0.41045751633986927 0.008088235294117648 0.036601307189542485
1 0.8003676470588236 0.41241830065359475 0.008088235294117648 0.03529411764705882
6 0.7650735294117647 0.3836601307189543 0.05220588235294118 0.032679738562091505
1 0.7386029411764706 0.33398692810457514 0.005147058823529412 0.022222222222222223
2 0.7580882352941176 0.2973856209150327 0.007352941176470588 0.01699346405228758
8 0.6470588235294118 0.2980392156862745 0.033823529411764704 0.06535947712418301
6 0.6047794117647058 0.2607843137254902 0.016911764705882352 0.02483660130718954
0 0.7033088235294118 0.2522875816993464 0.06838235294117648 0.11764705882352941
0 0.5897058823529412 0.18562091503267975 0.047058823529411764 0.11241830065359477
0 0.5507352941176471 0.13071895424836602 0.026470588235294117 0.054901960784313725