6 0.4959558823529412 0.4117647058823529 0.04191176470588235 0.03137254901960784
6 0.6496323529411765 0.4261437908496732 0.04779411764705882 0.03137254901960784
6 0.8746323529411765 0.4444444444444444 0.04632352941176471 0.03398692810457516
0 0.5625 0.19019607843137254 0.022058823529411766 0.06405228758169934
0 0.5341911764705882 0.24901960784313726 0.03161764705882353 0.06928104575163399
6 0.4786764705882353 0.24313725490196078 0.014705882352941176 0.02091503267973856
6 0.4783088235294118 0.3150326797385621 0.006617647058823529 0.01045751633986928
8 0.5878676470588236 0.25947712418300656 0.028676470588235293 0.027450980392156862
8 0.6040441176470588 0.28954248366013075 0.011029411764705883 0.040522875816993466
0 0.5415441176470588 0.19019607843137254 0.021323529411764706 0.048366013071895426
6 0.5375 0.33202614379084966 0.008823529411764706 0.01568627450980392
6 0.7408088235294118 0.2973856209150327 0.006617647058823529 0.01699346405228758
0 0.45330882352941176 0.2647058823529412 0.016911764705882352 0.030065359477124184
8 0.6573529411764706 0.5300653594771242 0.03235294117647059 0.07450980392156863