7 0.584375 0.5648148148148148 0.07291666666666667 0.07407407407407407
0 0.49270833333333336 0.16203703703703703 0.041666666666666664 0.053703703703703705
0 0.4869791666666667 0.20833333333333334 0.06979166666666667 0.03518518518518519
6 0.47760416666666666 0.23148148148148148 0.009375 0.018518518518518517
6 0.46875 0.2712962962962963 0.008333333333333333 0.016666666666666666
10 0.51875 0.38055555555555554 0.010416666666666666 0.03148148148148148
10 0.44375 0.38333333333333336 0.010416666666666666 0.025925925925925925
10 0.43697916666666664 0.31666666666666665 0.007291666666666667 0.022222222222222223
7 0.25104166666666666 0.4444444444444444 0.035416666666666666 0.040740740740740744
7 0.3026041666666667 0.43703703703703706 0.017708333333333333 0.03333333333333333
7 0.3140625 0.4064814814814815 0.019791666666666666 0.04259259259259259
0 0.08385416666666666 0.4111111111111111 0.040625 0.05185185185185185
8 0.12760416666666666 0.35462962962962963 0.05520833333333333 0.03148148148148148
6 0.15625 0.3648148148148148 0.029166666666666667 0.025925925925925925
6 0.20104166666666667 0.3592592592592593 0.022916666666666665 0.022222222222222223
6 0.221875 0.3638888888888889 0.03958333333333333 0.024074074074074074
10 0.21927083333333333 0.5675925925925925 0.04895833333333333 0.05
2 0.2755208333333333 0.5564814814814815 0.013541666666666667 0.04259259259259259
4 0.27447916666666666 0.5444444444444444 0.009375 0.025925925925925925
4 0.5130208333333334 0.6351851851851852 0.007291666666666667 0.02962962962962963
4 0.5395833333333333 0.6268518518518519 0.00625 0.03148148148148148
4 0.46510416666666665 0.6111111111111112 0.007291666666666667 0.025925925925925925
10 0.35520833333333335 0.6805555555555556 0.027083333333333334 0.07222222222222222
2 0.4640625 0.6240740740740741 0.023958333333333335 0.018518518518518517
5 0.5151041666666667 0.6537037037037037 0.007291666666666667 0.018518518518518517
5 0.5385416666666667 0.6425925925925926 0.008333333333333333 0.025925925925925925
9 0.6208333333333333 0.6444444444444445 0.014583333333333334 0.044444444444444446
2 0.5286458333333334 0.49722222222222223 0.009375 0.03888888888888889
2 0.5390625 0.5277777777777778 0.009375 0.04814814814814815
4 0.3890625 0.45185185185185184 0.007291666666666667 0.025925925925925925
4 0.41875 0.4185185185185185 0.004166666666666667 0.025925925925925925
4 0.40729166666666666 0.3814814814814815 0.00625 0.018518518518518517
4 0.43072916666666666 0.337037037037037 0.005208333333333333 0.022222222222222223
4 0.5286458333333334 0.287962962962963 0.005208333333333333 0.024074074074074074
6 0.5317708333333333 0.2574074074074074 0.009375 0.022222222222222223
2 0.5359375 0.33055555555555555 0.005208333333333333 0.020370370370370372
5 0.5463541666666667 0.33796296296296297 0.005208333333333333 0.024074074074074074
2 0.5552083333333333 0.3824074074074074 0.00625 0.024074074074074074
2 0.409375 0.3861111111111111 0.008333333333333333 0.001851851851851852
0 0.4505208333333333 0.25277777777777777 0.03229166666666667 0.046296296296296294