6 0.08970588235294118 0.47908496732026146 0.0661764705882353 0.06928104575163399
7 0.16801470588235295 0.29411764705882354 0.05220588235294118 0.05751633986928104
3 0.11066176470588235 0.2803921568627451 0.03602941176470588 0.048366013071895426
6 0.31433823529411764 0.1843137254901961 0.030147058823529412 0.036601307189542485
2 0.09338235294117647 0.16470588235294117 0.011764705882352941 0.02091503267973856
3 0.25073529411764706 0.14836601307189543 0.03235294117647059 0.05359477124183006
3 0.22683823529411765 0.14640522875816994 0.030147058823529412 0.054901960784313725
3 0.20404411764705882 0.14444444444444443 0.03161764705882353 0.05359477124183006
3 0.18786764705882353 0.12679738562091503 0.03602941176470588 0.08366013071895424
6 0.7595588235294117 0.3431372549019608 0.03235294117647059 0.06666666666666667
10 0.6738970588235295 0.19869281045751633 0.015441176470588236 0.036601307189542485
1 0.6838235294117647 0.20065359477124184 0.008823529411764706 0.032679738562091505
6 0.6955882352941176 0.0915032679738562 0.014705882352941176 0.026143790849673203
6 0.7352941176470589 0.05620915032679739 0.013235294117647059 0.018300653594771243
9 0.774264705882353 0.07124183006535947 0.014705882352941176 0.027450980392156862
2 0.7658088235294118 0.09215686274509804 0.006617647058823529 0.01437908496732026
4 0.7658088235294118 0.08888888888888889 0.006617647058823529 0.02091503267973856