8 0.10052083333333334 0.825 0.20104166666666667 0.3351851851851852
4 0.2755208333333333 0.799074074074074 0.011458333333333333 0.03148148148148148
4 0.2755208333333333 0.7916666666666666 0.011458333333333333 0.03148148148148148
2 0.2765625 0.8037037037037037 0.013541666666666667 0.040740740740740744
8 0.4114583333333333 0.4083333333333333 0.0625 0.10925925925925926
6 0.40677083333333336 0.3287037037037037 0.021875 0.024074074074074074
6 0.44166666666666665 0.262037037037037 0.016666666666666666 0.020370370370370372
6 0.4901041666666667 0.24351851851851852 0.013541666666666667 0.020370370370370372
6 0.5447916666666667 0.22592592592592592 0.014583333333333334 0.018518518518518517
4 0.38333333333333336 0.5472222222222223 0.008333333333333333 0.024074074074074074
4 0.39375 0.5537037037037037 0.008333333333333333 0.022222222222222223
2 0.38229166666666664 0.55 0.008333333333333333 0.03333333333333333
2 0.39375 0.5611111111111111 0.008333333333333333 0.025925925925925925
0 0.5473958333333333 0.4074074074074074 0.015625 0.025925925925925925