0 0.4817708333333333 0.2861111111111111 0.08958333333333333 0.1814814814814815
4 0.359375 0.8453703703703703 0.0125 0.04259259259259259
2 0.35651041666666666 0.8865740740740741 0.024479166666666666 0.062037037037037036
6 0.4864583333333333 0.799537037037037 0.05 0.10648148148148148
6 0.4427083333333333 0.500462962962963 0.023958333333333335 0.05277777777777778
6 0.4703125 0.5050925925925925 0.025 0.049074074074074076
6 0.4552083333333333 0.43703703703703706 0.026041666666666668 0.04259259259259259
2 0.43828125 0.41574074074074074 0.009895833333333333 0.018518518518518517
4 0.51484375 0.4263888888888889 0.005729166666666666 0.01574074074074074
3 0.5143229166666666 0.4356481481481482 0.011979166666666667 0.021296296296296296
1 0.51328125 0.3972222222222222 0.0067708333333333336 0.024074074074074074
0 0.5114583333333333 0.5060185185185185 0.03333333333333333 0.10648148148148148
4 0.5432291666666667 0.6648148148148149 0.010416666666666666 0.03148148148148148
2 0.5424479166666667 0.6819444444444445 0.008854166666666666 0.023148148148148147