6 0.8135416666666667 0.3625 0.034375 0.03425925925925926
6 0.8283854166666667 0.31805555555555554 0.0328125 0.030555555555555555
6 0.39557291666666666 0.9013888888888889 0.0859375 0.12685185185185185
7 0.32395833333333335 0.7967592592592593 0.08333333333333333 0.125
7 0.14322916666666666 0.9115740740740741 0.11145833333333334 0.13240740740740742
6 0.15494791666666666 0.9625 0.13489583333333333 0.06944444444444445
6 0.4825520833333333 0.9717592592592592 0.1046875 0.05648148148148148
10 0.45625 0.5546296296296296 0.026041666666666668 0.05555555555555555
9 0.7833333333333333 0.37453703703703706 0.023958333333333335 0.026851851851851852
9 0.17135416666666667 0.6347222222222222 0.026041666666666668 0.05277777777777778
8 0.2625 0.6449074074074074 0.07395833333333333 0.0824074074074074
10 0.24661458333333333 0.49583333333333335 0.0296875 0.0712962962962963
10 0.058854166666666666 0.6601851851851852 0.034375 0.07222222222222222
6 0.029427083333333333 0.47314814814814815 0.030729166666666665 0.046296296296296294
1 0.06484375 0.9513888888888888 0.0171875 0.06759259259259259
1 0.9109375 0.3472222222222222 0.009375 0.02962962962962963
7 0.022916666666666665 0.2175925925925926 0.035416666666666666 0.025925925925925925
0 0.04973958333333333 0.25601851851851853 0.05364583333333333 0.05092592592592592
1 0.0625 0.3490740740740741 0.007291666666666667 0.024074074074074074
1 0.10416666666666667 0.5027777777777778 0.013541666666666667 0.044444444444444446
1 0.121875 0.5449074074074074 0.011458333333333333 0.041666666666666664
1 0.12317708333333334 0.6300925925925925 0.0109375 0.03796296296296296
1 0.13177083333333334 0.625 0.00625 0.02962962962962963
4 0.08828125 0.6351851851851852 0.011979166666666667 0.03333333333333333
1 0.26536458333333335 0.5875 0.0140625 0.049074074074074076
0 0.4661458333333333 0.7657407407407407 0.0625 0.06666666666666667
0 0.4895833333333333 0.737037037037037 0.0625 0.06666666666666667
0 0.52109375 0.7194444444444444 0.06302083333333333 0.06666666666666667
0 0.5619791666666667 0.6935185185185185 0.0625 0.06666666666666667
0 0.5888020833333333 0.6611111111111111 0.06302083333333333 0.06666666666666667
0 0.6364583333333333 0.6342592592592593 0.0625 0.06666666666666667
0 0.6684895833333333 0.6037037037037037 0.06302083333333333 0.06666666666666667
0 0.7182291666666667 0.575 0.0625 0.06666666666666667
0 0.7518229166666667 0.5342592592592592 0.06302083333333333 0.06666666666666667
0 0.15833333333333333 0.5787037037037037 0.05625 0.044444444444444446
0 0.07916666666666666 0.32685185185185184 0.020833333333333332 0.053703703703703705
0 0.09270833333333334 0.3685185185185185 0.020833333333333332 0.053703703703703705
0 0.10546875 0.4083333333333333 0.0203125 0.053703703703703705
0 0.11979166666666667 0.44907407407407407 0.020833333333333332 0.053703703703703705
0 0.13177083333333334 0.48703703703703705 0.020833333333333332 0.053703703703703705
2 0.14609375 0.5291666666666667 0.0265625 0.028703703703703703
2 0.38333333333333336 0.700925925925926 0.023958333333333335 0.044444444444444446
2 0.4875 0.6412037037037037 0.019791666666666666 0.03796296296296296
2 0.39348958333333334 0.6939814814814815 0.019270833333333334 0.041666666666666664
2 0.40546875 0.6833333333333333 0.019270833333333334 0.040740740740740744
2 0.4171875 0.6726851851851852 0.013541666666666667 0.04351851851851852
2 0.42916666666666664 0.6657407407407407 0.015625 0.03888888888888889
2 0.4393229166666667 0.6601851851851852 0.016145833333333335 0.03888888888888889
2 0.45364583333333336 0.6555555555555556 0.015625 0.03888888888888889
2 0.47161458333333334 0.6416666666666667 0.016145833333333335 0.03888888888888889
2 0.49375 0.625462962962963 0.019791666666666666 0.03796296296296296
2 0.50234375 0.6226851851851852 0.0203125 0.03796296296296296
2 0.5151041666666667 0.6143518518518518 0.019791666666666666 0.03796296296296296
2 0.52578125 0.6050925925925926 0.0203125 0.03796296296296296
2 0.5434895833333333 0.5962962962962963 0.0203125 0.03518518518518519
2 0.55 0.5949074074074074 0.019791666666666666 0.03796296296296296
2 0.559375 0.5828703703703704 0.019791666666666666 0.03796296296296296
2 0.5682291666666667 0.5810185185185185 0.019791666666666666 0.03796296296296296
2 0.5799479166666667 0.5689814814814815 0.0203125 0.03796296296296296
2 0.5963541666666666 0.5643518518518519 0.019791666666666666 0.03796296296296296
2 0.6091145833333333 0.5578703703703703 0.0203125 0.03796296296296296
2 0.6200520833333333 0.5486111111111112 0.0203125 0.03796296296296296
2 0.6348958333333333 0.5421296296296296 0.019791666666666666 0.03796296296296296
2 0.64296875 0.5365740740740741 0.0203125 0.03796296296296296
2 0.653125 0.5282407407407408 0.019791666666666666 0.03796296296296296
2 0.6739583333333333 0.5208333333333334 0.019791666666666666 0.03796296296296296
2 0.6888020833333334 0.5097222222222222 0.0203125 0.03796296296296296
2 0.7096354166666666 0.4986111111111111 0.0203125 0.03796296296296296
9 0.5481770833333334 0.5226851851851851 0.030729166666666665 0.04351851851851852
0 0.6315104166666666 0.4587962962962963 0.0515625 0.04351851851851852
2 0.6658854166666667 0.43796296296296294 0.011979166666666667 0.025925925925925925
2 0.6901041666666666 0.4273148148148148 0.011458333333333333 0.026851851851851852
0 0.7114583333333333 0.4217592592592593 0.022916666666666665 0.03981481481481482
1 0.028385416666666666 0.6277777777777778 0.0140625 0.03333333333333333
2 0.028385416666666666 0.6444444444444445 0.0140625 0.03518518518518519
5 0.2296875 0.5745370370370371 0.01875 0.023148148148148147
0 0.02421875 0.35138888888888886 0.04635416666666667 0.05462962962962963
0 0.052083333333333336 0.4083333333333333 0.020833333333333332 0.053703703703703705
0 0.06354166666666666 0.4601851851851852 0.020833333333333332 0.053703703703703705
0 0.08072916666666667 0.5175925925925926 0.020833333333333332 0.053703703703703705
2 0.18072916666666666 0.46111111111111114 0.01875 0.016666666666666666
0 0.21015625 0.5324074074074074 0.0203125 0.053703703703703705
0 0.19635416666666666 0.5 0.020833333333333332 0.053703703703703705
0 0.16380208333333332 0.4203703703703704 0.0203125 0.053703703703703705
0 0.14635416666666667 0.36203703703703705 0.052083333333333336 0.03333333333333333
0 0.10677083333333333 0.6018518518518519 0.020833333333333332 0.053703703703703705
2 0.38984375 0.5796296296296296 0.0171875 0.04259259259259259
7 0.4890625 0.5282407407407408 0.05416666666666667 0.08055555555555556
2 0.21145833333333333 0.41898148148148145 0.013541666666666667 0.021296296296296296
1 0.27239583333333334 0.5337962962962963 0.007291666666666667 0.026851851851851852
1 0.27005208333333336 0.5342592592592592 0.0078125 0.040740740740740744
2 0.2721354166666667 0.5407407407407407 0.0140625 0.02962962962962963
2 0.5270833333333333 0.8597222222222223 0.03125 0.03981481481481482
2 0.5338541666666666 0.8402777777777778 0.025 0.03981481481481482
2 0.55 0.8314814814814815 0.025 0.03888888888888889
2 0.5604166666666667 0.8171296296296297 0.03229166666666667 0.03981481481481482
2 0.5716145833333334 0.8115740740740741 0.0328125 0.03981481481481482
2 0.5786458333333333 0.7972222222222223 0.029166666666666667 0.03888888888888889
2 0.43359375 0.8462962962962963 0.0234375 0.03518518518518519
2 0.42682291666666666 0.8398148148148148 0.0265625 0.037037037037037035
2 0.41953125 0.8296296296296296 0.0265625 0.037037037037037035
2 0.40651041666666665 0.8138888888888889 0.0265625 0.037037037037037035
2 0.3875 0.8060185185185185 0.022916666666666665 0.03425925925925926
2 0.38255208333333335 0.7953703703703704 0.022395833333333334 0.03518518518518519
2 0.3807291666666667 0.7851851851851852 0.022916666666666665 0.03518518518518519
2 0.37447916666666664 0.7736111111111111 0.022916666666666665 0.03425925925925926
2 0.3614583333333333 0.7680555555555556 0.022916666666666665 0.03425925925925926
2 0.35182291666666665 0.749537037037037 0.030729166666666665 0.03611111111111111