6 0.7819852941176471 0.8745098039215686 0.13897058823529412 0.2196078431372549
6 0.5301470588235294 0.6712418300653594 0.08235294117647059 0.15555555555555556
6 0.736764705882353 0.5849673202614379 0.060294117647058824 0.11372549019607843
6 0.4768382352941177 0.4503267973856209 0.04191176470588235 0.07973856209150326
6 0.3761029411764706 0.7098039215686275 0.06691176470588235 0.16732026143790849
6 0.4768382352941177 0.3281045751633987 0.03308823529411765 0.06535947712418301
6 0.48419117647058824 0.2758169934640523 0.027205882352941177 0.04967320261437908
6 0.47941176470588237 0.20130718954248367 0.01911764705882353 0.026143790849673203
6 0.4764705882352941 0.17777777777777778 0.01911764705882353 0.026143790849673203
6 0.47757352941176473 0.16339869281045752 0.015441176470588236 0.026143790849673203
6 0.4753676470588235 0.1522875816993464 0.015441176470588236 0.02483660130718954
6 0.47205882352941175 0.13594771241830064 0.016176470588235296 0.026143790849673203
6 0.5025735294117647 0.12156862745098039 0.013970588235294118 0.02091503267973856
6 0.5084558823529411 0.10196078431372549 0.013970588235294118 0.02091503267973856
6 0.5268382352941177 0.13856209150326798 0.013970588235294118 0.02091503267973856
6 0.5367647058823529 0.1934640522875817 0.01764705882352941 0.02875816993464052
6 0.3040441176470588 0.28627450980392155 0.03897058823529412 0.047058823529411764
6 0.4944852941176471 0.08496732026143791 0.008088235294117648 0.01568627450980392
7 0.1463235294117647 0.43137254901960786 0.08823529411764706 0.09934640522875816
7 0.47463235294117645 0.07516339869281045 0.008088235294117648 0.01699346405228758
7 0.47610294117647056 0.06209150326797386 0.008088235294117648 0.01699346405228758
0 0.48161764705882354 0.025490196078431372 0.047058823529411764 0.0457516339869281
6 0.4514705882352941 0.08104575163398693 0.008823529411764706 0.013071895424836602
6 0.45330882352941176 0.06143790849673202 0.009558823529411765 0.01568627450980392
6 0.4672794117647059 0.05816993464052288 0.009558823529411765 0.011764705882352941
6 0.3209558823529412 0.23137254901960785 0.025735294117647058 0.04183006535947712
6 0.34375 0.18235294117647058 0.0375 0.02483660130718954
6 0.3683823529411765 0.14705882352941177 0.022058823529411766 0.02483660130718954
0 0.13014705882352942 0.2647058823529412 0.07352941176470588 0.06143790849673202
0 0.05073529411764706 0.3104575163398693 0.06470588235294118 0.08496732026143791
7 0.03897058823529412 0.4823529411764706 0.04411764705882353 0.07320261437908497
2 0.06323529411764706 0.4091503267973856 0.01764705882352941 0.05228758169934641
2 0.0900735294117647 0.3764705882352941 0.022794117647058822 0.03398692810457516
2 0.05 0.369281045751634 0.027941176470588237 0.027450980392156862
2 0.04007352941176471 0.3954248366013072 0.022794117647058822 0.03529411764705882
2 0.016911764705882352 0.3915032679738562 0.014705882352941176 0.040522875816993466
2 0.008823529411764706 0.34509803921568627 0.014705882352941176 0.0392156862745098
2 0.12794117647058822 0.31176470588235294 0.020588235294117647 0.027450980392156862
2 0.22463235294117648 0.4065359477124183 0.025735294117647058 0.03137254901960784
1 0.18419117647058825 0.3457516339869281 0.013970588235294118 0.050980392156862744
1 0.21102941176470588 0.3411764705882353 0.014705882352941176 0.054901960784313725
1 0.25919117647058826 0.3150326797385621 0.009558823529411765 0.044444444444444446
1 0.23933823529411766 0.31437908496732025 0.009558823529411765 0.0457516339869281
2 0.27389705882352944 0.24444444444444444 0.0125 0.02875816993464052
1 0.9606617647058824 0.5679738562091503 0.019852941176470587 0.07450980392156863
1 0.930514705882353 0.5490196078431373 0.027205882352941177 0.07058823529411765
1 0.8735294117647059 0.4 0.016176470588235296 0.05228758169934641
1 0.7805147058823529 0.3509803921568627 0.013970588235294118 0.048366013071895426
5 0.9397058823529412 0.5686274509803921 0.05 0.0392156862745098
5 0.9231617647058824 0.3686274509803922 0.0125 0.0392156862745098
5 0.17977941176470588 0.46143790849673205 0.03455882352941177 0.036601307189542485
1 0.15625 0.35490196078431374 0.013970588235294118 0.050980392156862744
1 0.02389705882352941 0.6078431372549019 0.03455882352941177 0.07320261437908497
5 0.05183823529411765 0.43529411764705883 0.03161764705882353 0.036601307189542485
1 0.18051470588235294 0.4411764705882353 0.01838235294117647 0.05359477124183006
1 0.22316176470588237 0.40065359477124185 0.01838235294117647 0.05359477124183006
1 0.33455882352941174 0.2856209150326797 0.007352941176470588 0.027450980392156862
2 0.33492647058823527 0.29934640522875816 0.011029411764705883 0.023529411764705882
9 0.21066176470588235 0.2823529411764706 0.04632352941176471 0.054901960784313725
10 0.15073529411764705 0.3352941176470588 0.05 0.05359477124183006
0 0.16875 0.21241830065359477 0.021323529411764706 0.040522875816993466
0 0.19779411764705881 0.17320261437908496 0.030882352941176472 0.0457516339869281
1 0.24558823529411763 0.30392156862745096 0.008823529411764706 0.043137254901960784
1 0.24411764705882352 0.28431372549019607 0.007352941176470588 0.032679738562091505
1 0.2400735294117647 0.2699346405228758 0.005147058823529412 0.03529411764705882
1 0.2363970588235294 0.25620915032679736 0.009558823529411765 0.036601307189542485
1 0.22941176470588234 0.1954248366013072 0.007352941176470588 0.022222222222222223
2 0.22977941176470587 0.20588235294117646 0.008088235294117648 0.02483660130718954
2 0.7602941176470588 0.43594771241830066 0.026470588235294117 0.03790849673202614
2 0.7080882352941177 0.373202614379085 0.011764705882352941 0.032679738562091505
2 0.89375 0.44575163398692813 0.019852941176470587 0.0392156862745098
2 0.89375 0.3895424836601307 0.019852941176470587 0.0392156862745098
1 0.7643382352941176 0.3366013071895425 0.011029411764705883 0.048366013071895426
1 0.7591911764705882 0.32483660130718955 0.011029411764705883 0.048366013071895426
1 0.7761029411764706 0.33137254901960783 0.009558823529411765 0.03790849673202614
1 0.9091911764705882 0.3326797385620915 0.011029411764705883 0.0457516339869281
1 0.9051470588235294 0.32222222222222224 0.007352941176470588 0.040522875816993466
9 0.6974264705882353 0.26862745098039215 0.016911764705882352 0.030065359477124184
1 0.788235294117647 0.31895424836601305 0.007352941176470588 0.036601307189542485
7 0.8007352941176471 0.4013071895424837 0.054411764705882354 0.0784313725490196
9 0.8209558823529411 0.361437908496732 0.030147058823529412 0.040522875816993466
4 0.8238970588235294 0.34901960784313724 0.008088235294117648 0.02875816993464052
4 0.8095588235294118 0.34705882352941175 0.008823529411764706 0.030065359477124184
6 0.4852941176470588 0.0542483660130719 0.007352941176470588 0.009150326797385621
6 0.5014705882352941 0.05555555555555555 0.007352941176470588 0.011764705882352941
4 0.33492647058823527 0.9045751633986928 0.10220588235294117 0.19084967320261437
2 0.29816176470588235 0.742483660130719 0.025735294117647058 0.11241830065359477
1 0.30330882352941174 0.7274509803921568 0.028676470588235293 0.08235294117647059