6 0.015441176470588236 0.0803921568627451 0.022058823529411766 0.05359477124183006
6 0.00625 0.19477124183006536 0.0125 0.06797385620915032
6 0.4808823529411765 0.8130718954248366 0.016176470588235296 0.06797385620915032
6 0.3985294117647059 0.8562091503267973 0.01911764705882353 0.07581699346405228
6 0.37316176470588236 0.9156862745098039 0.03455882352941177 0.06405228758169934
6 0.32683823529411765 0.8352941176470589 0.019852941176470587 0.06797385620915032
6 0.3463235294117647 0.5418300653594771 0.01764705882352941 0.06666666666666667
6 0.586764705882353 0.47058823529411764 0.01764705882352941 0.07058823529411765
6 0.5974264705882353 0.29934640522875816 0.025735294117647058 0.06535947712418301
6 0.3613970588235294 0.034640522875816995 0.028676470588235293 0.05620915032679739
6 0.600735294117647 0.10915032679738562 0.030882352941176472 0.043137254901960784
6 0.49779411764705883 0.01568627450980392 0.014705882352941176 0.03137254901960784
6 0.3584558823529412 0.16797385620915034 0.016911764705882352 0.058823529411764705
6 0.3514705882352941 0.37973856209150325 0.033823529411764704 0.05359477124183006
7 0.5852941176470589 0.7013071895424836 0.020588235294117647 0.08235294117647059
7 0.34558823529411764 0.7503267973856209 0.023529411764705882 0.07320261437908497
7 0.4147058823529412 0.46797385620915033 0.01764705882352941 0.05228758169934641
7 0.3503676470588235 0.4392156862745098 0.022794117647058822 0.05751633986928104
7 0.35661764705882354 0.24248366013071895 0.025 0.05620915032679739
7 0.5988970588235294 0.06339869281045751 0.030147058823529412 0.0457516339869281
7 0.5977941176470588 0.36993464052287583 0.029411764705882353 0.05751633986928104
2 0.6272058823529412 0.10522875816993464 0.0058823529411764705 0.022222222222222223
2 0.6518382352941177 0.12418300653594772 0.006617647058823529 0.026143790849673203
6 0.6033088235294117 0.17124183006535948 0.027205882352941177 0.036601307189542485
2 0.6496323529411765 0.257516339869281 0.006617647058823529 0.02091503267973856
2 0.649264705882353 0.3196078431372549 0.004411764705882353 0.02483660130718954
2 0.6426470588235295 0.37450980392156863 0.013235294117647059 0.011764705882352941
2 0.6441176470588236 0.43333333333333335 0.004411764705882353 0.022222222222222223
2 0.65 0.4418300653594771 0.004411764705882353 0.023529411764705882
2 0.5610294117647059 0.5633986928104575 0.0058823529411764705 0.026143790849673203
6 0.6191176470588236 0.9738562091503268 0.01764705882352941 0.05228758169934641
2 0.3025735294117647 0.8320261437908497 0.011029411764705883 0.0196078431372549
2 0.2922794117647059 0.8875816993464052 0.013970588235294118 0.013071895424836602
2 0.41654411764705884 0.6797385620915033 0.006617647058823529 0.026143790849673203
2 0.43676470588235294 0.2699346405228758 0.004411764705882353 0.0196078431372549
2 0.4275735294117647 0.1934640522875817 0.005147058823529412 0.02091503267973856
2 0.4323529411764706 0.08627450980392157 0.004411764705882353 0.02091503267973856
4 0.4319852941176471 0.08431372549019608 0.003676470588235294 0.01699346405228758
4 0.4279411764705882 0.18888888888888888 0.0058823529411764705 0.01437908496732026
4 0.4363970588235294 0.26601307189542484 0.005147058823529412 0.011764705882352941
4 0.5617647058823529 0.5516339869281046 0.004411764705882353 0.00522875816993464
4 0.5617647058823529 0.5647058823529412 0.0058823529411764705 0.01568627450980392
4 0.41654411764705884 0.6823529411764706 0.006617647058823529 0.01568627450980392
1 0.5522058823529412 0.8045751633986928 0.007352941176470588 0.011764705882352941
2 0.4275735294117647 0.9777777777777777 0.005147058823529412 0.026143790849673203
4 0.42830882352941174 0.9816993464052287 0.003676470588235294 0.018300653594771243
1 0.6242647058823529 0.742483660130719 0.0058823529411764705 0.013071895424836602
1 0.6363970588235294 0.7392156862745098 0.003676470588235294 0.011764705882352941
1 0.625 0.757516339869281 0.004411764705882353 0.011764705882352941
1 0.5705882352941176 0.5418300653594771 0.0058823529411764705 0.009150326797385621
1 0.5772058823529411 0.5411764705882353 0.0029411764705882353 0.00522875816993464
1 0.37941176470588234 0.15490196078431373 0.004411764705882353 0.01437908496732026
1 0.375 0.15294117647058825 0.0029411764705882353 0.00784313725490196
1 0.3224264705882353 0.3790849673202614 0.006617647058823529 0.013071895424836602