6 0.13823529411764707 0.515686274509804 0.060294117647058824 0.03529411764705882
8 0.4128676470588235 0.4803921568627451 0.06985294117647059 0.06143790849673202
8 0.8713235294117647 0.43071895424836604 0.11764705882352941 0.07450980392156863
6 0.7051470588235295 0.4764705882352941 0.04411764705882353 0.03529411764705882
8 0.5636029411764706 0.29150326797385623 0.022794117647058822 0.0392156862745098
8 0.42830882352941174 0.31241830065359477 0.019852941176470587 0.03398692810457516
6 0.4772058823529412 0.3431372549019608 0.007352941176470588 0.0196078431372549
6 0.6301470588235294 0.3738562091503268 0.016176470588235296 0.02091503267973856
8 0.7069852941176471 0.30915032679738563 0.0375 0.02483660130718954
6 0.8566176470588235 0.3084967320261438 0.020588235294117647 0.01568627450980392
8 0.51875 0.2529411764705882 0.013970588235294118 0.02483660130718954
6 0.5113970588235294 0.27124183006535946 0.013970588235294118 0.011764705882352941
0 0.40845588235294117 0.20980392156862746 0.05073529411764706 0.058823529411764705
8 0.37463235294117647 0.2503267973856209 0.009558823529411765 0.0196078431372549
0 0.36066176470588235 0.17058823529411765 0.04191176470588235 0.0457516339869281
0 0.4389705882352941 0.2503267973856209 0.07352941176470588 0.0196078431372549