0 0.048161764705882355 0.07908496732026143 0.09632352941176471 0.058823529411764705
0 0.15661764705882353 0.03594771241830065 0.22647058823529412 0.0718954248366013
0 0.4625 0.056862745098039215 0.3911764705882353 0.06143790849673202
0 0.6330882352941176 0.016339869281045753 0.15294117647058825 0.030065359477124184
0 0.7529411764705882 0.08366013071895424 0.14852941176470588 0.15163398692810456
0 0.9455882352941176 0.1111111111111111 0.05 0.03137254901960784
7 0.9033088235294118 0.10980392156862745 0.027205882352941177 0.023529411764705882
7 0.9316176470588236 0.16470588235294117 0.01911764705882353 0.03398692810457516
7 0.9742647058823529 0.12549019607843137 0.03235294117647059 0.023529411764705882
6 0.9830882352941176 0.3509803921568627 0.023529411764705882 0.048366013071895426
6 0.9165441176470588 0.3392156862745098 0.06397058823529411 0.05620915032679739
6 0.85625 0.3209150326797386 0.05808823529411765 0.048366013071895426
6 0.7871323529411764 0.30980392156862746 0.05514705882352941 0.044444444444444446
6 0.75 0.3 0.05 0.0457516339869281
6 0.7025735294117647 0.28627450980392155 0.04485294117647059 0.044444444444444446
6 0.6672794117647058 0.2777777777777778 0.03602941176470588 0.040522875816993466
1 0.8761029411764706 0.5026143790849673 0.0125 0.06143790849673202
1 0.8378676470588236 0.477124183006536 0.009558823529411765 0.047058823529411764
2 0.7966911764705882 0.4993464052287582 0.016911764705882352 0.04967320261437908
4 0.8511029411764706 0.581045751633987 0.015441176470588236 0.06928104575163399
1 0.893014705882353 0.6366013071895424 0.025735294117647058 0.06274509803921569
4 0.9191176470588235 0.6673202614379085 0.023529411764705882 0.07712418300653595
10 0.7573529411764706 0.4117647058823529 0.029411764705882353 0.06797385620915032
1 0.6213235294117647 0.3888888888888889 0.014705882352941176 0.050980392156862744
6 0.6132352941176471 0.26862745098039215 0.04264705882352941 0.040522875816993466
6 0.5830882352941177 0.2568627450980392 0.03676470588235294 0.043137254901960784
6 0.5327205882352941 0.26405228758169935 0.04191176470588235 0.0392156862745098
0 0.5882352941176471 0.34183006535947713 0.030882352941176472 0.0457516339869281
2 0.5783088235294118 0.35294117647058826 0.025735294117647058 0.036601307189542485
2 0.569485294117647 0.3287581699346405 0.006617647058823529 0.030065359477124184
1 0.5047794117647059 0.4869281045751634 0.008088235294117648 0.05620915032679739
1 0.4808823529411765 0.3627450980392157 0.014705882352941176 0.0457516339869281
1 0.4547794117647059 0.4947712418300654 0.011029411764705883 0.05620915032679739
6 0.5297794117647059 0.3111111111111111 0.027205882352941177 0.04967320261437908
1 0.4091911764705882 0.5071895424836601 0.011029411764705883 0.06274509803921569
1 0.4308823529411765 0.5058823529411764 0.014705882352941176 0.06274509803921569
1 0.45992647058823527 0.6026143790849673 0.01838235294117647 0.07581699346405228
1 0.4647058823529412 0.6098039215686275 0.011764705882352941 0.0718954248366013
6 0.49926470588235294 0.25555555555555554 0.052941176470588235 0.040522875816993466
7 0.4522058823529412 0.2908496732026144 0.027941176470588237 0.06405228758169934
6 0.45955882352941174 0.2437908496732026 0.051470588235294115 0.03529411764705882
6 0.43272058823529413 0.23333333333333334 0.04191176470588235 0.048366013071895426
6 0.4143382352941177 0.3 0.0375 0.048366013071895426
7 0.39080882352941176 0.27320261437908494 0.03308823529411765 0.06274509803921569
6 0.39742647058823527 0.2150326797385621 0.04926470588235294 0.03529411764705882
10 0.6235294117647059 0.15620915032679739 0.029411764705882353 0.032679738562091505
1 0.6290441176470588 0.15294117647058825 0.005147058823529412 0.026143790849673203
7 0.5911764705882353 0.165359477124183 0.04411764705882353 0.030065359477124184
6 0.5455882352941176 0.15555555555555556 0.033823529411764704 0.02875816993464052
6 0.4933823529411765 0.15163398692810456 0.039705882352941174 0.02875816993464052
7 0.34448529411764706 0.25359477124183005 0.03455882352941177 0.05228758169934641
6 0.31213235294117647 0.25555555555555554 0.03308823529411765 0.043137254901960784
6 0.3084558823529412 0.12679738562091503 0.03602941176470588 0.026143790849673203
6 0.3518382352941177 0.19934640522875818 0.0375 0.03529411764705882
6 0.3356617647058823 0.19215686274509805 0.03897058823529412 0.03398692810457516
6 0.37573529411764706 0.20588235294117646 0.045588235294117645 0.03529411764705882
6 0.3205882352941177 0.18888888888888888 0.03676470588235294 0.030065359477124184
6 0.3025735294117647 0.1843137254901961 0.04044117647058824 0.03137254901960784
7 0.28161764705882353 0.23398692810457516 0.041176470588235294 0.05751633986928104
6 0.2838235294117647 0.1784313725490196 0.03823529411764706 0.027450980392156862
6 0.2599264705882353 0.1718954248366013 0.0375 0.030065359477124184
6 0.25698529411764703 0.23333333333333334 0.030147058823529412 0.040522875816993466
1 0.36764705882352944 0.7980392156862746 0.01764705882352941 0.09281045751633987
1 0.34816176470588234 0.7967320261437908 0.016911764705882352 0.09019607843137255
1 0.3588235294117647 0.949673202614379 0.023529411764705882 0.09803921568627451
1 0.36433823529411763 0.965359477124183 0.01838235294117647 0.06928104575163399
1 0.25073529411764706 0.6745098039215687 0.01911764705882353 0.08627450980392157
2 0.06875 0.5215686274509804 0.030147058823529412 0.05751633986928104
1 0.004044117647058824 0.3405228758169935 0.008088235294117648 0.048366013071895426
0 0.06066176470588235 0.25947712418300656 0.04779411764705882 0.06143790849673202
4 0.19080882352941175 0.515032679738562 0.022794117647058822 0.05751633986928104
4 0.17058823529411765 0.5163398692810458 0.010294117647058823 0.05751633986928104
1 0.17169117647058824 0.49673202614379086 0.0125 0.05751633986928104
1 0.19852941176470587 0.3333333333333333 0.008823529411764706 0.03398692810457516
1 0.19080882352941175 0.33398692810457514 0.009558823529411765 0.0457516339869281
1 0.18198529411764705 0.3300653594771242 0.009558823529411765 0.043137254901960784
6 0.21838235294117647 0.22091503267973855 0.03823529411764706 0.044444444444444446
6 0.2261029411764706 0.165359477124183 0.03455882352941177 0.027450980392156862
6 0.22426470588235295 0.08104575163398693 0.023529411764705882 0.01568627450980392
6 0.17463235294117646 0.08627450980392157 0.025735294117647058 0.018300653594771243
0 0.19816176470588234 0.07450980392156863 0.011029411764705883 0.036601307189542485
0 0.12463235294117647 0.0784313725490196 0.05220588235294118 0.026143790849673203
6 0.12095588235294118 0.10196078431372549 0.03161764705882353 0.026143790849673203
6 0.1275735294117647 0.0915032679738562 0.019852941176470587 0.01568627450980392
2 0.17904411764705883 0.11372549019607843 0.0125 0.01568627450980392
4 0.17941176470588235 0.11045751633986928 0.0058823529411764705 0.0196078431372549
6 0.18529411764705883 0.2130718954248366 0.039705882352941174 0.044444444444444446
1 0.20073529411764707 0.19084967320261437 0.007352941176470588 0.02875816993464052
2 0.19852941176470587 0.17320261437908496 0.007352941176470588 0.01699346405228758
4 0.19779411764705881 0.16797385620915034 0.007352941176470588 0.027450980392156862
1 0.19080882352941175 0.16601307189542483 0.005147058823529412 0.02875816993464052
1 0.1875 0.16601307189542483 0.0058823529411764705 0.026143790849673203
1 0.18713235294117647 0.2856209150326797 0.008088235294117648 0.040522875816993466
4 0.18860294117647058 0.27647058823529413 0.003676470588235294 0.0196078431372549
1 0.13198529411764706 0.2751633986928105 0.006617647058823529 0.043137254901960784
1 0.11985294117647059 0.27450980392156865 0.010294117647058823 0.04183006535947712
1 0.08088235294117647 0.3562091503267974 0.010294117647058823 0.050980392156862744
1 0.08897058823529412 0.269281045751634 0.0058823529411764705 0.0392156862745098
1 0.026838235294117645 0.25620915032679736 0.0125 0.04183006535947712
1 0.05183823529411765 0.373202614379085 0.011029411764705883 0.048366013071895426
1 0.06801470588235294 0.3686274509803922 0.013970588235294118 0.047058823529411764
1 0.05845588235294118 0.3483660130718954 0.011029411764705883 0.050980392156862744
1 0.06397058823529411 0.3006535947712418 0.013235294117647059 0.04183006535947712
6 0.03455882352941177 0.24444444444444444 0.058823529411764705 0.04183006535947712
6 0.02022058823529412 0.2372549019607843 0.04044117647058824 0.03790849673202614
6 0.009191176470588236 0.15620915032679739 0.01838235294117647 0.027450980392156862
6 0.010294117647058823 0.18235294117647058 0.020588235294117647 0.02483660130718954
6 0.15992647058823528 0.2111111111111111 0.03602941176470588 0.03529411764705882
6 0.13713235294117648 0.20588235294117646 0.04044117647058824 0.03790849673202614
6 0.052573529411764706 0.1980392156862745 0.04485294117647059 0.03529411764705882
6 0.10919117647058824 0.20326797385620915 0.04044117647058824 0.032679738562091505
6 0.08639705882352941 0.19673202614379084 0.04191176470588235 0.03529411764705882
6 0.051470588235294115 0.17712418300653596 0.03823529411764706 0.027450980392156862
6 0.06764705882352941 0.15490196078431373 0.03235294117647059 0.027450980392156862
6 0.09154411764705882 0.14705882352941177 0.025735294117647058 0.02483660130718954
6 0.07463235294117647 0.17973856209150327 0.05073529411764706 0.030065359477124184
6 0.10735294117647058 0.1784313725490196 0.03235294117647059 0.032679738562091505
6 0.12941176470588237 0.18366013071895426 0.030882352941176472 0.030065359477124184
7 0.15294117647058825 0.18169934640522875 0.03823529411764706 0.04183006535947712
6 0.16544117647058823 0.15490196078431373 0.041176470588235294 0.02483660130718954
1 0.15220588235294116 0.14705882352941177 0.0058823529411764705 0.02483660130718954
6 0.15257352941176472 0.14313725490196078 0.019852941176470587 0.027450980392156862
1 0.11323529411764706 0.15751633986928104 0.007352941176470588 0.02483660130718954
1 0.12904411764705884 0.1627450980392157 0.005147058823529412 0.02483660130718954
1 0.13529411764705881 0.14901960784313725 0.004411764705882353 0.023529411764705882
6 0.12536764705882353 0.1450980392156863 0.019852941176470587 0.026143790849673203
2 0.14044117647058824 0.16862745098039217 0.011764705882352941 0.013071895424836602
4 0.13897058823529412 0.16666666666666666 0.004411764705882353 0.01437908496732026
1 0.955514705882353 0.726797385620915 0.025735294117647058 0.08104575163398693