0 0.14973958333333334 0.31712962962962965 0.2994791666666667 0.20277777777777778
6 0.38046875 0.8592592592592593 0.06197916666666667 0.13333333333333333
6 0.49557291666666664 0.7398148148148148 0.0453125 0.08333333333333333
6 0.49270833333333336 0.5467592592592593 0.0375 0.058333333333333334
6 0.39817708333333335 0.44722222222222224 0.024479166666666666 0.03518518518518519
6 0.5078125 0.43425925925925923 0.022916666666666665 0.03148148148148148
6 0.47421875 0.38564814814814813 0.0171875 0.026851851851851852
6 0.43802083333333336 0.37407407407407406 0.016666666666666666 0.024074074074074074
6 0.4203125 0.3574074074074074 0.014583333333333334 0.025925925925925925
6 0.49375 0.35138888888888886 0.015625 0.025
6 0.5106770833333333 0.3138888888888889 0.013020833333333334 0.020370370370370372
7 0.4817708333333333 0.29768518518518516 0.011458333333333333 0.017592592592592594
7 0.4640625 0.2949074074074074 0.0125 0.021296296296296296
6 0.48411458333333335 0.28425925925925927 0.008854166666666666 0.011111111111111112
6 0.4796875 0.27314814814814814 0.009375 0.011111111111111112
6 0.46380208333333334 0.25925925925925924 0.008854166666666666 0.014814814814814815
8 0.47942708333333334 0.25601851851851853 0.008854166666666666 0.021296296296296296
6 0.47604166666666664 0.25462962962962965 0.008333333333333333 0.012962962962962963
6 0.4747395833333333 0.24212962962962964 0.0067708333333333336 0.012037037037037037
0 0.46640625 0.21296296296296297 0.0453125 0.044444444444444446
0 0.8627604166666667 0.29444444444444445 0.024479166666666666 0.024074074074074074