0 0.34705882352941175 0.4869281045751634 0.023529411764705882 0.05620915032679739
0 0.3352941176470588 0.39281045751633986 0.051470588235294115 0.10065359477124183
1 0.95 0.22875816993464052 0.013235294117647059 0.04967320261437908
2 0.9231617647058824 0.234640522875817 0.019852941176470587 0.030065359477124184
5 0.9588235294117647 0.21045751633986928 0.016176470588235296 0.03137254901960784
2 0.8974264705882353 0.24705882352941178 0.013970588235294118 0.026143790849673203
2 0.7794117647058824 0.2647058823529412 0.016176470588235296 0.03790849673202614
2 0.76875 0.25359477124183005 0.015441176470588236 0.03398692810457516
1 0.6893382352941176 0.3058823529411765 0.011029411764705883 0.04967320261437908
6 0.7279411764705882 0.3869281045751634 0.0838235294117647 0.07320261437908497
2 0.6981617647058823 0.40980392156862744 0.019852941176470587 0.0457516339869281
2 0.6919117647058823 0.4392156862745098 0.03235294117647059 0.044444444444444446
1 0.7113970588235294 0.4542483660130719 0.022794117647058822 0.06143790849673202
6 0.9481617647058823 0.28888888888888886 0.05367647058823529 0.06274509803921569
6 0.8985294117647059 0.32941176470588235 0.06911764705882353 0.07581699346405228
6 0.8525735294117647 0.3843137254901961 0.06691176470588235 0.08104575163398693
6 0.9216911764705882 0.477124183006536 0.07279411764705883 0.09411764705882353
7 0.9830882352941176 0.38823529411764707 0.033823529411764704 0.08888888888888889
6 0.8389705882352941 0.5875816993464053 0.09117647058823529 0.11633986928104575
6 0.6966911764705882 0.5366013071895425 0.09191176470588236 0.10588235294117647
6 0.7819852941176471 0.8941176470588236 0.12573529411764706 0.21176470588235294
7 0.7044117647058824 0.7503267973856209 0.1 0.1830065359477124
1 0.59375 0.3738562091503268 0.009558823529411765 0.05751633986928104
1 0.6088235294117647 0.3993464052287582 0.014705882352941176 0.05359477124183006
2 0.6290441176470588 0.3784313725490196 0.022794117647058822 0.040522875816993466
2 0.5860294117647059 0.4437908496732026 0.025 0.05359477124183006
2 0.600735294117647 0.4980392156862745 0.039705882352941174 0.054901960784313725
2 0.58125 0.5366013071895425 0.025735294117647058 0.05620915032679739
2 0.5352941176470588 0.4875816993464052 0.013235294117647059 0.06013071895424837
7 0.5702205882352941 0.6379084967320261 0.09779411764705882 0.1542483660130719
1 0.5496323529411765 0.596078431372549 0.011029411764705883 0.06535947712418301
1 0.5198529411764706 0.6058823529411764 0.016176470588235296 0.0718954248366013
1 0.5077205882352941 0.6294117647058823 0.015441176470588236 0.07712418300653595
5 0.5036764705882353 0.41633986928104577 0.030882352941176472 0.03529411764705882
1 0.4948529411764706 0.43790849673202614 0.011764705882352941 0.044444444444444446
1 0.46139705882352944 0.3758169934640523 0.009558823529411765 0.048366013071895426
1 0.45294117647058824 0.41241830065359475 0.008823529411764706 0.05620915032679739
1 0.45808823529411763 0.42026143790849674 0.008823529411764706 0.050980392156862744
1 0.4202205882352941 0.44575163398692813 0.008088235294117648 0.04183006535947712
2 0.4386029411764706 0.4522875816993464 0.027205882352941177 0.044444444444444446
4 0.43786764705882353 0.4437908496732026 0.013970588235294118 0.058823529411764705
5 0.4724264705882353 0.45816993464052286 0.013970588235294118 0.058823529411764705
5 0.45808823529411763 0.46862745098039216 0.01764705882352941 0.05359477124183006
2 0.4672794117647059 0.5 0.013970588235294118 0.06143790849673202
1 0.45625 0.5261437908496732 0.0125 0.06666666666666667
1 0.4455882352941177 0.538562091503268 0.013235294117647059 0.07320261437908497
1 0.4345588235294118 0.5235294117647059 0.014705882352941176 0.0718954248366013
1 0.43125 0.5398692810457516 0.013970588235294118 0.06535947712418301
5 0.4235294117647059 0.6183006535947713 0.03235294117647059 0.06535947712418301
2 0.47610294117647056 0.5699346405228758 0.02426470588235294 0.06013071895424837
5 0.4713235294117647 0.596078431372549 0.020588235294117647 0.05751633986928104
5 0.3981617647058823 0.43071895424836604 0.0125 0.050980392156862744
2 0.38676470588235295 0.42549019607843136 0.014705882352941176 0.048366013071895426
2 0.3801470588235294 0.46601307189542485 0.014705882352941176 0.048366013071895426
1 0.3272058823529412 0.46862745098039216 0.014705882352941176 0.05620915032679739
2 0.36875 0.4647058823529412 0.015441176470588236 0.05620915032679739
4 0.3628676470588235 0.703921568627451 0.025735294117647058 0.050980392156862744
2 0.275 0.5803921568627451 0.03235294117647059 0.054901960784313725
2 0.18235294117647058 0.6862745098039216 0.033823529411764704 0.07320261437908497
6 0.1738970588235294 0.822875816993464 0.14338235294117646 0.1450980392156863
1 0.2867647058823529 0.49019607843137253 0.010294117647058823 0.036601307189542485
1 0.2665441176470588 0.5065359477124183 0.019852941176470587 0.06143790849673202
1 0.27683823529411766 0.503921568627451 0.013970588235294118 0.058823529411764705
1 0.2639705882352941 0.492156862745098 0.011764705882352941 0.06405228758169934
1 0.27095588235294116 0.47843137254901963 0.0125 0.06274509803921569
1 0.2426470588235294 0.40326797385620916 0.014705882352941176 0.058823529411764705
1 0.2338235294117647 0.40522875816993464 0.013235294117647059 0.05751633986928104
1 0.11985294117647059 0.4993464052287582 0.020588235294117647 0.07058823529411765
1 0.16948529411764707 0.3084967320261438 0.0125 0.05228758169934641
1 0.18382352941176472 0.330718954248366 0.013235294117647059 0.04967320261437908
1 0.11176470588235295 0.307843137254902 0.011764705882352941 0.050980392156862744
6 0.1338235294117647 0.39869281045751637 0.06764705882352941 0.08366013071895424
2 0.14852941176470588 0.469281045751634 0.03235294117647059 0.047058823529411764
2 0.1547794117647059 0.48562091503267973 0.03602941176470588 0.050980392156862744
2 0.16875 0.4993464052287582 0.03161764705882353 0.06274509803921569
2 0.05110294117647059 0.32287581699346407 0.03161764705882353 0.036601307189542485
2 0.01948529411764706 0.28431372549019607 0.015441176470588236 0.030065359477124184
1 0.04779411764705882 0.2673202614379085 0.014705882352941176 0.05620915032679739
1 0.06875 0.2196078431372549 0.016911764705882352 0.04967320261437908
2 0.11470588235294117 0.22287581699346407 0.026470588235294117 0.03529411764705882
1 0.09448529411764706 0.23529411764705882 0.011029411764705883 0.04967320261437908
0 0.014705882352941176 0.11699346405228758 0.023529411764705882 0.058823529411764705
2 0.04007352941176471 0.14836601307189543 0.01838235294117647 0.030065359477124184
6 0.013970588235294118 0.1758169934640523 0.027941176470588237 0.048366013071895426
4 0.4588235294117647 0.18627450980392157 0.014705882352941176 0.040522875816993466
4 0.5161764705882353 0.19084967320261437 0.013235294117647059 0.04183006535947712
4 0.43419117647058825 0.1869281045751634 0.011029411764705883 0.0392156862745098
4 0.34411764705882353 0.18104575163398692 0.013235294117647059 0.027450980392156862
4 0.3246323529411765 0.17908496732026144 0.009558823529411765 0.036601307189542485
4 0.3044117647058823 0.17647058823529413 0.013235294117647059 0.03398692810457516