0 0.175 0.48333333333333334 0.042708333333333334 0.03888888888888889
0 0.5453125 0.6240740740740741 0.028125 0.018518518518518517
0 0.9 0.5365740740740741 0.04583333333333333 0.04537037037037037
0 0.20989583333333334 0.4787037037037037 0.021875 0.014814814814814815
8 0.63359375 0.6263888888888889 0.04114583333333333 0.03425925925925926
4 0.1703125 0.7416666666666667 0.005208333333333333 0.016666666666666666
1 0.32838541666666665 0.6449074074074074 0.0036458333333333334 0.019444444444444445
1 0.3380208333333333 0.6375 0.004166666666666667 0.019444444444444445
7 0.35546875 0.6472222222222223 0.025520833333333333 0.025925925925925925
8 0.36692708333333335 0.5106481481481482 0.016145833333333335 0.023148148148148147
6 0.5151041666666667 0.5328703703703703 0.01875 0.017592592592592594
6 0.559375 0.5476851851851852 0.023958333333333335 0.023148148148148147
6 0.6440104166666667 0.5342592592592592 0.027604166666666666 0.014814814814814815
6 0.2421875 0.5074074074074074 0.007291666666666667 0.007407407407407408