0 0.5290441176470588 0.03202614379084967 0.10808823529411765 0.06143790849673202
0 0.45073529411764707 0.08888888888888889 0.06323529411764706 0.06274509803921569
0 0.4889705882352941 0.07777777777777778 0.023529411764705882 0.027450980392156862
0 0.6110294117647059 0.08627450980392157 0.03235294117647059 0.04183006535947712
0 0.6205882352941177 0.12352941176470589 0.052941176470588235 0.043137254901960784
0 0.6422794117647059 0.1588235294117647 0.021323529411764706 0.030065359477124184
0 0.45 0.18758169934640523 0.007352941176470588 0.022222222222222223
0 0.46544117647058825 0.15947712418300652 0.014705882352941176 0.02091503267973856
0 0.4661764705882353 0.13594771241830064 0.0029411764705882353 0.026143790849673203
6 0.4426470588235294 0.13856209150326798 0.020588235294117647 0.018300653594771243
6 0.4213235294117647 0.1522875816993464 0.026470588235294117 0.0196078431372549
6 0.4441176470588235 0.15555555555555556 0.025 0.02091503267973856
6 0.4591911764705882 0.1392156862745098 0.011029411764705883 0.01699346405228758
6 0.4727941176470588 0.14052287581699346 0.010294117647058823 0.0196078431372549
6 0.47904411764705884 0.1287581699346405 0.009558823529411765 0.01437908496732026
6 0.4488970588235294 0.1627450980392157 0.0125 0.01699346405228758
6 0.43823529411764706 0.1830065359477124 0.016176470588235296 0.02091503267973856
2 0.39191176470588235 0.20392156862745098 0.008823529411764706 0.01568627450980392
1 0.4415441176470588 0.2 0.003676470588235294 0.023529411764705882
1 0.43823529411764706 0.2 0.0058823529411764705 0.018300653594771243
9 0.4209558823529412 0.21176470588235294 0.011029411764705883 0.023529411764705882
1 0.4224264705882353 0.22483660130718955 0.005147058823529412 0.023529411764705882
1 0.4275735294117647 0.22679738562091503 0.005147058823529412 0.02483660130718954
11 0.49117647058823527 0.1111111111111111 0.016176470588235296 0.036601307189542485
6 0.5073529411764706 0.08300653594771241 0.007352941176470588 0.011764705882352941
6 0.5106617647058823 0.07516339869281045 0.006617647058823529 0.011764705882352941
7 0.5113970588235294 0.1 0.006617647058823529 0.01699346405228758
6 0.5507352941176471 0.07058823529411765 0.0058823529411764705 0.01045751633986928
6 0.5025735294117647 0.14575163398692811 0.009558823529411765 0.022222222222222223
6 0.48455882352941176 0.165359477124183 0.013235294117647059 0.022222222222222223
6 0.5330882352941176 0.1522875816993464 0.022058823529411766 0.01699346405228758
6 0.4158088235294118 0.2581699346405229 0.021323529411764706 0.03529411764705882
6 0.45441176470588235 0.2601307189542484 0.01911764705882353 0.03137254901960784
6 0.46286764705882355 0.22483660130718955 0.016911764705882352 0.03137254901960784
6 0.49117647058823527 0.20915032679738563 0.016176470588235296 0.026143790849673203
6 0.4849264705882353 0.238562091503268 0.016911764705882352 0.030065359477124184
6 0.4852941176470588 0.2607843137254902 0.01911764705882353 0.030065359477124184
6 0.5191176470588236 0.25098039215686274 0.01764705882352941 0.03137254901960784
6 0.5205882352941177 0.18888888888888888 0.013235294117647059 0.022222222222222223
1 0.3720588235294118 0.2477124183006536 0.004411764705882353 0.02483660130718954
0 0.5900735294117647 0.0542483660130719 0.0125 0.02483660130718954
6 0.5875 0.10130718954248366 0.008823529411764706 0.011764705882352941
1 0.580514705882353 0.0934640522875817 0.0022058823529411764 0.011764705882352941
4 0.5783088235294118 0.1084967320261438 0.003676470588235294 0.01045751633986928
9 0.5768382352941176 0.13333333333333333 0.006617647058823529 0.013071895424836602
4 0.5768382352941176 0.12941176470588237 0.003676470588235294 0.013071895424836602
2 0.5680147058823529 0.1522875816993464 0.003676470588235294 0.011764705882352941
4 0.5683823529411764 0.14967320261437908 0.0029411764705882353 0.01437908496732026
6 0.6194852941176471 0.15620915032679739 0.013970588235294118 0.0196078431372549
7 0.6257352941176471 0.17124183006535948 0.008823529411764706 0.023529411764705882
1 0.6154411764705883 0.22287581699346407 0.004411764705882353 0.027450980392156862
4 0.6 0.169281045751634 0.004411764705882353 0.0196078431372549
2 0.6003676470588235 0.17124183006535948 0.003676470588235294 0.01568627450980392
7 0.674264705882353 0.20065359477124184 0.030882352941176472 0.030065359477124184
1 0.6698529411764705 0.2235294117647059 0.004411764705882353 0.023529411764705882
1 0.6731617647058824 0.23398692810457516 0.005147058823529412 0.026143790849673203
1 0.6753676470588236 0.24313725490196078 0.005147058823529412 0.02875816993464052
9 0.6088235294117647 0.2699346405228758 0.011764705882352941 0.027450980392156862
1 0.6246323529411765 0.29411764705882354 0.009558823529411765 0.03137254901960784
1 0.6433823529411765 0.29215686274509806 0.007352941176470588 0.027450980392156862
1 0.6419117647058824 0.2973856209150327 0.010294117647058823 0.027450980392156862
5 0.9768382352941176 0.9601307189542484 0.030147058823529412 0.07973856209150326
4 0.98125 0.9444444444444444 0.021323529411764706 0.07450980392156863
6 0.9827205882352941 0.7555555555555555 0.03455882352941177 0.10718954248366012
2 0.8202205882352941 0.3411764705882353 0.016911764705882352 0.023529411764705882
1 0.8238970588235294 0.3359477124183007 0.008088235294117648 0.03137254901960784
9 0.9441176470588235 0.35555555555555557 0.045588235294117645 0.03137254901960784
6 0.8801470588235294 0.35555555555555557 0.05588235294117647 0.036601307189542485
6 0.881985294117647 0.3803921568627451 0.04926470588235294 0.0392156862745098
6 0.7231617647058823 0.4215686274509804 0.05073529411764706 0.048366013071895426
6 0.5286764705882353 0.3235294117647059 0.029411764705882353 0.050980392156862744
6 0.5915441176470588 0.36993464052287583 0.05808823529411765 0.06535947712418301
6 0.5345588235294118 0.4562091503267974 0.045588235294117645 0.06013071895424837
2 0.6386029411764705 0.49607843137254903 0.01838235294117647 0.032679738562091505
4 0.6393382352941176 0.48562091503267973 0.011029411764705883 0.032679738562091505
2 0.6242647058823529 0.5947712418300654 0.014705882352941176 0.044444444444444446
4 0.6235294117647059 0.5790849673202615 0.014705882352941176 0.036601307189542485
2 0.5783088235294118 0.5535947712418301 0.01838235294117647 0.043137254901960784
4 0.580514705882353 0.5470588235294118 0.009558823529411765 0.03790849673202614
4 0.5786764705882353 0.5424836601307189 0.011764705882352941 0.04183006535947712
6 0.5860294117647059 0.6490196078431373 0.04264705882352941 0.07712418300653595
6 0.6033088235294117 0.8019607843137255 0.05514705882352941 0.12941176470588237
2 0.4441176470588235 0.44901960784313727 0.022058823529411766 0.027450980392156862
4 0.44485294117647056 0.44052287581699345 0.011764705882352941 0.0392156862745098
9 0.4470588235294118 0.42810457516339867 0.025 0.03529411764705882
4 0.44227941176470587 0.4189542483660131 0.009558823529411765 0.03790849673202614
7 0.3290441176470588 0.2647058823529412 0.02426470588235294 0.03790849673202614
7 0.30625 0.2542483660130719 0.030147058823529412 0.05620915032679739
6 0.3161764705882353 0.361437908496732 0.060294117647058824 0.050980392156862744
6 0.31470588235294117 0.5339869281045752 0.051470588235294115 0.0718954248366013
6 0.3371323529411765 0.726797385620915 0.05220588235294118 0.12549019607843137
1 0.20036764705882354 0.5379084967320261 0.009558823529411765 0.0457516339869281
6 0.24632352941176472 0.726797385620915 0.07058823529411765 0.12287581699346405
10 0.25625 0.5928104575163399 0.0375 0.08235294117647059
6 0.24191176470588235 0.46405228758169936 0.06764705882352941 0.06535947712418301
6 0.10551470588235294 0.6444444444444445 0.08602941176470588 0.0915032679738562
6 0.060294117647058824 0.722875816993464 0.12058823529411765 0.09673202614379085
6 0.03676470588235294 0.7993464052287582 0.07352941176470588 0.10588235294117647
4 0.006617647058823529 0.5522875816993464 0.013235294117647059 0.043137254901960784
6 0.027941176470588237 0.31437908496732025 0.05588235294117647 0.03529411764705882
6 0.13161764705882353 0.39673202614379083 0.06764705882352941 0.0457516339869281
9 0.12683823529411764 0.4196078431372549 0.03602941176470588 0.02875816993464052
4 0.1349264705882353 0.41045751633986927 0.011029411764705883 0.03137254901960784
4 0.12279411764705882 0.40065359477124185 0.008823529411764706 0.030065359477124184
7 0.11176470588235295 0.3130718954248366 0.06323529411764706 0.040522875816993466
2 0.061764705882352944 0.26601307189542484 0.010294117647058823 0.022222222222222223
9 0.05 0.26405228758169935 0.01911764705882353 0.02875816993464052
0 0.08235294117647059 0.26405228758169935 0.026470588235294117 0.023529411764705882
6 0.1536764705882353 0.28366013071895424 0.023529411764705882 0.03398692810457516
6 0.1860294117647059 0.3183006535947712 0.05588235294117647 0.03790849673202614
6 0.19558823529411765 0.2875816993464052 0.039705882352941174 0.03398692810457516
2 0.19117647058823528 0.3326797385620915 0.022058823529411766 0.0196078431372549
4 0.19044117647058822 0.3235294117647059 0.008823529411764706 0.030065359477124184
6 0.2716911764705882 0.2758169934640523 0.03161764705882353 0.03398692810457516
1 0.26286764705882354 0.28888888888888886 0.009558823529411765 0.03398692810457516
1 0.26691176470588235 0.28954248366013075 0.007352941176470588 0.027450980392156862
1 0.24779411764705883 0.28431372549019607 0.0058823529411764705 0.030065359477124184
1 0.2426470588235294 0.28431372549019607 0.0058823529411764705 0.030065359477124184
2 0.24080882352941177 0.2797385620915033 0.009558823529411765 0.03137254901960784
9 0.25036764705882353 0.30392156862745096 0.03161764705882353 0.022222222222222223
4 0.25625 0.2973856209150327 0.009558823529411765 0.022222222222222223