6 0.05703125 0.7189814814814814 0.1140625 0.0824074074074074
2 0.0140625 0.812962962962963 0.028125 0.05555555555555555
6 0.05859375 0.8490740740740741 0.07447916666666667 0.1685185185185185
6 0.23828125 0.8055555555555556 0.07239583333333334 0.16111111111111112
0 0.4002604166666667 0.2023148148148148 0.0296875 0.017592592592592594
6 0.36328125 0.27870370370370373 0.015104166666666667 0.022222222222222223
6 0.37942708333333336 0.27870370370370373 0.0140625 0.020370370370370372
6 0.38333333333333336 0.3199074074074074 0.029166666666666667 0.025
0 0.3260416666666667 0.2814814814814815 0.00625 0.014814814814814815
0 0.44557291666666665 0.1439814814814815 0.024479166666666666 0.03425925925925926
8 0.6018229166666667 0.5796296296296296 0.06510416666666667 0.1
11 0.5651041666666666 0.4638888888888889 0.04895833333333333 0.11296296296296296
8 0.5424479166666667 0.39305555555555555 0.0421875 0.09166666666666666
8 0.5223958333333333 0.3490740740740741 0.022916666666666665 0.04814814814814815
11 0.5122395833333333 0.3162037037037037 0.030729166666666665 0.06574074074074074
8 0.49244791666666665 0.25925925925925924 0.018229166666666668 0.03518518518518519
6 0.465625 0.24259259259259258 0.010416666666666666 0.016666666666666666
6 0.45078125 0.2050925925925926 0.0067708333333333336 0.012037037037037037
6 0.4471354166666667 0.19166666666666668 0.0067708333333333336 0.011111111111111112
0 0.4700520833333333 0.2037037037037037 0.013020833333333334 0.022222222222222223
0 0.4734375 0.22314814814814815 0.005208333333333333 0.018518518518518517
0 0.4828125 0.225 0.010416666666666666 0.014814814814814815
8 0.4856770833333333 0.24259259259259258 0.013020833333333334 0.02962962962962963
0 0.475 0.1814814814814815 0.022916666666666665 0.022222222222222223
6 0.46041666666666664 0.17592592592592593 0.005208333333333333 0.007407407407407408
6 0.45546875 0.16944444444444445 0.005729166666666666 0.007407407407407408
7 0.45416666666666666 0.16574074074074074 0.004166666666666667 0.007407407407407408
7 0.44557291666666665 0.16666666666666666 0.0046875 0.009259259259259259
6 0.44479166666666664 0.17037037037037037 0.004166666666666667 0.007407407407407408
6 0.45208333333333334 0.18287037037037038 0.005208333333333333 0.008333333333333333
7 0.44505208333333335 0.1787037037037037 0.0046875 0.011111111111111112
6 0.44947916666666665 0.17592592592592593 0.005208333333333333 0.009259259259259259
0 0.4361979166666667 0.17083333333333334 0.005729166666666666 0.017592592592592594
0 0.44192708333333336 0.175 0.0015625 0.007407407407407408
9 0.41640625 0.5398148148148149 0.019270833333333334 0.046296296296296294