6 0.6591911764705882 0.9013071895424837 0.19044117647058822 0.18169934640522875
6 0.9426470588235294 0.8633986928104576 0.11470588235294117 0.23137254901960785
6 0.08419117647058824 0.01895424836601307 0.04779411764705882 0.03790849673202614
1 0.21875 0.01568627450980392 0.0125 0.03137254901960784
1 0.4551470588235294 0.11241830065359477 0.010294117647058823 0.03398692810457516
2 0.45551470588235293 0.11895424836601307 0.03308823529411765 0.03398692810457516
6 0.6235294117647059 0.15359477124183007 0.06911764705882353 0.05620915032679739
6 0.7702205882352942 0.2633986928104575 0.06691176470588235 0.07712418300653595
7 0.8727941176470588 0.4392156862745098 0.05588235294117647 0.13071895424836602
9 0.9801470588235294 0.534640522875817 0.039705882352941174 0.09411764705882353
4 0.9830882352941176 0.5084967320261438 0.020588235294117647 0.03137254901960784
4 0.9852941176470589 0.369281045751634 0.016176470588235296 0.032679738562091505
4 0.9691176470588235 0.35490196078431374 0.016176470588235296 0.03790849673202614
9 0.975735294117647 0.38300653594771245 0.04852941176470588 0.0784313725490196
6 0.7849264705882353 0.10130718954248366 0.05220588235294118 0.0457516339869281
6 0.7459558823529412 0.06274509803921569 0.03161764705882353 0.04967320261437908
1 0.7540441176470588 0.06405228758169934 0.013970588235294118 0.02875816993464052
0 0.4334558823529412 0.02679738562091503 0.3713235294117647 0.05359477124183006
0 0.9091911764705882 0.08300653594771241 0.18161764705882352 0.16601307189542483
0 0.7845588235294118 0.03333333333333333 0.045588235294117645 0.06666666666666667
6 0.7433823529411765 0.013071895424836602 0.022058823529411766 0.026143790849673203