7 0.024479166666666666 0.36435185185185187 0.04895833333333333 0.03981481481481482
2 0.04375 0.32037037037037036 0.013541666666666667 0.018518518518518517
2 0.029166666666666667 0.30694444444444446 0.014583333333333334 0.01574074074074074
0 0.055989583333333336 0.2898148148148148 0.034895833333333334 0.037037037037037035
0 0.07890625 0.2675925925925926 0.0109375 0.03148148148148148
0 0.32760416666666664 0.09212962962962963 0.010416666666666666 0.026851851851851852
4 0.09765625 0.2712962962962963 0.0067708333333333336 0.020370370370370372
1 0.1203125 0.28194444444444444 0.00625 0.028703703703703703
1 0.12578125 0.2824074074074074 0.0067708333333333336 0.027777777777777776
4 0.13046875 0.2865740740740741 0.005729166666666666 0.019444444444444445
4 0.13463541666666667 0.28703703703703703 0.0067708333333333336 0.022222222222222223
6 0.1546875 0.25925925925925924 0.020833333333333332 0.025925925925925925
1 0.15729166666666666 0.3106481481481482 0.005208333333333333 0.028703703703703703
1 0.16927083333333334 0.3106481481481482 0.00625 0.026851851851851852
10 0.17890625 0.2722222222222222 0.016145833333333335 0.03518518518518519
10 0.18697916666666667 0.28703703703703703 0.009375 0.03333333333333333
6 0.09895833333333333 0.39490740740740743 0.057291666666666664 0.03611111111111111
0 0.15833333333333333 0.22361111111111112 0.058333333333333334 0.03425925925925926
0 0.19453125 0.2523148148148148 0.0078125 0.032407407407407406
0 0.22760416666666666 0.1925925925925926 0.008333333333333333 0.037037037037037035
10 0.21692708333333333 0.225 0.0109375 0.027777777777777776
8 0.21484375 0.26805555555555555 0.021354166666666667 0.049074074074074076
6 0.22526041666666666 0.2569444444444444 0.016145833333333335 0.030555555555555555
6 0.23125 0.2388888888888889 0.016666666666666666 0.027777777777777776
6 0.24010416666666667 0.2199074074074074 0.014583333333333334 0.021296296296296296
6 0.246875 0.2064814814814815 0.015625 0.022222222222222223
6 0.2513020833333333 0.1925925925925926 0.0140625 0.018518518518518517
6 0.2596354166666667 0.17916666666666667 0.013020833333333334 0.023148148148148147
10 0.2484375 0.1712962962962963 0.009375 0.025925925925925925
2 0.2752604166666667 0.19074074074074074 0.0046875 0.018518518518518517
6 0.25833333333333336 0.1259259259259259 0.008333333333333333 0.014814814814814815
4 0.3033854166666667 0.2814814814814815 0.005729166666666666 0.016666666666666666
6 0.3140625 0.07175925925925926 0.008333333333333333 0.012037037037037037
6 0.28463541666666664 0.0875 0.008854166666666666 0.013888888888888888
0 0.2721354166666667 0.12777777777777777 0.018229166666666668 0.04259259259259259
0 0.30026041666666664 0.08935185185185185 0.0140625 0.03981481481481482
4 0.3234375 0.16111111111111112 0.004166666666666667 0.016666666666666666
4 0.3260416666666667 0.21851851851851853 0.004166666666666667 0.020370370370370372
4 0.32109375 0.24074074074074073 0.0046875 0.020370370370370372
0 0.30572916666666666 0.22037037037037038 0.005208333333333333 0.022222222222222223
1 0.3143229166666667 0.2199074074074074 0.0036458333333333334 0.017592592592592594
4 0.3140625 0.1962962962962963 0.004166666666666667 0.014814814814814815
4 0.32421875 0.19722222222222222 0.0036458333333333334 0.018518518518518517
6 0.3424479166666667 0.19907407407407407 0.011979166666666667 0.024074074074074074
6 0.33958333333333335 0.21435185185185185 0.015625 0.025
6 0.40078125 0.18333333333333332 0.024479166666666666 0.020370370370370372
0 0.3885416666666667 0.225 0.028125 0.024074074074074074
4 0.33229166666666665 0.30833333333333335 0.005208333333333333 0.022222222222222223
2 0.41041666666666665 0.26944444444444443 0.009375 0.018518518518518517
4 0.43645833333333334 0.27870370370370373 0.005208333333333333 0.022222222222222223
2 0.3731770833333333 0.3300925925925926 0.016145833333333335 0.017592592592592594
0 0.40130208333333334 0.3199074074074074 0.011979166666666667 0.025
4 0.44869791666666664 0.3347222222222222 0.0046875 0.025
4 0.4578125 0.34120370370370373 0.00625 0.025
5 0.44765625 0.3416666666666667 0.0171875 0.014814814814814815
5 0.45677083333333335 0.34675925925925927 0.016666666666666666 0.019444444444444445
4 0.42604166666666665 0.3685185185185185 0.007291666666666667 0.024074074074074074
4 0.4109375 0.38101851851851853 0.008333333333333333 0.025
2 0.41119791666666666 0.387037037037037 0.0203125 0.022222222222222223
1 0.41848958333333336 0.3962962962962963 0.0067708333333333336 0.03148148148148148
2 0.4265625 0.37546296296296294 0.014583333333333334 0.019444444444444445
4 0.45677083333333335 0.3699074074074074 0.008333333333333333 0.023148148148148147
2 0.45729166666666665 0.3787037037037037 0.016666666666666666 0.018518518518518517
1 0.4361979166666667 0.42268518518518516 0.0078125 0.032407407407407406
1 0.0421875 0.5013888888888889 0.0125 0.03611111111111111
1 0.04401041666666667 0.4898148148148148 0.011979166666666667 0.03333333333333333
1 0.057291666666666664 0.4888888888888889 0.0125 0.03518518518518519
1 0.02421875 0.4439814814814815 0.008854166666666666 0.03425925925925926
1 0.03671875 0.4361111111111111 0.0109375 0.03518518518518519
2 0.04375 0.425 0.019791666666666666 0.024074074074074074
4 0.04114583333333333 0.4166666666666667 0.009375 0.022222222222222223
4 0.05416666666666667 0.40694444444444444 0.008333333333333333 0.021296296296296296
2 0.05703125 0.41759259259259257 0.0140625 0.018518518518518517
2 0.06692708333333333 0.4546296296296296 0.027604166666666666 0.025925925925925925
1 0.40651041666666665 0.46111111111111114 0.008854166666666666 0.03888888888888889
1 0.41484375 0.4638888888888889 0.0078125 0.03888888888888889
1 0.42604166666666665 0.46435185185185185 0.007291666666666667 0.03611111111111111
1 0.37421875 0.4671296296296296 0.0067708333333333336 0.03611111111111111
1 0.36692708333333335 0.48703703703703705 0.005729166666666666 0.03148148148148148
1 0.3736979166666667 0.5013888888888889 0.0078125 0.03981481481481482
6 0.4901041666666667 0.350462962962963 0.0375 0.030555555555555555
1 0.4861979166666667 0.38657407407407407 0.0067708333333333336 0.028703703703703703
4 0.48880208333333336 0.3726851851851852 0.0067708333333333336 0.023148148148148147
2 0.4890625 0.3800925925925926 0.017708333333333333 0.019444444444444445
5 0.503125 0.36435185185185187 0.011458333333333333 0.01574074074074074
0 0.53828125 0.3453703703703704 0.018229166666666668 0.07592592592592592
0 0.5802083333333333 0.3416666666666667 0.026041666666666668 0.053703703703703705
4 0.6231770833333333 0.3375 0.005729166666666666 0.021296296296296296
2 0.62265625 0.3435185185185185 0.0171875 0.018518518518518517
0 0.6119791666666666 0.31157407407407406 0.025 0.028703703703703703
2 0.6432291666666666 0.31851851851851853 0.011458333333333333 0.018518518518518517
2 0.48333333333333334 0.45694444444444443 0.007291666666666667 0.026851851851851852
2 0.47708333333333336 0.40925925925925927 0.01875 0.022222222222222223
0 0.48489583333333336 0.4310185185185185 0.022916666666666665 0.023148148148148147
2 0.5013020833333334 0.4273148148148148 0.0067708333333333336 0.025
2 0.5145833333333333 0.4236111111111111 0.014583333333333334 0.03611111111111111
2 0.5244791666666667 0.4287037037037037 0.010416666666666666 0.027777777777777776
2 0.5338541666666666 0.42777777777777776 0.011458333333333333 0.025925925925925925
4 0.53671875 0.40555555555555556 0.0067708333333333336 0.025925925925925925
2 0.54375 0.4287037037037037 0.009375 0.024074074074074074
2 0.49713541666666666 0.45601851851851855 0.0078125 0.030555555555555555
2 0.50390625 0.4703703703703704 0.008854166666666666 0.02962962962962963
2 0.5140625 0.46944444444444444 0.00625 0.027777777777777776
1 0.44036458333333334 0.5 0.0067708333333333336 0.025925925925925925
2 0.453125 0.5013888888888889 0.008333333333333333 0.021296296296296296
2 0.4669270833333333 0.4981481481481482 0.0109375 0.022222222222222223
2 0.48151041666666666 0.4962962962962963 0.0067708333333333336 0.022222222222222223
0 0.4984375 0.4986111111111111 0.016666666666666666 0.021296296296296296
5 0.50859375 0.5041666666666667 0.0171875 0.025
1 0.47213541666666664 0.5347222222222222 0.0109375 0.03796296296296296
1 0.4315104166666667 0.5537037037037037 0.0067708333333333336 0.04259259259259259
1 0.50625 0.5564814814814815 0.008333333333333333 0.046296296296296294
2 0.5278645833333333 0.46805555555555556 0.008854166666666666 0.030555555555555555
2 0.5255208333333333 0.4583333333333333 0.014583333333333334 0.025925925925925925
5 0.5223958333333333 0.49907407407407406 0.007291666666666667 0.022222222222222223
5 0.53046875 0.4981481481481482 0.0078125 0.022222222222222223
2 0.57265625 0.4537037037037037 0.005729166666666666 0.024074074074074074
2 0.5809895833333333 0.4537037037037037 0.0067708333333333336 0.027777777777777776
2 0.6119791666666666 0.46435185185185185 0.011458333333333333 0.030555555555555555
0 0.596875 0.4537037037037037 0.015625 0.02962962962962963
0 0.5856770833333333 0.4236111111111111 0.05572916666666667 0.025
2 0.6200520833333333 0.42592592592592593 0.0171875 0.020370370370370372
5 0.60390625 0.40370370370370373 0.015104166666666667 0.020370370370370372
10 0.6200520833333333 0.3888888888888889 0.0296875 0.025925925925925925
2 0.5453125 0.4949074074074074 0.011458333333333333 0.021296296296296296
2 0.5606770833333333 0.4930555555555556 0.009895833333333333 0.03611111111111111
1 0.6296875 0.6606481481481481 0.009375 0.049074074074074076
1 0.6236979166666666 0.6092592592592593 0.0067708333333333336 0.037037037037037035
1 0.634375 0.6078703703703704 0.008333333333333333 0.04351851851851852
1 0.62734375 0.6305555555555555 0.009895833333333333 0.03518518518518519
1 0.6450520833333333 0.7398148148148148 0.011979166666666667 0.06111111111111111
0 0.6455729166666667 0.6689814814814815 0.011979166666666667 0.06759259259259259
1 0.6479166666666667 0.7800925925925926 0.008333333333333333 0.03611111111111111
4 0.35598958333333336 0.5055555555555555 0.008854166666666666 0.024074074074074074
2 0.3578125 0.5166666666666667 0.020833333333333332 0.020370370370370372
2 0.3572916666666667 0.5481481481481482 0.020833333333333332 0.027777777777777776
4 0.3854166666666667 0.5532407407407407 0.0125 0.03981481481481482
2 0.3841145833333333 0.5652777777777778 0.0078125 0.030555555555555555
1 0.34375 0.5777777777777777 0.007291666666666667 0.037037037037037035
10 0.328125 0.5625 0.03958333333333333 0.025
10 0.32447916666666665 0.5935185185185186 0.0375 0.03148148148148148
1 0.3268229166666667 0.7939814814814815 0.0109375 0.05092592592592592
1 0.33958333333333335 0.7898148148148149 0.010416666666666666 0.053703703703703705
1 0.34739583333333335 0.8337962962962963 0.010416666666666666 0.058333333333333334
4 0.36822916666666666 0.8273148148148148 0.011458333333333333 0.03425925925925926
1 0.3671875 0.9689814814814814 0.010416666666666666 0.062037037037037036
1 0.33151041666666664 0.9888888888888889 0.018229166666666668 0.022222222222222223
0 0.36328125 0.9416666666666667 0.034895833333333334 0.040740740740740744
2 0.3625 0.8930555555555556 0.03333333333333333 0.041666666666666664
2 0.3731770833333333 0.8722222222222222 0.0359375 0.040740740740740744
2 0.3919270833333333 0.7111111111111111 0.028645833333333332 0.03518518518518519
2 0.3893229166666667 0.7337962962962963 0.0296875 0.03611111111111111
0 0.3807291666666667 0.7800925925925926 0.042708333333333334 0.05648148148148148
2 0.4088541666666667 0.9833333333333333 0.04479166666666667 0.027777777777777776
2 0.40546875 0.9597222222222223 0.03802083333333333 0.03981481481481482
2 0.4122395833333333 0.9148148148148149 0.033854166666666664 0.04814814814814815
2 0.40963541666666664 0.9351851851851852 0.0359375 0.02962962962962963
0 0.4265625 0.7787037037037037 0.042708333333333334 0.21851851851851853
2 0.43984375 0.65 0.0296875 0.027777777777777776
1 0.4622395833333333 0.6462962962962963 0.009895833333333333 0.04259259259259259
5 0.4622395833333333 0.6606481481481481 0.0078125 0.03425925925925926
1 0.47239583333333335 0.649074074074074 0.007291666666666667 0.05
0 0.5046875 0.7902777777777777 0.046875 0.3398148148148148
2 0.503125 0.9800925925925926 0.04791666666666667 0.03981481481481482
1 0.4661458333333333 0.7916666666666666 0.010416666666666666 0.06481481481481481
1 0.4583333333333333 0.774074074074074 0.009375 0.06111111111111111
1 0.47213541666666664 0.7560185185185185 0.011979166666666667 0.05277777777777778
1 0.4591145833333333 0.7324074074074074 0.013020833333333334 0.046296296296296294
1 0.4627604166666667 0.7055555555555556 0.009895833333333333 0.04259259259259259
4 0.07005208333333333 0.6097222222222223 0.013020833333333334 0.03981481481481482
2 0.07005208333333333 0.6171296296296296 0.018229166666666668 0.049074074074074076
4 0.04895833333333333 0.5712962962962963 0.011458333333333333 0.02962962962962963
4 0.05364583333333333 0.5685185185185185 0.01875 0.04259259259259259
2 0.050520833333333334 0.5847222222222223 0.015625 0.03981481481481482
10 0.022395833333333334 0.5662037037037037 0.03125 0.08055555555555556
1 0.15494791666666666 0.5189814814814815 0.009895833333333333 0.03425925925925926
6 0.17994791666666668 0.5449074074074074 0.0390625 0.06018518518518518
4 0.153125 0.3736111111111111 0.009375 0.032407407407407406
2 0.15364583333333334 0.3824074074074074 0.007291666666666667 0.022222222222222223
4 0.18723958333333332 0.4305555555555556 0.0078125 0.025925925925925925
2 0.1875 0.44351851851851853 0.013541666666666667 0.024074074074074074
4 0.16744791666666667 0.4125 0.013020833333333334 0.03425925925925926
4 0.16171875 0.3972222222222222 0.0067708333333333336 0.022222222222222223
2 0.16744791666666667 0.41805555555555557 0.0234375 0.025
4 0.18203125 0.3888888888888889 0.0067708333333333336 0.024074074074074074
2 0.18489583333333334 0.39861111111111114 0.016666666666666666 0.019444444444444445
10 0.18072916666666666 0.37916666666666665 0.03958333333333333 0.03796296296296296
10 0.19348958333333333 0.34305555555555556 0.03177083333333333 0.03981481481481482
2 0.22395833333333334 0.31805555555555554 0.008333333333333333 0.019444444444444445
4 0.23958333333333334 0.3314814814814815 0.00625 0.024074074074074074
2 0.23984375 0.33796296296296297 0.016145833333333335 0.020370370370370372
4 0.23229166666666667 0.3685185185185185 0.00625 0.020370370370370372
2 0.23541666666666666 0.3768518518518518 0.014583333333333334 0.020370370370370372
4 0.21927083333333333 0.4101851851851852 0.008333333333333333 0.025925925925925925
2 0.22057291666666667 0.41898148148148145 0.013020833333333334 0.025
4 0.20208333333333334 0.40694444444444444 0.009375 0.025
2 0.20260416666666667 0.412962962962963 0.021875 0.022222222222222223
6 0.21015625 0.4513888888888889 0.033854166666666664 0.04351851851851852
4 0.24895833333333334 0.3814814814814815 0.008333333333333333 0.024074074074074074
2 0.25026041666666665 0.39166666666666666 0.019270833333333334 0.018518518518518517
4 0.22369791666666666 0.31203703703703706 0.005729166666666666 0.022222222222222223
4 0.26145833333333335 0.29305555555555557 0.005208333333333333 0.023148148148148147
2 0.26145833333333335 0.29953703703703705 0.010416666666666666 0.021296296296296296
4 0.2643229166666667 0.3384259259259259 0.005729166666666666 0.026851851851851852
2 0.2635416666666667 0.34120370370370373 0.014583333333333334 0.019444444444444445
4 0.27317708333333335 0.33935185185185185 0.0067708333333333336 0.021296296296296296
2 0.27291666666666664 0.34629629629629627 0.008333333333333333 0.024074074074074074
4 0.35 0.40925925925925927 0.008333333333333333 0.03148148148148148
2 0.35 0.41574074074074074 0.01875 0.022222222222222223
1 0.35989583333333336 0.48935185185185187 0.00625 0.028703703703703703
6 0.3536458333333333 0.36064814814814816 0.04583333333333333 0.04351851851851852
2 0.33151041666666664 0.31574074074074077 0.008854166666666666 0.020370370370370372
4 0.1875 0.3458333333333333 0.009375 0.026851851851851852