6 0.7479166666666667 0.3425925925925926 0.03333333333333333 0.024074074074074074
6 0.33098958333333334 0.9175925925925926 0.0546875 0.15
6 0.1125 0.8921296296296296 0.128125 0.10648148148148148
6 0.27890625 0.7231481481481481 0.0484375 0.09814814814814815
6 0.3723958333333333 0.5416666666666666 0.029166666666666667 0.053703703703703705
6 0.31875 0.5356481481481481 0.028125 0.05277777777777778
6 0.3609375 0.4078703703703704 0.01875 0.032407407407407406
9 0.49609375 0.4263888888888889 0.011979166666666667 0.021296296296296296
4 0.4942708333333333 0.41574074074074074 0.00625 0.016666666666666666
6 0.41822916666666665 0.375 0.019791666666666666 0.027777777777777776
8 0.4005208333333333 0.30787037037037035 0.020833333333333332 0.03796296296296296
6 0.37213541666666666 0.2884259259259259 0.013020833333333334 0.021296296296296296
4 0.41901041666666666 0.28055555555555556 0.0026041666666666665 0.007407407407407408
9 0.41848958333333336 0.2865740740740741 0.0046875 0.010185185185185186
4 0.41458333333333336 0.274537037037037 0.003125 0.012037037037037037
5 0.41458333333333336 0.28194444444444444 0.003125 0.010185185185185186
6 0.3463541666666667 0.275 0.011458333333333333 0.014814814814814815
6 0.35078125 0.25601851851851853 0.009895833333333333 0.012037037037037037
6 0.3346354166666667 0.25 0.009895833333333333 0.014814814814814815
8 0.33229166666666665 0.23287037037037037 0.011458333333333333 0.017592592592592594
6 0.34010416666666665 0.23287037037037037 0.008333333333333333 0.010185185185185186
8 0.2830729166666667 0.22361111111111112 0.013020833333333334 0.023148148148148147
7 0.31171875 0.22407407407407406 0.0067708333333333336 0.012962962962962963
6 0.3203125 0.2212962962962963 0.007291666666666667 0.011111111111111112
11 0.3046875 0.2037037037037037 0.014583333333333334 0.022222222222222223
8 0.2950520833333333 0.19074074074074074 0.008854166666666666 0.018518518518518517
6 0.28359375 0.19398148148148148 0.0046875 0.006481481481481481
6 0.2677083333333333 0.19583333333333333 0.004166666666666667 0.008333333333333333
6 0.28072916666666664 0.19027777777777777 0.004166666666666667 0.006481481481481481
7 0.2833333333333333 0.1837962962962963 0.005208333333333333 0.008333333333333333
6 0.2869791666666667 0.17685185185185184 0.004166666666666667 0.005555555555555556
7 0.28489583333333335 0.17314814814814813 0.004166666666666667 0.007407407407407408
6 0.27421875 0.1814814814814815 0.0046875 0.007407407407407408
8 0.26901041666666664 0.16898148148148148 0.0036458333333333334 0.008333333333333333
6 0.26510416666666664 0.17037037037037037 0.003125 0.005555555555555556
11 0.2559895833333333 0.17314814814814813 0.0067708333333333336 0.016666666666666666
11 0.24895833333333334 0.16574074074074074 0.004166666666666667 0.009259259259259259
0 0.2515625 0.15046296296296297 0.027083333333333334 0.023148148148148147