5 0.6541666666666667 0.9611111111111111 0.04375 0.044444444444444446
4 0.590625 0.8814814814814815 0.0125 0.037037037037037035
2 0.5911458333333334 0.8962962962962963 0.011458333333333333 0.05185185185185185
4 0.5583333333333333 0.8638888888888889 0.014583333333333334 0.03518518518518519
2 0.5567708333333333 0.8814814814814815 0.011458333333333333 0.04814814814814815
4 0.3541666666666667 0.8 0.016666666666666666 0.04814814814814815
5 0.35260416666666666 0.8101851851851852 0.015625 0.03888888888888889
2 0.36354166666666665 0.7620370370370371 0.029166666666666667 0.03148148148148148
2 0.36614583333333334 0.7416666666666667 0.03229166666666667 0.03888888888888889
4 0.39791666666666664 0.6787037037037037 0.008333333333333333 0.020370370370370372
2 0.3984375 0.6972222222222222 0.009375 0.03148148148148148
4 0.4203125 0.6407407407407407 0.011458333333333333 0.025925925925925925
2 0.42083333333333334 0.6546296296296297 0.010416666666666666 0.03518518518518519
4 0.5119791666666667 0.687962962962963 0.009375 0.020370370370370372
4 0.5114583333333333 0.6814814814814815 0.010416666666666666 0.025925925925925925
2 0.5109375 0.7 0.009375 0.025925925925925925
8 0.5578125 0.6453703703703704 0.046875 0.08333333333333333
6 0.48489583333333336 0.6314814814814815 0.028125 0.04814814814814815
9 0.546875 0.5861111111111111 0.03333333333333333 0.027777777777777776
4 0.5130208333333334 0.6157407407407407 0.009375 0.024074074074074074
2 0.5145833333333333 0.6314814814814815 0.008333333333333333 0.022222222222222223
6 0.4171875 0.5648148148148148 0.021875 0.04814814814814815
6 0.53125 0.5537037037037037 0.022916666666666665 0.03333333333333333
6 0.525 0.5212962962962963 0.022916666666666665 0.03148148148148148
6 0.5125 0.49444444444444446 0.020833333333333332 0.037037037037037035
6 0.5057291666666667 0.4740740740740741 0.017708333333333333 0.025925925925925925
6 0.5322916666666667 0.46574074074074073 0.03333333333333333 0.024074074074074074
2 0.5005208333333333 0.45555555555555555 0.015625 0.018518518518518517
6 0.490625 0.5203703703703704 0.01875 0.037037037037037035
4 0.4984375 0.49444444444444446 0.005208333333333333 0.018518518518518517
2 0.4984375 0.5037037037037037 0.007291666666666667 0.014814814814814815
4 0.47760416666666666 0.5333333333333333 0.007291666666666667 0.018518518518518517
2 0.478125 0.5416666666666666 0.00625 0.020370370370370372
4 0.47239583333333335 0.5175925925925926 0.005208333333333333 0.016666666666666666
2 0.471875 0.5296296296296297 0.004166666666666667 0.018518518518518517
4 0.4588541666666667 0.5194444444444445 0.007291666666666667 0.016666666666666666
4 0.459375 0.5120370370370371 0.008333333333333333 0.016666666666666666
2 0.459375 0.5222222222222223 0.00625 0.022222222222222223
4 0.4197916666666667 0.5277777777777778 0.00625 0.014814814814814815
2 0.4197916666666667 0.5388888888888889 0.008333333333333333 0.014814814814814815
1 0.4119791666666667 0.5148148148148148 0.005208333333333333 0.02962962962962963
6 0.4317708333333333 0.49907407407407406 0.019791666666666666 0.03148148148148148
10 0.4739583333333333 0.45555555555555555 0.008333333333333333 0.025925925925925925
4 0.45677083333333335 0.48333333333333334 0.005208333333333333 0.014814814814814815
2 0.45625 0.4861111111111111 0.00625 0.027777777777777776
4 0.459375 0.46296296296296297 0.00625 0.011111111111111112
9 0.4609375 0.4740740740740741 0.011458333333333333 0.022222222222222223
6 0.43333333333333335 0.4703703703703704 0.014583333333333334 0.02962962962962963
7 0.42916666666666664 0.44074074074074077 0.016666666666666666 0.03333333333333333
4 0.41041666666666665 0.46296296296296297 0.004166666666666667 0.018518518518518517
4 0.4119791666666667 0.46944444444444444 0.011458333333333333 0.020370370370370372
2 0.4109375 0.47314814814814815 0.005208333333333333 0.020370370370370372
7 0.3828125 0.5435185185185185 0.023958333333333335 0.06481481481481481
6 0.4479166666666667 0.4083333333333333 0.014583333333333334 0.024074074074074074
2 0.4817708333333333 0.4027777777777778 0.007291666666666667 0.016666666666666666
6 0.4708333333333333 0.37037037037037035 0.0125 0.018518518518518517
4 0.46145833333333336 0.38333333333333336 0.004166666666666667 0.011111111111111112
2 0.46145833333333336 0.3888888888888889 0.004166666666666667 0.011111111111111112
4 0.42552083333333335 0.40370370370370373 0.005208333333333333 0.011111111111111112
2 0.42552083333333335 0.41203703703703703 0.005208333333333333 0.012962962962962963
4 0.4234375 0.3787037037037037 0.003125 0.009259259259259259
4 0.4270833333333333 0.37962962962962965 0.004166666666666667 0.011111111111111112
4 0.42604166666666665 0.3824074074074074 0.004166666666666667 0.009259259259259259
9 0.42552083333333335 0.3888888888888889 0.007291666666666667 0.014814814814814815
7 0.428125 0.3611111111111111 0.008333333333333333 0.022222222222222223
4 0.41302083333333334 0.3824074074074074 0.005208333333333333 0.009259259259259259
2 0.41354166666666664 0.3907407407407407 0.00625 0.011111111111111112
4 0.4140625 0.3537037037037037 0.003125 0.007407407407407408
5 0.41458333333333336 0.3611111111111111 0.004166666666666667 0.011111111111111112
4 0.4203125 0.34629629629629627 0.003125 0.007407407407407408
2 0.4203125 0.35185185185185186 0.003125 0.007407407407407408
6 0.4244791666666667 0.34074074074074073 0.009375 0.014814814814814815
1 0.4484375 0.337037037037037 0.003125 0.014814814814814815
6 0.43802083333333336 0.32592592592592595 0.007291666666666667 0.011111111111111112
7 0.4317708333333333 0.3138888888888889 0.005208333333333333 0.012962962962962963
6 0.42135416666666664 0.31574074074074077 0.007291666666666667 0.012962962962962963
8 0.43125 0.29074074074074074 0.00625 0.018518518518518517
0 0.4239583333333333 0.2638888888888889 0.025 0.03148148148148148
0 0.415625 0.2935185185185185 0.0125 0.024074074074074074