0 0.5333333333333333 0.9851851851851852 0.027083333333333334 0.02962962962962963
6 0.28802083333333334 0.7324074074074074 0.03854166666666667 0.09074074074074075
2 0.1125 0.725 0.041666666666666664 0.05
2 0.10729166666666666 0.6666666666666666 0.0375 0.040740740740740744
2 0.1265625 0.6537037037037037 0.040625 0.040740740740740744
5 0.11927083333333334 0.6472222222222223 0.03854166666666667 0.03888888888888889
4 0.5546875 0.8111111111111111 0.015625 0.05185185185185185
2 0.5546875 0.825925925925926 0.015625 0.05925925925925926
2 0.5046875 0.7861111111111111 0.013541666666666667 0.05
4 0.5046875 0.7787037037037037 0.013541666666666667 0.053703703703703705
4 0.4984375 0.6907407407407408 0.011458333333333333 0.02962962962962963
4 0.5005208333333333 0.7027777777777777 0.017708333333333333 0.03518518518518519
9 0.5005208333333333 0.7046296296296296 0.013541666666666667 0.046296296296296294
6 0.44427083333333334 0.7333333333333333 0.040625 0.09259259259259259
4 0.4864583333333333 0.6166666666666667 0.010416666666666666 0.037037037037037035
2 0.48541666666666666 0.6231481481481481 0.0125 0.04259259259259259
6 0.4244791666666667 0.649074074074074 0.03229166666666667 0.06111111111111111
7 0.4234375 0.5879629629629629 0.03229166666666667 0.06481481481481481
6 0.35104166666666664 0.6055555555555555 0.03125 0.06666666666666667
10 0.4786458333333333 0.5768518518518518 0.017708333333333333 0.06111111111111111
4 0.5041666666666667 0.5416666666666666 0.008333333333333333 0.027777777777777776
2 0.503125 0.5509259259259259 0.008333333333333333 0.03148148148148148
4 0.4895833333333333 0.5101851851851852 0.008333333333333333 0.027777777777777776
2 0.4895833333333333 0.5185185185185185 0.008333333333333333 0.02962962962962963
4 0.4453125 0.5361111111111111 0.011458333333333333 0.03148148148148148
4 0.4588541666666667 0.5027777777777778 0.009375 0.024074074074074074
2 0.44583333333333336 0.5444444444444444 0.0125 0.03333333333333333
9 0.46041666666666664 0.5157407407407407 0.014583333333333334 0.03518518518518519
7 0.42135416666666664 0.5342592592592592 0.026041666666666668 0.053703703703703705
6 0.41875 0.4962962962962963 0.022916666666666665 0.040740740740740744
6 0.41770833333333335 0.46574074074074073 0.020833333333333332 0.03888888888888889
4 0.4515625 0.4685185185185185 0.011458333333333333 0.02962962962962963
2 0.45208333333333334 0.4722222222222222 0.010416666666666666 0.02962962962962963
0 0.18958333333333333 0.462037037037037 0.0125 0.024074074074074074
4 0.20989583333333334 0.46296296296296297 0.009375 0.02962962962962963
2 0.20989583333333334 0.4675925925925926 0.019791666666666666 0.024074074074074074
6 0.23229166666666667 0.44537037037037036 0.05625 0.03888888888888889
6 0.5880208333333333 0.3768518518518518 0.040625 0.027777777777777776
2 0.17708333333333334 0.41944444444444445 0.01875 0.020370370370370372
1 0.18802083333333333 0.4027777777777778 0.007291666666666667 0.027777777777777776
1 0.21666666666666667 0.4027777777777778 0.00625 0.027777777777777776
4 0.22395833333333334 0.40185185185185185 0.00625 0.022222222222222223
2 0.22395833333333334 0.4074074074074074 0.00625 0.022222222222222223
4 0.21041666666666667 0.39166666666666666 0.008333333333333333 0.020370370370370372
2 0.20989583333333334 0.39537037037037037 0.013541666666666667 0.020370370370370372
0 0.22760416666666666 0.3712962962962963 0.007291666666666667 0.016666666666666666
2 0.2171875 0.3731481481481482 0.005208333333333333 0.012962962962962963
2 0.21354166666666666 0.375 0.004166666666666667 0.012962962962962963
2 0.21666666666666667 0.38055555555555554 0.0125 0.012962962962962963
8 0.4583333333333333 0.42962962962962964 0.01875 0.05185185185185185
4 0.46145833333333336 0.40925925925925927 0.008333333333333333 0.018518518518518517
4 0.4083333333333333 0.3907407407407407 0.008333333333333333 0.022222222222222223
2 0.40989583333333335 0.3972222222222222 0.013541666666666667 0.020370370370370372
4 0.4578125 0.3925925925925926 0.005208333333333333 0.018518518518518517
2 0.4578125 0.3962962962962963 0.007291666666666667 0.022222222222222223
0 0.4666666666666667 0.387037037037037 0.004166666666666667 0.014814814814814815
4 0.45625 0.36944444444444446 0.00625 0.024074074074074074
2 0.45625 0.37222222222222223 0.016666666666666666 0.022222222222222223
4 0.43802083333333336 0.36203703703703705 0.005208333333333333 0.020370370370370372
2 0.43802083333333336 0.36666666666666664 0.005208333333333333 0.018518518518518517
4 0.40729166666666666 0.3675925925925926 0.00625 0.016666666666666666
2 0.40677083333333336 0.3731481481481482 0.007291666666666667 0.020370370370370372
4 0.4041666666666667 0.3435185185185185 0.00625 0.016666666666666666
2 0.4041666666666667 0.3472222222222222 0.0125 0.016666666666666666
6 0.4078125 0.35555555555555557 0.036458333333333336 0.022222222222222223
4 0.37447916666666664 0.3398148148148148 0.007291666666666667 0.020370370370370372
2 0.37447916666666664 0.3435185185185185 0.005208333333333333 0.016666666666666666
7 0.353125 0.25833333333333336 0.010416666666666666 0.020370370370370372
6 0.378125 0.31296296296296294 0.0125 0.022222222222222223
6 0.3807291666666667 0.30277777777777776 0.013541666666666667 0.020370370370370372
6 0.38177083333333334 0.29259259259259257 0.011458333333333333 0.022222222222222223
6 0.39947916666666666 0.2824074074074074 0.011458333333333333 0.020370370370370372
4 0.4140625 0.28055555555555556 0.005208333333333333 0.012962962962962963
2 0.41354166666666664 0.28425925925925927 0.004166666666666667 0.012962962962962963
6 0.4270833333333333 0.2824074074074074 0.0125 0.020370370370370372
2 0.428125 0.2638888888888889 0.010416666666666666 0.012962962962962963
0 0.3880208333333333 0.13425925925925927 0.007291666666666667 0.016666666666666666
0 0.38645833333333335 0.11666666666666667 0.008333333333333333 0.011111111111111112
6 0.38697916666666665 0.16203703703703703 0.005208333333333333 0.009259259259259259
0 0.39375 0.16574074074074074 0.0020833333333333333 0.009259259259259259
0 0.3885416666666667 0.1787037037037037 0.008333333333333333 0.012962962962962963
0 0.3963541666666667 0.18703703703703703 0.003125 0.011111111111111112
0 0.3859375 0.19814814814814816 0.007291666666666667 0.014814814814814815
0 0.3828125 0.21851851851851853 0.007291666666666667 0.011111111111111112
1 0.36666666666666664 0.2518518518518518 0.004166666666666667 0.014814814814814815
4 0.37552083333333336 0.2518518518518518 0.003125 0.011111111111111112
2 0.37552083333333336 0.2564814814814815 0.003125 0.012962962962962963
0 0.3723958333333333 0.23703703703703705 0.003125 0.007407407407407408
1 0.3802083333333333 0.2361111111111111 0.0020833333333333333 0.016666666666666666
4 0.38125 0.25925925925925924 0.004166666666666667 0.011111111111111112
4 0.3848958333333333 0.25 0.003125 0.007407407407407408
2 0.38125 0.26296296296296295 0.004166666666666667 0.011111111111111112
2 0.3854166666666667 0.25555555555555554 0.004166666666666667 0.011111111111111112
4 0.40208333333333335 0.24537037037037038 0.0020833333333333333 0.009259259259259259
9 0.40260416666666665 0.25 0.005208333333333333 0.014814814814814815
0 0.4015625 0.23148148148148148 0.013541666666666667 0.011111111111111112
0 0.396875 0.24166666666666667 0.0020833333333333333 0.009259259259259259
8 0.47708333333333336 0.23148148148148148 0.016666666666666666 0.018518518518518517
6 0.4739583333333333 0.24259259259259258 0.014583333333333334 0.011111111111111112
4 0.4953125 0.23333333333333334 0.003125 0.014814814814814815
4 0.4979166666666667 0.25 0.0020833333333333333 0.011111111111111112
6 0.4947916666666667 0.262037037037037 0.0125 0.016666666666666666
2 0.5015625 0.26666666666666666 0.007291666666666667 0.014814814814814815
6 0.48020833333333335 0.27685185185185185 0.025 0.020370370370370372
4 0.46458333333333335 0.32407407407407407 0.004166666666666667 0.011111111111111112
2 0.4640625 0.3277777777777778 0.005208333333333333 0.014814814814814815
6 0.4515625 0.26296296296296295 0.021875 0.014814814814814815
6 0.44895833333333335 0.26851851851851855 0.022916666666666665 0.018518518518518517
6 0.45260416666666664 0.2759259259259259 0.026041666666666668 0.018518518518518517
6 0.4552083333333333 0.2814814814814815 0.027083333333333334 0.018518518518518517
6 0.4635416666666667 0.29814814814814816 0.029166666666666667 0.018518518518518517
6 0.4666666666666667 0.30092592592592593 0.027083333333333334 0.020370370370370372
7 0.4734375 0.30092592592592593 0.023958333333333335 0.024074074074074074
6 0.478125 0.30648148148148147 0.027083333333333334 0.020370370370370372
7 0.48125 0.31203703703703706 0.025 0.024074074074074074
7 0.48802083333333335 0.31574074074074077 0.028125 0.027777777777777776
6 0.5786458333333333 0.29444444444444445 0.021875 0.018518518518518517
6 0.5958333333333333 0.29814814814814816 0.025 0.018518518518518517
6 0.5984375 0.3111111111111111 0.030208333333333334 0.022222222222222223
6 0.5895833333333333 0.32222222222222224 0.014583333333333334 0.02962962962962963
6 0.6119791666666666 0.32407407407407407 0.017708333333333333 0.025925925925925925
7 0.640625 0.33240740740740743 0.029166666666666667 0.027777777777777776
6 0.6380208333333334 0.3277777777777778 0.021875 0.025925925925925925
6 0.659375 0.325 0.016666666666666666 0.03148148148148148
4 0.6671875 0.287962962962963 0.005208333333333333 0.016666666666666666
4 0.7828125 0.31203703703703706 0.005208333333333333 0.024074074074074074
1 0.8260416666666667 0.31574074074074077 0.004166666666666667 0.020370370370370372
1 0.8364583333333333 0.3037037037037037 0.00625 0.022222222222222223
6 0.8447916666666667 0.32407407407407407 0.014583333333333334 0.03333333333333333