6 0.42161458333333335 0.7962962962962963 0.07135416666666666 0.10925925925925926
6 0.30625 0.7467592592592592 0.057291666666666664 0.08981481481481482
6 0.384375 0.7078703703703704 0.05520833333333333 0.06388888888888888
6 0.4830729166666667 0.7050925925925926 0.0421875 0.075
6 0.4796875 0.6523148148148148 0.035416666666666666 0.05462962962962963
6 0.64140625 0.9166666666666666 0.1140625 0.15555555555555556
6 0.48802083333333335 0.6097222222222223 0.025 0.03611111111111111
6 0.45651041666666664 0.5879629629629629 0.019270833333333334 0.027777777777777776
6 0.50078125 0.5814814814814815 0.018229166666666668 0.025925925925925925
6 0.46770833333333334 0.5740740740740741 0.020833333333333332 0.02962962962962963
6 0.6072916666666667 0.8101851851851852 0.07083333333333333 0.10740740740740741
6 0.5864583333333333 0.7458333333333333 0.053125 0.08055555555555556
6 0.575 0.6972222222222222 0.05 0.07407407407407407
6 0.5700520833333333 0.6703703703703704 0.03802083333333333 0.05185185185185185
6 0.5606770833333333 0.6504629629629629 0.0328125 0.049074074074074076
6 0.5572916666666666 0.6300925925925925 0.030208333333333334 0.03796296296296296
6 0.5572916666666666 0.6180555555555556 0.030208333333333334 0.03796296296296296
6 0.54765625 0.587037037037037 0.021354166666666667 0.027777777777777776
0 0.5075520833333333 0.5305555555555556 0.059895833333333336 0.04814814814814815
1 0.63046875 0.6444444444444445 0.0140625 0.05740740740740741
5 0.53359375 0.7087962962962963 0.011979166666666667 0.05092592592592592
5 0.44140625 0.6648148148148149 0.013020833333333334 0.040740740740740744
5 0.53671875 0.6560185185185186 0.0109375 0.032407407407407406
5 0.5270833333333333 0.611574074074074 0.00625 0.028703703703703703
5 0.5260416666666666 0.5856481481481481 0.007291666666666667 0.019444444444444445
2 0.32708333333333334 0.7087962962962963 0.027083333333333334 0.06388888888888888
1 0.5330729166666667 0.6888888888888889 0.013020833333333334 0.05555555555555555
1 0.4421875 0.6462962962962963 0.011458333333333333 0.044444444444444446
1 0.5359375 0.6416666666666667 0.007291666666666667 0.03333333333333333
1 0.52734375 0.5962962962962963 0.005729166666666666 0.022222222222222223
1 0.52578125 0.575 0.005729166666666666 0.022222222222222223
1 0.53671875 0.5898148148148148 0.005729166666666666 0.022222222222222223
5 0.5359375 0.6013888888888889 0.005208333333333333 0.019444444444444445
7 0.7015625 0.9606481481481481 0.128125 0.0787037037037037
6 0.41822916666666665 0.6564814814814814 0.040625 0.05740740740740741
6 0.39739583333333334 0.6125 0.06145833333333333 0.05092592592592592