6 0.10441176470588236 0.7875816993464052 0.060294117647058824 0.15555555555555556
6 0.18823529411764706 0.5143790849673202 0.05 0.08496732026143791
6 0.08051470588235295 0.469281045751634 0.05808823529411765 0.12026143790849673
6 0.016911764705882352 0.7366013071895425 0.033823529411764704 0.11633986928104575
9 0.11102941176470588 0.36993464052287583 0.033823529411764704 0.05228758169934641
9 0.16433823529411765 0.2830065359477124 0.030147058823529412 0.05359477124183006
5 0.13713235294117648 0.28823529411764703 0.03161764705882353 0.030065359477124184
2 0.14779411764705883 0.27712418300653596 0.014705882352941176 0.03398692810457516
7 0.22058823529411764 0.40588235294117647 0.03823529411764706 0.11372549019607843
6 0.2261029411764706 0.29673202614379085 0.05955882352941176 0.05751633986928104
6 0.2584558823529412 0.19084967320261437 0.030147058823529412 0.04183006535947712
6 0.27794117647058825 0.14183006535947712 0.03676470588235294 0.050980392156862744
2 0.25919117647058826 0.0542483660130719 0.019852941176470587 0.027450980392156862
2 0.2639705882352941 0.052941176470588235 0.020588235294117647 0.022222222222222223
6 0.2849264705882353 0.030065359477124184 0.04338235294117647 0.026143790849673203
8 0.2621323529411765 0.9477124183006536 0.0875 0.10457516339869281
6 0.4213235294117647 0.7084967320261438 0.04264705882352941 0.14640522875816994
11 0.5055147058823529 0.7111111111111111 0.08455882352941177 0.3633986928104575
8 0.33933823529411766 0.47058823529411764 0.05955882352941176 0.14901960784313725
7 0.425 0.3758169934640523 0.03235294117647059 0.09281045751633987
7 0.3709558823529412 0.238562091503268 0.027205882352941177 0.07450980392156863
6 0.4827205882352941 0.2928104575163399 0.030147058823529412 0.054901960784313725
6 0.38125 0.19477124183006536 0.022794117647058822 0.04967320261437908
8 0.3948529411764706 0.09934640522875816 0.030882352941176472 0.05751633986928104
6 0.4441176470588235 0.08104575163398693 0.01911764705882353 0.04183006535947712
6 0.47757352941176473 0.052941176470588235 0.016911764705882352 0.030065359477124184
6 0.4511029411764706 0.02287581699346405 0.016911764705882352 0.030065359477124184
6 0.5415441176470588 0.21241830065359477 0.022794117647058822 0.043137254901960784
6 0.5389705882352941 0.16666666666666666 0.023529411764705882 0.03790849673202614
7 0.538235294117647 0.12091503267973856 0.027941176470588237 0.043137254901960784
6 0.6415441176470589 0.31633986928104574 0.030147058823529412 0.054901960784313725
6 0.6897058823529412 0.30130718954248364 0.030882352941176472 0.058823529411764705
6 0.6713235294117647 0.24509803921568626 0.030882352941176472 0.058823529411764705
7 0.6371323529411764 0.1503267973856209 0.03161764705882353 0.06013071895424837
6 0.7283088235294117 0.06470588235294118 0.04044117647058824 0.03529411764705882
6 0.6933823529411764 0.032679738562091505 0.039705882352941174 0.023529411764705882
6 0.6948529411764706 0.018300653594771243 0.039705882352941174 0.023529411764705882
6 0.6522058823529412 0.024183006535947713 0.039705882352941174 0.02483660130718954
6 0.6139705882352942 0.01895424836601307 0.023529411764705882 0.022222222222222223
6 0.5783088235294118 0.016339869281045753 0.016911764705882352 0.022222222222222223
7 0.5470588235294118 0.009150326797385621 0.020588235294117647 0.018300653594771243
4 0.5878676470588236 0.03202614379084967 0.006617647058823529 0.022222222222222223
4 0.5926470588235294 0.03202614379084967 0.0058823529411764705 0.022222222222222223
2 0.5886029411764706 0.03790849673202614 0.01838235294117647 0.018300653594771243
8 0.59375 0.05816993464052288 0.06397058823529411 0.03790849673202614
8 0.6481617647058824 0.06143790849673202 0.06397058823529411 0.0392156862745098
1 0.5073529411764706 0.10522875816993464 0.007352941176470588 0.032679738562091505
8 0.5268382352941177 0.040522875816993466 0.06838235294117648 0.047058823529411764
4 0.5529411764705883 0.4117647058823529 0.011764705882352941 0.044444444444444446
5 0.5525735294117647 0.42549019607843136 0.011029411764705883 0.03790849673202614
8 0.5588235294117647 0.29150326797385623 0.045588235294117645 0.10980392156862745
4 0.42205882352941176 0.03333333333333333 0.008823529411764706 0.01437908496732026
5 0.42316176470588235 0.043137254901960784 0.008088235294117648 0.02091503267973856