8 0.5463235294117647 0.8633986928104576 0.030882352941176472 0.050980392156862744
8 0.5680147058823529 0.5294117647058824 0.015441176470588236 0.0392156862745098
7 0.48161764705882354 0.5143790849673202 0.007352941176470588 0.01699346405228758
6 0.4808823529411765 0.47516339869281043 0.01764705882352941 0.01437908496732026
6 0.4716911764705882 0.3915032679738562 0.006617647058823529 0.011764705882352941
6 0.4823529411764706 0.41568627450980394 0.007352941176470588 0.013071895424836602
6 0.5636029411764706 0.3980392156862745 0.006617647058823529 0.011764705882352941
1 0.23676470588235293 0.9169934640522875 0.004411764705882353 0.0196078431372549
1 0.23345588235294118 0.9124183006535947 0.005147058823529412 0.018300653594771243
9 0.09117647058823529 0.44575163398692813 0.014705882352941176 0.01045751633986928
0 0.6216911764705882 0.05228758169934641 0.02426470588235294 0.023529411764705882
0 0.5878676470588236 0.12745098039215685 0.06397058823529411 0.1450980392156863
0 0.5625 0.18758169934640523 0.04411764705882353 0.05359477124183006
8 0.5768382352941176 0.33790849673202616 0.019852941176470587 0.030065359477124184
8 0.5128676470588235 0.2496732026143791 0.011029411764705883 0.02091503267973856
8 0.5761029411764705 0.23202614379084968 0.006617647058823529 0.022222222222222223
8 0.5772058823529411 0.2673202614379085 0.010294117647058823 0.0196078431372549
0 0.600735294117647 0.2627450980392157 0.007352941176470588 0.00784313725490196
6 0.5459558823529411 0.3111111111111111 0.005147058823529412 0.00784313725490196
6 0.5375 0.30980392156862746 0.004411764705882353 0.00784313725490196
6 0.5503676470588236 0.2372549019607843 0.003676470588235294 0.009150326797385621
6 0.5665441176470588 0.22287581699346407 0.005147058823529412 0.006535947712418301
6 0.5588235294117647 0.24640522875816995 0.004411764705882353 0.006535947712418301
6 0.5507352941176471 0.2699346405228758 0.004411764705882353 0.006535947712418301
6 0.5433823529411764 0.25098039215686274 0.004411764705882353 0.00784313725490196
6 0.5632352941176471 0.25098039215686274 0.0029411764705882353 0.00784313725490196
6 0.5547794117647059 0.22026143790849673 0.003676470588235294 0.006535947712418301