4 0.4078125 0.8740740740740741 0.013541666666666667 0.04814814814814815
2 0.40625 0.8962962962962963 0.014583333333333334 0.05925925925925926
2 0.5651041666666666 0.7074074074074074 0.013541666666666667 0.04814814814814815
4 0.5666666666666667 0.6935185185185185 0.010416666666666666 0.05
6 0.5015625 0.6296296296296297 0.028125 0.05185185185185185
1 0.40677083333333336 0.7333333333333333 0.009375 0.06296296296296296
1 0.396875 0.7361111111111112 0.008333333333333333 0.05740740740740741
6 0.47708333333333336 0.4898148148148148 0.01875 0.03518518518518519
4 0.43802083333333336 0.5564814814814815 0.005208333333333333 0.024074074074074074
2 0.43697916666666664 0.5648148148148148 0.007291666666666667 0.03333333333333333
4 0.5401041666666667 0.537962962962963 0.005208333333333333 0.016666666666666666
4 0.528125 0.4935185185185185 0.004166666666666667 0.024074074074074074
4 0.5046875 0.49166666666666664 0.005208333333333333 0.020370370370370372
4 0.515625 0.47685185185185186 0.004166666666666667 0.016666666666666666
4 0.45208333333333334 0.41574074074074074 0.0020833333333333333 0.016666666666666666
4 0.49583333333333335 0.43333333333333335 0.004166666666666667 0.014814814814814815
4 0.49375 0.4287037037037037 0.004166666666666667 0.012962962962962963
9 0.5416666666666666 0.5481481481481482 0.0125 0.03333333333333333
2 0.50625 0.49537037037037035 0.004166666666666667 0.016666666666666666
2 0.5161458333333333 0.4842592592592593 0.005208333333333333 0.016666666666666666
2 0.5276041666666667 0.4962962962962963 0.005208333333333333 0.022222222222222223
9 0.4942708333333333 0.4425925925925926 0.009375 0.022222222222222223
5 0.4510416666666667 0.41944444444444445 0.004166666666666667 0.016666666666666666
6 0.47552083333333334 0.3537037037037037 0.007291666666666667 0.014814814814814815
0 0.5197916666666667 0.3851851851851852 0.01875 0.044444444444444446
0 0.484375 0.2722222222222222 0.016666666666666666 0.05925925925925926
0 0.4546875 0.3388888888888889 0.011458333333333333 0.03333333333333333
0 0.4947916666666667 0.3416666666666667 0.00625 0.020370370370370372
0 0.5005208333333333 0.30185185185185187 0.009375 0.018518518518518517