7 0.26067708333333334 0.7888888888888889 0.0703125 0.10740740740740741
6 0.3377604166666667 0.8097222222222222 0.07135416666666666 0.09537037037037037
6 0.5440104166666667 0.44583333333333336 0.0265625 0.03796296296296296
6 0.5625 0.22916666666666666 0.010416666666666666 0.013888888888888888
6 0.5536458333333333 0.20277777777777778 0.007291666666666667 0.009259259259259259
6 0.6703125 0.23842592592592593 0.008333333333333333 0.01574074074074074
7 0.6252604166666667 0.20462962962962963 0.0067708333333333336 0.011111111111111112
6 0.6122395833333333 0.18796296296296297 0.0046875 0.007407407407407408
6 0.66640625 0.22175925925925927 0.0078125 0.010185185185185186
6 0.6794270833333333 0.2050925925925926 0.005729166666666666 0.010185185185185186
0 0.678125 0.15138888888888888 0.052083333333333336 0.05462962962962963
6 0.6559895833333333 0.1837962962962963 0.0046875 0.006481481481481481
7 0.6838541666666667 0.19212962962962962 0.004166666666666667 0.008333333333333333