0 0.03567708333333333 0.3138888888888889 0.07135416666666666 0.1
0 0.29140625 0.39305555555555555 0.059895833333333336 0.06759259259259259
0 0.33307291666666666 0.33240740740740743 0.06822916666666666 0.07407407407407407
0 0.32057291666666665 0.25324074074074077 0.0328125 0.04537037037037037
0 0.59375 0.1625 0.020833333333333332 0.05277777777777778
0 0.57734375 0.22916666666666666 0.028645833333333332 0.0787037037037037
0 0.421875 0.3263888888888889 0.109375 0.08611111111111111
0 0.45234375 0.26435185185185184 0.028645833333333332 0.06759259259259259
0 0.41302083333333334 0.2847222222222222 0.052083333333333336 0.049074074074074076
0 0.51875 0.3143518518518518 0.08541666666666667 0.06944444444444445
0 0.5359375 0.37083333333333335 0.040625 0.08981481481481482
0 0.5614583333333333 0.274537037037037 0.013541666666666667 0.03425925925925926
2 0.3065104166666667 0.6791666666666667 0.0171875 0.023148148148148147
2 0.32578125 0.637962962962963 0.011979166666666667 0.027777777777777776
2 0.33098958333333334 0.6097222222222223 0.013020833333333334 0.019444444444444445
2 0.36796875 0.9787037037037037 0.011979166666666667 0.040740740740740744
6 0.40130208333333334 0.9097222222222222 0.0328125 0.06759259259259259
5 0.4817708333333333 0.8490740740740741 0.008333333333333333 0.05
4 0.4796875 0.8611111111111112 0.007291666666666667 0.020370370370370372
4 0.48125 0.8476851851851852 0.008333333333333333 0.032407407407407406
6 0.45390625 0.7157407407407408 0.0390625 0.053703703703703705
6 0.4583333333333333 0.6768518518518518 0.016666666666666666 0.02962962962962963
2 0.5484375 0.7226851851851852 0.007291666666666667 0.030555555555555555
4 0.5481770833333334 0.7212962962962963 0.0067708333333333336 0.022222222222222223
4 0.5481770833333334 0.7194444444444444 0.0078125 0.02962962962962963
2 0.5736979166666667 0.6560185185185186 0.0067708333333333336 0.028703703703703703
9 0.5565104166666667 0.6476851851851851 0.009895833333333333 0.028703703703703703
4 0.5549479166666667 0.6444444444444445 0.009895833333333333 0.02962962962962963
10 0.5377604166666666 0.7384259259259259 0.0140625 0.05277777777777778
6 0.5364583333333334 0.6865740740740741 0.019791666666666666 0.03981481481481482
6 0.49505208333333334 0.5254629629629629 0.0203125 0.030555555555555555
6 0.5135416666666667 0.5731481481481482 0.019791666666666666 0.05185185185185185
2 0.5130208333333334 0.5467592592592593 0.008333333333333333 0.01574074074074074
4 0.51328125 0.5388888888888889 0.0036458333333333334 0.014814814814814815
6 0.546875 0.5291666666666667 0.017708333333333333 0.032407407407407406
6 0.5677083333333334 0.31666666666666665 0.008333333333333333 0.016666666666666666
6 0.5674479166666667 0.33240740740740743 0.008854166666666666 0.018518518518518517
6 0.56953125 0.35 0.0109375 0.016666666666666666
6 0.5611979166666666 0.3638888888888889 0.008854166666666666 0.022222222222222223
1 0.525 0.4810185185185185 0.003125 0.017592592592592594
1 0.5125 0.5050925925925925 0.005208333333333333 0.023148148148148147
2 0.51796875 0.5185185185185185 0.0046875 0.020370370370370372
4 0.51796875 0.512962962962963 0.0046875 0.020370370370370372
5 0.5166666666666667 0.4828703703703704 0.003125 0.017592592592592594
1 0.51796875 0.48009259259259257 0.0036458333333333334 0.021296296296296296
6 0.5484375 0.4199074074074074 0.011458333333333333 0.023148148148148147
4 0.5348958333333333 0.43796296296296294 0.004166666666666667 0.016666666666666666
4 0.5354166666666667 0.43425925925925923 0.005208333333333333 0.018518518518518517
6 0.5434895833333333 0.45787037037037037 0.016145833333333335 0.032407407407407406
5 0.53203125 0.4875 0.0046875 0.017592592592592594
4 0.5325520833333334 0.4828703703703704 0.0046875 0.01574074074074074