6 0.9650735294117647 0.265359477124183 0.06838235294117648 0.08104575163398693
7 0.8963235294117647 0.10065359477124183 0.07205882352941176 0.08104575163398693
1 0.6154411764705883 0.19411764705882353 0.01764705882352941 0.06405228758169934
7 0.6661764705882353 0.5823529411764706 0.12941176470588237 0.13202614379084968
6 0.29044117647058826 0.8986928104575164 0.18823529411764706 0.17908496732026144
6 0.29154411764705884 0.6830065359477124 0.14779411764705883 0.1477124183006536
6 0.23272058823529412 0.6078431372549019 0.14779411764705883 0.13594771241830064
6 0.3466911764705882 0.4516339869281046 0.12867647058823528 0.12679738562091503
4 0.34044117647058825 0.2633986928104575 0.016176470588235296 0.058823529411764705
5 0.34191176470588236 0.28366013071895424 0.026470588235294117 0.044444444444444446
4 0.23051470588235295 0.27124183006535946 0.01838235294117647 0.058823529411764705
4 0.22720588235294117 0.2601307189542484 0.01911764705882353 0.04183006535947712
2 0.22977941176470587 0.2954248366013072 0.016911764705882352 0.036601307189542485
4 0.14963235294117647 0.2477124183006536 0.019852941176470587 0.05620915032679739
2 0.1474264705882353 0.2607843137254902 0.021323529411764706 0.048366013071895426
2 0.11433823529411764 0.1477124183006536 0.03308823529411765 0.03398692810457516
6 0.2698529411764706 0.05555555555555555 0.041176470588235294 0.07450980392156863
6 0.32573529411764707 0.018300653594771243 0.039705882352941174 0.036601307189542485
6 0.25735294117647056 0.011764705882352941 0.03529411764705882 0.023529411764705882