0 0.4022058823529412 0.046405228758169936 0.033823529411764704 0.027450980392156862
0 0.40955882352941175 0.0803921568627451 0.07205882352941176 0.03529411764705882
1 0.7397058823529412 0.8333333333333334 0.022058823529411766 0.08496732026143791
1 0.7654411764705882 0.8352941176470589 0.022058823529411766 0.08888888888888889
1 0.5889705882352941 0.3686274509803922 0.007352941176470588 0.04183006535947712
1 0.58125 0.3568627450980392 0.009558823529411765 0.04183006535947712
1 0.33345588235294116 0.39477124183006534 0.011029411764705883 0.047058823529411764
1 0.19852941176470587 0.8673202614379085 0.014705882352941176 0.08758169934640522
1 0.21213235294117647 0.8921568627450981 0.0125 0.08758169934640522
1 0.2161764705882353 0.8738562091503268 0.01764705882352941 0.08235294117647059
1 0.4974264705882353 0.26862745098039215 0.005147058823529412 0.032679738562091505
1 0.48051470588235295 0.2568627450980392 0.005147058823529412 0.032679738562091505
1 0.47573529411764703 0.16666666666666666 0.0029411764705882353 0.022222222222222223
1 0.45183823529411765 0.1287581699346405 0.003676470588235294 0.01437908496732026
4 0.5536764705882353 0.20522875816993463 0.0058823529411764705 0.013071895424836602
1 0.35919117647058824 0.14575163398692811 0.003676470588235294 0.0196078431372549
1 0.36433823529411763 0.13137254901960785 0.003676470588235294 0.01699346405228758
1 0.3713235294117647 0.19869281045751633 0.0029411764705882353 0.023529411764705882
1 0.5669117647058823 0.37777777777777777 0.0058823529411764705 0.036601307189542485
4 0.7522058823529412 0.5137254901960784 0.010294117647058823 0.044444444444444446
4 0.7610294117647058 0.5117647058823529 0.010294117647058823 0.030065359477124184
4 0.3286764705882353 0.5137254901960784 0.011764705882352941 0.0392156862745098
4 0.32794117647058824 0.5169934640522876 0.011764705882352941 0.043137254901960784
4 0.34558823529411764 0.34509803921568627 0.008823529411764706 0.02875816993464052
4 0.6386029411764705 0.8562091503267973 0.02426470588235294 0.06797385620915032
4 0.6363970588235294 0.8379084967320262 0.021323529411764706 0.06274509803921569
4 0.4455882352941177 0.26601307189542484 0.0058823529411764705 0.022222222222222223
4 0.4452205882352941 0.26666666666666666 0.008088235294117648 0.02875816993464052
4 0.4672794117647059 0.2411764705882353 0.005147058823529412 0.02483660130718954
4 0.3952205882352941 0.17647058823529413 0.005147058823529412 0.01568627450980392
4 0.3948529411764706 0.10457516339869281 0.0029411764705882353 0.00784313725490196
1 0.45036764705882354 0.10784313725490197 0.0022058823529411764 0.011764705882352941
2 0.39448529411764705 0.10784313725490197 0.0022058823529411764 0.006535947712418301
2 0.39558823529411763 0.18169934640522875 0.004411764705882353 0.013071895424836602
2 0.4672794117647059 0.24836601307189543 0.005147058823529412 0.018300653594771243
2 0.4455882352941177 0.27320261437908494 0.0058823529411764705 0.02091503267973856
2 0.34595588235294117 0.3568627450980392 0.008088235294117648 0.02875816993464052
2 0.32794117647058824 0.5300653594771242 0.013235294117647059 0.043137254901960784
2 0.7507352941176471 0.5228758169934641 0.030882352941176472 0.03398692810457516
2 0.6371323529411764 0.8601307189542484 0.02426470588235294 0.0784313725490196
6 0.5283088235294118 0.8810457516339869 0.07720588235294118 0.17516339869281045
6 0.46948529411764706 0.7065359477124183 0.0713235294117647 0.12679738562091503
6 0.3371323529411765 0.6352941176470588 0.04779411764705882 0.11764705882352941
6 0.39705882352941174 0.5215686274509804 0.04264705882352941 0.08366013071895424
6 0.2948529411764706 0.8705882352941177 0.060294117647058824 0.17516339869281045
6 0.3922794117647059 0.8954248366013072 0.06985294117647059 0.20915032679738563
6 0.47794117647058826 0.37973856209150325 0.03235294117647059 0.05359477124183006
6 0.5154411764705882 0.3581699346405229 0.027941176470588237 0.047058823529411764
6 0.39558823529411763 0.4117647058823529 0.03235294117647059 0.05751633986928104
6 0.40183823529411766 0.3156862745098039 0.025735294117647058 0.050980392156862744
6 0.4540441176470588 0.3065359477124183 0.027205882352941177 0.050980392156862744
6 0.4047794117647059 0.20392156862745098 0.015441176470588236 0.026143790849673203
6 0.40698529411764706 0.17254901960784313 0.013970588235294118 0.02091503267973856
6 0.37463235294117647 0.17647058823529413 0.013970588235294118 0.023529411764705882
6 0.38786764705882354 0.12222222222222222 0.011029411764705883 0.01437908496732026
7 0.40625 0.11699346405228758 0.008088235294117648 0.01437908496732026
7 0.4345588235294118 0.15163398692810456 0.010294117647058823 0.023529411764705882
7 0.36176470588235293 0.20980392156862746 0.016176470588235296 0.032679738562091505
6 0.5536764705882353 0.33398692810457514 0.041176470588235294 0.043137254901960784
6 0.5566176470588236 0.3006535947712418 0.05 0.03137254901960784
6 0.5205882352941177 0.2542483660130719 0.039705882352941174 0.027450980392156862
6 0.5433823529411764 0.2777777777777778 0.041176470588235294 0.027450980392156862
6 0.5290441176470588 0.2725490196078431 0.04338235294117647 0.03529411764705882
6 0.5665441176470588 0.29150326797385623 0.04485294117647059 0.03137254901960784
6 0.5025735294117647 0.2084967320261438 0.030147058823529412 0.01699346405228758
6 0.5099264705882353 0.19869281045751633 0.027205882352941177 0.023529411764705882
6 0.5036764705882353 0.18169934640522875 0.027941176470588237 0.018300653594771243
6 0.4904411764705882 0.15816993464052287 0.025 0.018300653594771243
6 0.4650735294117647 0.11045751633986928 0.016911764705882352 0.011764705882352941
6 0.34595588235294117 0.13986928104575164 0.027205882352941177 0.018300653594771243
6 0.31691176470588234 0.23137254901960785 0.04411764705882353 0.02875816993464052
6 0.3323529411764706 0.19673202614379084 0.033823529411764704 0.030065359477124184
6 0.3352941176470588 0.13137254901960785 0.027941176470588237 0.0196078431372549
6 0.3709558823529412 0.12549019607843137 0.015441176470588236 0.018300653594771243
6 0.5150735294117647 0.2169934640522876 0.03308823529411765 0.02091503267973856
6 0.4801470588235294 0.1450980392156863 0.025 0.018300653594771243
6 0.4672794117647059 0.1261437908496732 0.01838235294117647 0.01699346405228758
6 0.47316176470588234 0.11045751633986928 0.019852941176470587 0.01699346405228758
6 0.45441176470588235 0.1065359477124183 0.01764705882352941 0.011764705882352941
6 0.78125 0.4320261437908497 0.07426470588235294 0.048366013071895426
7 0.7977941176470589 0.4888888888888889 0.0838235294117647 0.06013071895424837
7 0.3503676470588235 0.1738562091503268 0.015441176470588236 0.044444444444444446