0 0.47058823529411764 0.19477124183006536 0.08676470588235294 0.09673202614379085
6 0.4158088235294118 0.257516339869281 0.005147058823529412 0.00784313725490196
6 0.49411764705882355 0.25882352941176473 0.007352941176470588 0.00784313725490196
8 0.4852941176470588 0.24640522875816995 0.007352941176470588 0.01437908496732026
8 0.4238970588235294 0.265359477124183 0.011029411764705883 0.023529411764705882
6 0.4113970588235294 0.2849673202614379 0.008088235294117648 0.01045751633986928
6 0.46544117647058825 0.28169934640522876 0.011764705882352941 0.009150326797385621
6 0.45183823529411765 0.3366013071895425 0.006617647058823529 0.01437908496732026
6 0.51875 0.3457516339869281 0.008088235294117648 0.011764705882352941
8 0.5569852941176471 0.3 0.016911764705882352 0.03529411764705882
6 0.5672794117647059 0.3542483660130719 0.009558823529411765 0.013071895424836602
3 0.5430147058823529 0.257516339869281 0.011029411764705883 0.023529411764705882
11 0.5610294117647059 0.4797385620915033 0.023529411764705882 0.05228758169934641
8 0.5018382352941176 0.7470588235294118 0.03602941176470588 0.1895424836601307
7 0.4386029411764706 0.9660130718954248 0.028676470588235293 0.06797385620915032