7 0.32734375 0.8560185185185185 0.0671875 0.1824074074074074
6 0.4908854166666667 0.5259259259259259 0.0265625 0.05
9 0.546875 0.5916666666666667 0.023958333333333335 0.05555555555555555
6 0.7630208333333334 0.962037037037037 0.078125 0.07592592592592592
4 0.43645833333333334 0.5402777777777777 0.008333333333333333 0.03425925925925926
5 0.43645833333333334 0.5509259259259259 0.008333333333333333 0.03333333333333333
8 0.3963541666666667 0.5518518518518518 0.03958333333333333 0.11296296296296296
8 0.40677083333333336 0.5083333333333333 0.0375 0.07962962962962963
8 0.42630208333333336 0.44305555555555554 0.0296875 0.08055555555555556
6 0.5049479166666667 0.3638888888888889 0.0171875 0.027777777777777776
4 0.45807291666666666 0.40879629629629627 0.005729166666666666 0.023148148148148147
2 0.4578125 0.4152777777777778 0.00625 0.021296296296296296
8 0.44453125 0.3425925925925926 0.016145833333333335 0.03333333333333333
8 0.4479166666666667 0.3282407407407407 0.017708333333333333 0.030555555555555555
6 0.48463541666666665 0.2861111111111111 0.0109375 0.018518518518518517
6 0.45598958333333334 0.29907407407407405 0.0109375 0.018518518518518517
8 0.45729166666666665 0.2865740740740741 0.013541666666666667 0.019444444444444445
8 0.14635416666666667 0.2712962962962963 0.026041666666666668 0.022222222222222223
6 0.27265625 0.29398148148148145 0.0265625 0.017592592592592594
8 0.20807291666666666 0.2537037037037037 0.033854166666666664 0.027777777777777776
8 0.18307291666666667 0.26481481481481484 0.0265625 0.022222222222222223
8 0.18880208333333334 0.2625 0.025520833333333333 0.021296296296296296
6 0.15520833333333334 0.2726851851851852 0.019791666666666666 0.019444444444444445
6 0.1625 0.2722222222222222 0.022916666666666665 0.016666666666666666
6 0.2752604166666667 0.2902777777777778 0.025520833333333333 0.013888888888888888
6 0.30572916666666666 0.2902777777777778 0.020833333333333332 0.01574074074074074
6 0.3143229166666667 0.2833333333333333 0.0203125 0.016666666666666666
3 0.33515625 0.2587962962962963 0.015104166666666667 0.030555555555555555
3 0.296875 0.22314814814814815 0.01875 0.022222222222222223
8 0.46171875 0.2601851851851852 0.013020833333333334 0.02962962962962963
8 0.46796875 0.24675925925925926 0.008854166666666666 0.017592592592592594
0 0.5065104166666666 0.20879629629629629 0.09114583333333333 0.05462962962962963