10 0.11484375 0.7472222222222222 0.1078125 0.26666666666666666
6 0.2734375 0.9453703703703704 0.240625 0.10925925925925926
6 0.5828125 0.8981481481481481 0.196875 0.2037037037037037
6 0.3578125 0.8282407407407407 0.146875 0.23055555555555557
4 0.7046875 0.7935185185185185 0.035416666666666666 0.1537037037037037
5 0.70234375 0.8472222222222222 0.0484375 0.1425925925925926
4 0.7677083333333333 0.8018518518518518 0.0375 0.16666666666666666
5 0.7627604166666667 0.850925925925926 0.0453125 0.14444444444444443
4 0.6390625 0.6972222222222222 0.03333333333333333 0.09259259259259259
2 0.6341145833333334 0.7375 0.03177083333333333 0.08981481481481482
4 0.6455729166666667 0.6583333333333333 0.019270833333333334 0.07777777777777778
1 0.27578125 0.675 0.03177083333333333 0.13703703703703704
5 0.21953125 0.65 0.028645833333333332 0.06481481481481481
1 0.4752604166666667 0.7129629629629629 0.033854166666666664 0.1574074074074074
1 0.4830729166666667 0.6847222222222222 0.0265625 0.14351851851851852
1 0.4122395833333333 0.6935185185185185 0.027604166666666666 0.12037037037037036
4 0.35911458333333335 0.6222222222222222 0.019270833333333334 0.07407407407407407
5 0.35859375 0.65 0.021354166666666667 0.06666666666666667
4 0.5888020833333333 0.600462962962963 0.015104166666666667 0.058333333333333334
5 0.5869791666666667 0.6263888888888889 0.008333333333333333 0.03611111111111111
6 0.42604166666666665 0.6694444444444444 0.06979166666666667 0.10925925925925926
6 0.4388020833333333 0.6143518518518518 0.0546875 0.06574074074074074
6 0.5145833333333333 0.6157407407407407 0.046875 0.07962962962962963
6 0.5166666666666667 0.575462962962963 0.03229166666666667 0.04351851851851852
6 0.4518229166666667 0.5925925925925926 0.0453125 0.06296296296296296
6 0.46119791666666665 0.5611111111111111 0.0296875 0.03888888888888889
6 0.50546875 0.5513888888888889 0.0265625 0.03425925925925926
6 0.5026041666666666 0.5370370370370371 0.021875 0.024074074074074074
6 0.4700520833333333 0.5472222222222223 0.027604166666666666 0.03148148148148148
7 0.47265625 0.525 0.021354166666666667 0.027777777777777776
6 0.49583333333333335 0.5268518518518519 0.017708333333333333 0.022222222222222223
7 0.4973958333333333 0.5171296296296296 0.015625 0.026851851851851852
6 0.48359375 0.5032407407407408 0.009895833333333333 0.019444444444444445
4 0.4127604166666667 0.5509259259259259 0.008854166666666666 0.03518518518518519
5 0.4125 0.5671296296296297 0.008333333333333333 0.028703703703703703
5 0.34348958333333335 0.5722222222222222 0.016145833333333335 0.037037037037037035
2 0.35989583333333336 0.5592592592592592 0.017708333333333333 0.04259259259259259
4 0.42682291666666666 0.5361111111111111 0.0067708333333333336 0.024074074074074074
5 0.4265625 0.5509259259259259 0.007291666666666667 0.025925925925925925
4 0.4356770833333333 0.525 0.0067708333333333336 0.022222222222222223
5 0.43463541666666666 0.5370370370370371 0.0046875 0.018518518518518517
4 0.41041666666666665 0.5259259259259259 0.00625 0.020370370370370372
5 0.4127604166666667 0.538425925925926 0.015104166666666667 0.017592592592592594
4 0.4471354166666667 0.5189814814814815 0.005729166666666666 0.017592592592592594
5 0.44635416666666666 0.5310185185185186 0.00625 0.017592592592592594
4 0.55078125 0.5532407407407407 0.008854166666666666 0.025
2 0.55 0.5694444444444444 0.008333333333333333 0.02962962962962963
4 0.5427083333333333 0.549074074074074 0.007291666666666667 0.025925925925925925
2 0.5421875 0.5657407407407408 0.009375 0.022222222222222223
1 0.5182291666666666 0.525 0.005208333333333333 0.018518518518518517
5 0.5177083333333333 0.5342592592592592 0.005208333333333333 0.014814814814814815
6 0.5997395833333333 0.5282407407407408 0.0328125 0.028703703703703703
6 0.5822916666666667 0.5268518518518519 0.025 0.024074074074074074
6 0.5739583333333333 0.5259259259259259 0.028125 0.022222222222222223
6 0.5505208333333333 0.5162037037037037 0.022916666666666665 0.01574074074074074
6 0.5463541666666667 0.5111111111111111 0.022916666666666665 0.014814814814814815
4 0.55703125 0.5291666666666667 0.0067708333333333336 0.017592592592592594
5 0.55703125 0.5398148148148149 0.0046875 0.018518518518518517
4 0.5536458333333333 0.538425925925926 0.005208333333333333 0.019444444444444445
4 0.5502604166666667 0.5324074074074074 0.005729166666666666 0.018518518518518517
4 0.5369791666666667 0.538425925925926 0.00625 0.019444444444444445
2 0.53671875 0.5546296296296296 0.005729166666666666 0.020370370370370372
4 0.5338541666666666 0.524074074074074 0.00625 0.014814814814814815
4 0.5424479166666667 0.5291666666666667 0.005729166666666666 0.01574074074074074
0 0.9315104166666667 0.5953703703703703 0.13697916666666668 0.11481481481481481
0 0.8018229166666667 0.5782407407407407 0.07239583333333334 0.05462962962962963
0 0.7236979166666667 0.5513888888888889 0.044270833333333336 0.04351851851851852