6 0.051470588235294115 0.4973856209150327 0.07205882352941176 0.09281045751633987
6 0.5584558823529412 0.8470588235294118 0.07573529411764705 0.14640522875816994
6 0.39705882352941174 0.2777777777777778 0.033823529411764704 0.06405228758169934
6 0.43933823529411764 0.28954248366013075 0.04485294117647059 0.05359477124183006
6 0.6731617647058824 0.8150326797385621 0.06397058823529411 0.11633986928104575
7 0.041176470588235294 0.1437908496732026 0.026470588235294117 0.02091503267973856
8 0.016176470588235296 0.12091503267973856 0.022058823529411766 0.040522875816993466
8 0.10845588235294118 0.06862745098039216 0.06838235294117648 0.03529411764705882
6 0.04338235294117647 0.05163398692810457 0.01764705882352941 0.011764705882352941
6 0.029411764705882353 0.05555555555555555 0.014705882352941176 0.01437908496732026
7 0.09558823529411764 0.04967320261437908 0.022058823529411766 0.01568627450980392
6 0.14154411764705882 0.05620915032679739 0.016911764705882352 0.018300653594771243
6 0.32169117647058826 0.05359477124183006 0.019852941176470587 0.018300653594771243
11 0.5463235294117647 0.1065359477124183 0.026470588235294117 0.030065359477124184
6 0.5948529411764706 0.10980392156862745 0.011764705882352941 0.018300653594771243
6 0.6363970588235294 0.13333333333333333 0.013970588235294118 0.02091503267973856
6 0.61875 0.09869281045751634 0.016911764705882352 0.02483660130718954
0 0.6875 0.03071895424836601 0.12352941176470589 0.048366013071895426
7 0.7389705882352942 0.11895424836601307 0.014705882352941176 0.04183006535947712
1 0.66875 0.38235294117647056 0.011029411764705883 0.03790849673202614
1 0.6768382352941177 0.37450980392156863 0.011029411764705883 0.043137254901960784
6 0.8731617647058824 0.9673202614379085 0.12720588235294117 0.06535947712418301