6 0.41640625 0.9189814814814815 0.1109375 0.16203703703703703
0 0.6010416666666667 0.5712962962962963 0.029166666666666667 0.024074074074074074
6 0.46119791666666665 0.8050925925925926 0.07239583333333334 0.12129629629629629
6 0.471875 0.7342592592592593 0.058333333333333334 0.07962962962962963
6 0.5010416666666667 0.6476851851851851 0.051041666666666666 0.058333333333333334
1 0.55390625 0.8004629629629629 0.027604166666666666 0.0824074074074074
2 0.5533854166666666 0.8277777777777777 0.030729166666666665 0.07777777777777778
1 0.6666666666666666 0.8967592592592593 0.025 0.10092592592592593
5 0.665625 0.9263888888888889 0.03229166666666667 0.10092592592592593
1 0.6125 0.7606481481481482 0.017708333333333333 0.07685185185185185
5 0.6096354166666667 0.7800925925925926 0.021354166666666667 0.0712962962962963
1 0.6627604166666666 0.7962962962962963 0.024479166666666666 0.08333333333333333
5 0.66328125 0.8115740740740741 0.024479166666666666 0.062037037037037036
1 0.6536458333333334 0.7379629629629629 0.01875 0.05555555555555555
2 0.6533854166666667 0.7564814814814815 0.018229166666666668 0.05555555555555555
1 0.65625 0.6958333333333333 0.014583333333333334 0.04537037037037037
5 0.65390625 0.7180555555555556 0.018229166666666668 0.03796296296296296
1 0.5638020833333334 0.6819444444444445 0.0140625 0.041666666666666664
2 0.5635416666666667 0.700462962962963 0.017708333333333333 0.05648148148148148
1 0.35989583333333336 0.7671296296296296 0.01875 0.08425925925925926
5 0.3575520833333333 0.8004629629629629 0.019270833333333334 0.06759259259259259
1 0.3177083333333333 0.7518518518518519 0.015625 0.0962962962962963
1 0.28541666666666665 0.750462962962963 0.019791666666666666 0.09722222222222222
1 0.459375 0.6527777777777778 0.014583333333333334 0.05
5 0.4609375 0.6652777777777777 0.030208333333333334 0.03425925925925926
5 0.4309895833333333 0.6800925925925926 0.0109375 0.03796296296296296
1 0.43697916666666664 0.6435185185185185 0.011458333333333333 0.04259259259259259
5 0.4395833333333333 0.6550925925925926 0.021875 0.026851851851851852
1 0.46640625 0.6365740740740741 0.009895833333333333 0.04351851851851852
1 0.4359375 0.6324074074074074 0.014583333333333334 0.03333333333333333
5 0.43463541666666666 0.6439814814814815 0.025520833333333333 0.023148148148148147
1 0.5877604166666667 0.6412037037037037 0.011979166666666667 0.04537037037037037
2 0.5864583333333333 0.649537037037037 0.026041666666666668 0.030555555555555555
1 0.6315104166666666 0.6462962962962963 0.0140625 0.03518518518518519
2 0.6296875 0.6569444444444444 0.027083333333333334 0.032407407407407406
1 0.6372395833333333 0.6375 0.0109375 0.03611111111111111
2 0.6377604166666667 0.6504629629629629 0.021354166666666667 0.032407407407407406
1 0.60234375 0.625 0.0078125 0.03333333333333333
5 0.6033854166666667 0.6342592592592593 0.008854166666666666 0.03518518518518519
7 0.6083333333333333 0.6060185185185185 0.021875 0.041666666666666664
6 0.5481770833333334 0.6087962962962963 0.024479166666666666 0.03611111111111111
0 0.5296875 0.5597222222222222 0.027083333333333334 0.032407407407407406
7 0.5645833333333333 0.5976851851851852 0.017708333333333333 0.030555555555555555
6 0.55625 0.5837962962962963 0.014583333333333334 0.021296296296296296
1 0.5291666666666667 0.5962962962962963 0.007291666666666667 0.037037037037037035
5 0.515625 0.5893518518518519 0.013541666666666667 0.017592592592592594
2 0.4744791666666667 0.5902777777777778 0.007291666666666667 0.032407407407407406
0 0.4921875 0.5986111111111111 0.013541666666666667 0.041666666666666664
5 0.7127604166666667 0.8481481481481481 0.018229166666666668 0.08518518518518518
1 0.76953125 0.85 0.0328125 0.12777777777777777
1 0.728125 0.7398148148148148 0.01875 0.09074074074074075
7 0.384375 0.6087962962962963 0.05625 0.05277777777777778