6 0.15 0.4392156862745098 0.03823529411764706 0.02875816993464052
6 0.24889705882352942 0.43790849673202614 0.0375 0.02875816993464052
1 0.13419117647058823 0.15947712418300652 0.006617647058823529 0.01045751633986928
9 0.08419117647058824 0.18496732026143792 0.027205882352941177 0.0196078431372549
11 0.22830882352941176 0.49411764705882355 0.04632352941176471 0.03137254901960784
1 0.8202205882352941 0.0673202614379085 0.008088235294117648 0.01437908496732026
1 0.8761029411764706 0.045098039215686274 0.006617647058823529 0.01699346405228758
1 0.8823529411764706 0.05032679738562092 0.0058823529411764705 0.011764705882352941
5 0.8580882352941176 0.03594771241830065 0.011764705882352941 0.011764705882352941
1 0.9154411764705882 0.025490196078431372 0.007352941176470588 0.01437908496732026
1 0.7834558823529412 0.2 0.009558823529411765 0.013071895424836602
6 0.8136029411764706 0.4117647058823529 0.0375 0.02875816993464052
7 0.8040441176470589 0.46013071895424834 0.05220588235294118 0.02875816993464052
7 0.9856617647058824 0.7058823529411765 0.027205882352941177 0.04183006535947712
6 0.5025735294117647 0.9294117647058824 0.013970588235294118 0.06013071895424837
8 0.4963235294117647 0.7202614379084967 0.022058823529411766 0.0915032679738562
0 0.3952205882352941 0.9503267973856209 0.005147058823529412 0.023529411764705882
6 0.4209558823529412 0.48823529411764705 0.03602941176470588 0.058823529411764705
6 0.7316176470588235 0.45816993464052286 0.03823529411764706 0.030065359477124184
2 0.6503676470588236 0.4130718954248366 0.013970588235294118 0.01045751633986928
1 0.6216911764705882 0.7836601307189542 0.005147058823529412 0.009150326797385621
1 0.6213235294117647 0.792156862745098 0.0058823529411764705 0.00784313725490196
1 0.6088235294117647 0.1934640522875817 0.004411764705882353 0.00784313725490196
1 0.5948529411764706 0.19411764705882353 0.004411764705882353 0.011764705882352941
1 0.5963235294117647 0.1830065359477124 0.0058823529411764705 0.00784313725490196
6 0.600735294117647 0.14640522875816994 0.020588235294117647 0.06535947712418301
1 0.6330882352941176 0.07124183006535947 0.0058823529411764705 0.009150326797385621
1 0.6389705882352941 0.0718954248366013 0.004411764705882353 0.00784313725490196
10 0.4959558823529412 0.16143790849673204 0.02426470588235294 0.022222222222222223
7 0.5290441176470588 0.11241830065359477 0.0125 0.05751633986928104
6 0.4672794117647059 0.24444444444444444 0.0125 0.06013071895424837
6 0.3323529411764706 0.4294117647058823 0.03676470588235294 0.03529411764705882
6 0.23713235294117646 0.5424836601307189 0.0375 0.02875816993464052
2 0.2338235294117647 0.1084967320261438 0.013235294117647059 0.013071895424836602
1 0.2261029411764706 0.17777777777777778 0.003676470588235294 0.01045751633986928
10 0.2375 0.1830065359477124 0.023529411764705882 0.026143790849673203
1 0.03419117647058824 0.0738562091503268 0.008088235294117648 0.011764705882352941
1 0.08198529411764706 0.12352941176470589 0.006617647058823529 0.011764705882352941
1 0.015441176470588236 0.13660130718954247 0.008823529411764706 0.009150326797385621
1 0.06102941176470588 0.16405228758169935 0.007352941176470588 0.011764705882352941
1 0.09411764705882353 0.15490196078431373 0.007352941176470588 0.011764705882352941
1 0.12904411764705884 0.18823529411764706 0.005147058823529412 0.013071895424836602
1 0.004779411764705883 0.2169934640522876 0.008088235294117648 0.013071895424836602
1 0.012867647058823529 0.2130718954248366 0.009558823529411765 0.01045751633986928
1 0.006617647058823529 0.24183006535947713 0.010294117647058823 0.00784313725490196
1 0.04154411764705882 0.17647058823529413 0.006617647058823529 0.01045751633986928
1 0.04852941176470588 0.1843137254901961 0.004411764705882353 0.00784313725490196
10 0.022426470588235294 0.1843137254901961 0.03602941176470588 0.02875816993464052
7 0.01948529411764706 0.28431372549019607 0.03897058823529412 0.027450980392156862
7 0.05845588235294118 0.28627450980392155 0.0375 0.02875816993464052
1 0.16397058823529412 0.18235294117647058 0.007352941176470588 0.009150326797385621
4 0.09852941176470588 0.2673202614379085 0.0029411764705882353 0.006535947712418301
2 0.10220588235294117 0.2673202614379085 0.013235294117647059 0.011764705882352941
1 0.15514705882352942 0.30718954248366015 0.007352941176470588 0.00784313725490196
10 0.14963235294117647 0.2980392156862745 0.025735294117647058 0.02091503267973856
5 0.05845588235294118 0.33790849673202616 0.013970588235294118 0.01437908496732026
4 0.1761029411764706 0.24444444444444444 0.005147058823529412 0.01045751633986928
2 0.17977941176470588 0.24640522875816995 0.0125 0.011764705882352941
10 0.17941176470588235 0.2954248366013072 0.027941176470588237 0.026143790849673203
1 0.19926470588235295 0.22418300653594772 0.008823529411764706 0.011764705882352941
6 0.16286764705882353 0.14705882352941177 0.0375 0.032679738562091505
1 0.18235294117647058 0.14640522875816994 0.008823529411764706 0.00784313725490196
10 0.20477941176470588 0.20588235294117646 0.022794117647058822 0.0196078431372549
8 0.21875 0.2849673202614379 0.03897058823529412 0.03137254901960784
6 0.011029411764705883 0.7954248366013071 0.022058823529411766 0.06143790849673202
6 0.1411764705882353 0.7901960784313725 0.039705882352941174 0.027450980392156862
10 0.07977941176470588 0.9052287581699346 0.027205882352941177 0.02483660130718954
0 0.19963235294117648 0.8771241830065359 0.009558823529411765 0.018300653594771243
0 0.14963235294117647 0.9065359477124183 0.011029411764705883 0.01699346405228758
10 0.27095588235294116 0.9254901960784314 0.011029411764705883 0.036601307189542485