6 0.5760416666666667 0.8495370370370371 0.140625 0.23981481481481481
6 0.3854166666666667 0.8958333333333334 0.14270833333333333 0.20833333333333334
6 0.39166666666666666 0.7129629629629629 0.078125 0.1259259259259259
4 0.6278645833333333 0.6842592592592592 0.0234375 0.07592592592592592
5 0.62578125 0.725925925925926 0.013020833333333334 0.06111111111111111
1 0.13411458333333334 0.774074074074074 0.0328125 0.18333333333333332
1 0.09427083333333333 0.7486111111111111 0.040625 0.16018518518518518
1 0.03854166666666667 0.8208333333333333 0.04895833333333333 0.20833333333333334
1 0.03619791666666667 0.7888888888888889 0.033854166666666664 0.18518518518518517
4 0.28880208333333335 0.5888888888888889 0.0171875 0.05555555555555555
5 0.2890625 0.6041666666666666 0.035416666666666666 0.041666666666666664
4 0.3234375 0.5842592592592593 0.009375 0.04259259259259259
4 0.32760416666666664 0.5810185185185185 0.007291666666666667 0.03981481481481482
4 0.3346354166666667 0.575462962962963 0.018229166666666668 0.04351851851851852
5 0.3260416666666667 0.6129629629629629 0.03125 0.03333333333333333
5 0.3268229166666667 0.6055555555555555 0.027604166666666666 0.03148148148148148
5 0.334375 0.5976851851851852 0.027083333333333334 0.03796296296296296
4 0.35442708333333334 0.5962962962962963 0.011979166666666667 0.07037037037037037
5 0.35442708333333334 0.6189814814814815 0.0328125 0.032407407407407406
4 0.37083333333333335 0.5986111111111111 0.013541666666666667 0.049074074074074076
5 0.37421875 0.6194444444444445 0.03697916666666667 0.05
4 0.409375 0.5976851851851852 0.016666666666666666 0.05092592592592592
2 0.4127604166666667 0.6199074074074075 0.030729166666666665 0.03611111111111111
4 0.41432291666666665 0.5824074074074074 0.0109375 0.040740740740740744
5 0.4153645833333333 0.6087962962962963 0.03802083333333333 0.03611111111111111
4 0.5341145833333333 0.6180555555555556 0.0140625 0.06388888888888888
5 0.5375 0.6356481481481482 0.04479166666666667 0.05092592592592592
5 0.7447916666666666 0.6018518518518519 0.034375 0.03148148148148148
4 0.6575520833333334 0.587037037037037 0.016145833333333335 0.044444444444444446
5 0.6536458333333334 0.600462962962963 0.030208333333333334 0.03611111111111111
4 0.5950520833333334 0.6106481481481482 0.0171875 0.05648148148148148
5 0.5955729166666667 0.6347222222222222 0.0109375 0.03611111111111111
4 0.58671875 0.5731481481481482 0.011979166666666667 0.03148148148148148
5 0.5888020833333333 0.5898148148148148 0.025520833333333333 0.03333333333333333
4 0.56953125 0.5787037037037037 0.0140625 0.04259259259259259
5 0.5674479166666667 0.600462962962963 0.030729166666666665 0.03425925925925926
4 0.5502604166666667 0.5703703703703704 0.011979166666666667 0.03518518518518519
2 0.5489583333333333 0.5856481481481481 0.017708333333333333 0.03425925925925926
4 0.52734375 0.5638888888888889 0.013020833333333334 0.040740740740740744
5 0.5276041666666667 0.5828703703703704 0.019791666666666666 0.028703703703703703
4 0.515625 0.575 0.013541666666666667 0.03888888888888889
5 0.5130208333333334 0.5953703703703703 0.029166666666666667 0.03148148148148148
4 0.4825520833333333 0.5986111111111111 0.0140625 0.06574074074074074
5 0.48411458333333335 0.6185185185185185 0.03802083333333333 0.037037037037037035
4 0.4856770833333333 0.5671296296296297 0.015104166666666667 0.03796296296296296
5 0.48385416666666664 0.5837962962962963 0.028125 0.030555555555555555
4 0.4981770833333333 0.5625 0.011979166666666667 0.03981481481481482
4 0.50078125 0.5425925925925926 0.0078125 0.024074074074074074
4 0.4890625 0.5203703703703704 0.00625 0.016666666666666666
4 0.4817708333333333 0.5217592592592593 0.007291666666666667 0.017592592592592594
4 0.47421875 0.5212962962962963 0.005729166666666666 0.018518518518518517
2 0.48854166666666665 0.5305555555555556 0.00625 0.016666666666666666
2 0.48203125 0.5333333333333333 0.0036458333333333334 0.016666666666666666
2 0.4734375 0.5314814814814814 0.004166666666666667 0.011111111111111112
6 0.4510416666666667 0.5560185185185185 0.026041666666666668 0.041666666666666664
11 0.4588541666666667 0.5217592592592593 0.028125 0.06759259259259259
6 0.44375 0.524074074074074 0.011458333333333333 0.020370370370370372
6 0.44192708333333336 0.5148148148148148 0.0140625 0.024074074074074074
4 0.4200520833333333 0.5115740740740741 0.0067708333333333336 0.019444444444444445
5 0.4205729166666667 0.5189814814814815 0.0036458333333333334 0.01574074074074074
4 0.4122395833333333 0.537962962962963 0.0067708333333333336 0.025925925925925925
5 0.41171875 0.5527777777777778 0.0046875 0.020370370370370372
4 0.40625 0.5444444444444444 0.008333333333333333 0.020370370370370372
9 0.40520833333333334 0.5564814814814815 0.010416666666666666 0.024074074074074074
4 0.3854166666666667 0.5453703703703704 0.008333333333333333 0.03148148148148148
5 0.3854166666666667 0.5611111111111111 0.007291666666666667 0.02962962962962963
6 0.6442708333333333 0.562037037037037 0.052083333333333336 0.04814814814814815
6 0.6083333333333333 0.5546296296296296 0.036458333333333336 0.046296296296296294
6 0.5895833333333333 0.5486111111111112 0.03229166666666667 0.03425925925925926
6 0.58046875 0.5481481481481482 0.030729166666666665 0.03518518518518519
6 0.5734375 0.5430555555555555 0.03854166666666667 0.030555555555555555
6 0.5458333333333333 0.5277777777777778 0.041666666666666664 0.024074074074074074
6 0.4981770833333333 0.5180555555555556 0.013020833333333334 0.021296296296296296
6 0.5135416666666667 0.5125 0.025 0.026851851851851852
0 0.96796875 0.6564814814814814 0.0640625 0.06296296296296296