1 0.3448529411764706 0.9633986928104575 0.016176470588235296 0.07320261437908497
1 0.34852941176470587 0.9745098039215686 0.010294117647058823 0.050980392156862744
6 0.4863970588235294 0.9150326797385621 0.12279411764705882 0.16993464052287582
2 0.9481617647058823 0.9156862745098039 0.08014705882352942 0.07973856209150326
4 0.950735294117647 0.9084967320261438 0.030882352941176472 0.06797385620915032
1 0.8772058823529412 0.7450980392156863 0.025 0.07320261437908497
6 0.8860294117647058 0.6287581699346405 0.06911764705882353 0.12810457516339868
6 0.6426470588235295 0.6549019607843137 0.09852941176470588 0.12287581699346405
1 0.606985294117647 0.5359477124183006 0.011029411764705883 0.05228758169934641
6 0.5397058823529411 0.5522875816993464 0.0838235294117647 0.10326797385620914
6 0.1761029411764706 0.7313725490196078 0.09338235294117647 0.12941176470588237
6 0.10294117647058823 0.6111111111111112 0.075 0.12156862745098039
6 0.07426470588235294 0.5071895424836601 0.07058823529411765 0.09411764705882353
7 0.23786764705882352 0.5477124183006536 0.08897058823529412 0.1411764705882353
6 0.42720588235294116 0.4 0.07058823529411765 0.08627450980392157
6 0.2977941176470588 0.34901960784313724 0.054411764705882354 0.06013071895424837
6 0.1875 0.3483660130718954 0.05588235294117647 0.06143790849673202
6 0.23088235294117648 0.29934640522875816 0.052941176470588235 0.054901960784313725
6 0.24779411764705883 0.2281045751633987 0.06470588235294118 0.05359477124183006
6 0.22830882352941176 0.21764705882352942 0.06102941176470588 0.043137254901960784
6 0.011397058823529411 0.2529411764705882 0.022794117647058822 0.058823529411764705
2 0.06286764705882353 0.09411764705882353 0.01838235294117647 0.02091503267973856
1 0.048161764705882355 0.09934640522875816 0.008088235294117648 0.03137254901960784
2 0.05 0.07777777777777778 0.016176470588235296 0.0196078431372549
2 0.04632352941176471 0.07516339869281045 0.014705882352941176 0.022222222222222223
5 0.09301470588235294 0.12287581699346405 0.01838235294117647 0.023529411764705882
9 0.08566176470588235 0.13202614379084968 0.02426470588235294 0.036601307189542485
1 0.12683823529411764 0.11568627450980393 0.006617647058823529 0.030065359477124184
2 0.1213235294117647 0.13725490196078433 0.025 0.03137254901960784