0 0.6692708333333334 0.08981481481481482 0.17604166666666668 0.03518518518518519
0 0.6838541666666667 0.1259259259259259 0.15729166666666666 0.04814814814814815
0 0.7401041666666667 0.1425925925925926 0.14479166666666668 0.05185185185185185
0 0.7442708333333333 0.17222222222222222 0.08854166666666667 0.044444444444444446
0 0.3338541666666667 0.04722222222222222 0.059375 0.06481481481481481
0 0.3640625 0.06851851851851852 0.059375 0.044444444444444446
0 0.5223958333333333 0.14444444444444443 0.009375 0.014814814814814815
1 0.2760416666666667 0.32222222222222224 0.00625 0.025925925925925925
1 0.18541666666666667 0.4046296296296296 0.00625 0.027777777777777776
0 0.8380208333333333 0.29814814814814816 0.042708333333333334 0.040740740740740744
1 0.99375 0.43703703703703706 0.0125 0.03333333333333333
1 0.9770833333333333 0.42592592592592593 0.008333333333333333 0.02962962962962963
0 0.45729166666666665 0.09351851851851851 0.004166666666666667 0.012962962962962963
0 0.3140625 0.10833333333333334 0.003125 0.012962962962962963
4 0.696875 0.33796296296296297 0.004166666666666667 0.016666666666666666
1 0.7484375 0.3296296296296296 0.007291666666666667 0.02962962962962963
4 0.6885416666666667 0.32314814814814813 0.008333333333333333 0.016666666666666666
1 0.6848958333333334 0.3101851851851852 0.005208333333333333 0.024074074074074074
4 0.6828125 0.31666666666666665 0.007291666666666667 0.014814814814814815
1 0.575 0.19166666666666668 0.004166666666666667 0.020370370370370372
1 0.578125 0.19074074074074074 0.0020833333333333333 0.014814814814814815
6 0.7208333333333333 0.8518518518518519 0.058333333333333334 0.1037037037037037
2 0.41510416666666666 0.9351851851851852 0.017708333333333333 0.05925925925925926
4 0.41510416666666666 0.9277777777777778 0.013541666666666667 0.044444444444444446
4 0.4171875 0.9277777777777778 0.013541666666666667 0.04814814814814815
6 0.6854166666666667 0.7351851851851852 0.04791666666666667 0.08148148148148149
6 0.6583333333333333 0.6564814814814814 0.03958333333333333 0.06481481481481481
6 0.6364583333333333 0.6018518518518519 0.03958333333333333 0.05185185185185185
6 0.6057291666666667 0.5138888888888888 0.028125 0.05
6 0.5875 0.4583333333333333 0.025 0.03518518518518519
6 0.5125 0.42592592592592593 0.022916666666666665 0.040740740740740744
6 0.5739583333333333 0.425 0.025 0.03888888888888889
0 0.36770833333333336 0.15555555555555556 0.01875 0.018518518518518517
6 0.4119791666666667 0.31296296296296294 0.015625 0.025925925925925925
6 0.559375 0.39166666666666666 0.020833333333333332 0.03518518518518519
2 0.3729166666666667 0.4759259259259259 0.010416666666666666 0.02962962962962963
4 0.3729166666666667 0.4666666666666667 0.010416666666666666 0.02962962962962963
2 0.35885416666666664 0.4787037037037037 0.011458333333333333 0.027777777777777776
4 0.359375 0.46944444444444444 0.010416666666666666 0.03148148148148148
2 0.3229166666666667 0.3907407407407407 0.0125 0.022222222222222223
4 0.3229166666666667 0.38796296296296295 0.008333333333333333 0.024074074074074074
6 0.31354166666666666 0.37407407407407406 0.035416666666666666 0.03333333333333333
8 0.48020833333333335 0.34629629629629627 0.035416666666666666 0.1
2 0.534375 0.38981481481481484 0.008333333333333333 0.024074074074074074
4 0.5354166666666667 0.3861111111111111 0.00625 0.027777777777777776
1 0.5354166666666667 0.3638888888888889 0.004166666666666667 0.027777777777777776
6 0.5416666666666666 0.36574074074074076 0.020833333333333332 0.027777777777777776
6 0.5427083333333333 0.3425925925925926 0.016666666666666666 0.025925925925925925
6 0.5286458333333334 0.31851851851851853 0.017708333333333333 0.025925925925925925
6 0.5234375 0.29814814814814816 0.015625 0.025925925925925925
6 0.5177083333333333 0.2833333333333333 0.014583333333333334 0.022222222222222223
6 0.5114583333333333 0.2657407407407407 0.014583333333333334 0.027777777777777776
6 0.5026041666666666 0.2518518518518518 0.013541666666666667 0.018518518518518517
6 0.49895833333333334 0.24074074074074073 0.0125 0.018518518518518517
6 0.4901041666666667 0.22962962962962963 0.013541666666666667 0.018518518518518517
6 0.4979166666666667 0.20555555555555555 0.022916666666666665 0.018518518518518517
6 0.484375 0.21574074074074073 0.0125 0.016666666666666666
6 0.47760416666666666 0.20555555555555555 0.011458333333333333 0.014814814814814815
6 0.47552083333333334 0.19722222222222222 0.011458333333333333 0.016666666666666666
6 0.46770833333333334 0.18888888888888888 0.0125 0.014814814814814815
6 0.46458333333333335 0.1824074074074074 0.0125 0.012962962962962963
11 0.45208333333333334 0.24444444444444444 0.020833333333333332 0.044444444444444446
8 0.46197916666666666 0.21574074074074073 0.026041666666666668 0.053703703703703705
2 0.3854166666666667 0.29814814814814816 0.00625 0.018518518518518517
4 0.3854166666666667 0.29444444444444445 0.004166666666666667 0.018518518518518517
2 0.3921875 0.2722222222222222 0.005208333333333333 0.014814814814814815
4 0.3921875 0.2675925925925926 0.003125 0.016666666666666666
2 0.321875 0.2222222222222222 0.004166666666666667 0.014814814814814815
4 0.3223958333333333 0.21851851851851853 0.003125 0.018518518518518517
6 0.34739583333333335 0.21574074074074073 0.009375 0.016666666666666666
6 0.3463541666666667 0.21203703703703702 0.007291666666666667 0.027777777777777776
6 0.3421875 0.1685185185185185 0.009375 0.011111111111111112
7 0.34010416666666665 0.14444444444444443 0.013541666666666667 0.014814814814814815
6 0.36822916666666666 0.1962962962962963 0.011458333333333333 0.018518518518518517
6 0.3671875 0.18333333333333332 0.009375 0.014814814814814815
0 0.4203125 0.1361111111111111 0.017708333333333333 0.016666666666666666
9 0.38177083333333334 0.2111111111111111 0.007291666666666667 0.011111111111111112
4 0.38125 0.2064814814814815 0.004166666666666667 0.009259259259259259
2 0.3921875 0.20555555555555555 0.005208333333333333 0.011111111111111112
4 0.3921875 0.20185185185185187 0.005208333333333333 0.011111111111111112
8 0.38229166666666664 0.10833333333333334 0.008333333333333333 0.016666666666666666
11 0.3958333333333333 0.1287037037037037 0.0125 0.024074074074074074
6 0.40572916666666664 0.125 0.007291666666666667 0.009259259259259259
6 0.4083333333333333 0.14907407407407408 0.010416666666666666 0.012962962962962963
6 0.4119791666666667 0.11666666666666667 0.007291666666666667 0.011111111111111112
6 0.41822916666666665 0.12129629629629629 0.007291666666666667 0.009259259259259259
6 0.4322916666666667 0.1398148148148148 0.008333333333333333 0.012962962962962963
6 0.43645833333333334 0.14629629629629629 0.008333333333333333 0.011111111111111112
6 0.4432291666666667 0.15462962962962962 0.009375 0.012962962962962963
6 0.4484375 0.16018518518518518 0.009375 0.012962962962962963
6 0.45260416666666664 0.16574074074074074 0.009375 0.012962962962962963
6 0.45729166666666665 0.17037037037037037 0.010416666666666666 0.014814814814814815
0 0.48125 0.11203703703703703 0.00625 0.012962962962962963
0 0.4322916666666667 0.15833333333333333 0.00625 0.012962962962962963