2 0.3776041666666667 0.7925925925925926 0.017708333333333333 0.06296296296296296
10 0.5239583333333333 0.6722222222222223 0.0125 0.04814814814814815
2 0.41458333333333336 0.5259259259259259 0.016666666666666666 0.022222222222222223
2 0.36822916666666666 0.7185185185185186 0.017708333333333333 0.04814814814814815
2 0.49583333333333335 0.7675925925925926 0.010416666666666666 0.027777777777777776
2 0.50625 0.5796296296296296 0.010416666666666666 0.025925925925925925
6 0.40729166666666666 0.5583333333333333 0.027083333333333334 0.046296296296296294
6 0.3734375 0.6722222222222223 0.03229166666666667 0.06296296296296296
6 0.5 0.44814814814814813 0.0125 0.022222222222222223
6 0.4552083333333333 0.44166666666666665 0.014583333333333334 0.027777777777777776
11 0.43125 0.4759259259259259 0.01875 0.04814814814814815
4 0.5244791666666667 0.4583333333333333 0.007291666666666667 0.024074074074074074
4 0.5057291666666667 0.5657407407407408 0.013541666666666667 0.016666666666666666
4 0.4942708333333333 0.7509259259259259 0.011458333333333333 0.03518518518518519
4 0.5114583333333333 0.4 0.00625 0.014814814814814815
4 0.459375 0.4083333333333333 0.008333333333333333 0.016666666666666666
0 0.4942708333333333 0.3 0.023958333333333335 0.03333333333333333
0 0.48020833333333335 0.35462962962962963 0.029166666666666667 0.06481481481481481
0 0.5072916666666667 0.27037037037037037 0.01875 0.022222222222222223
6 0.5520833333333334 0.5592592592592592 0.014583333333333334 0.02962962962962963
4 0.37864583333333335 0.7907407407407407 0.013541666666666667 0.03333333333333333