4 0.6260416666666667 0.6444444444444445 0.008333333333333333 0.025925925925925925
2 0.6260416666666667 0.6509259259259259 0.008333333333333333 0.03518518518518519
8 0.5296875 0.5027777777777778 0.053125 0.1425925925925926
6 0.5682291666666667 0.41388888888888886 0.017708333333333333 0.027777777777777776
8 0.5432291666666667 0.3675925925925926 0.036458333333333336 0.08703703703703704
7 0.6026041666666667 0.3472222222222222 0.015625 0.024074074074074074
8 0.6140625 0.30185185185185187 0.015625 0.037037037037037035
6 0.6015625 0.27685185185185185 0.011458333333333333 0.016666666666666666
6 0.6213541666666667 0.27685185185185185 0.013541666666666667 0.016666666666666666
6 0.5848958333333333 0.2675925925925926 0.011458333333333333 0.016666666666666666
6 0.6078125 0.26296296296296295 0.011458333333333333 0.014814814814814815
7 0.4979166666666667 0.2638888888888889 0.014583333333333334 0.024074074074074074
4 0.5130208333333334 0.3 0.003125 0.018518518518518517
2 0.5130208333333334 0.3037037037037037 0.003125 0.014814814814814815
4 0.5177083333333333 0.3 0.004166666666666667 0.014814814814814815
2 0.5171875 0.3037037037037037 0.003125 0.011111111111111112
7 0.4432291666666667 0.387037037037037 0.015625 0.025925925925925925
6 0.45677083333333335 0.3638888888888889 0.017708333333333333 0.024074074074074074
7 0.46979166666666666 0.27037037037037037 0.014583333333333334 0.022222222222222223
6 0.47760416666666666 0.25925925925925924 0.015625 0.014814814814814815
4 0.39947916666666666 0.4777777777777778 0.007291666666666667 0.025925925925925925
2 0.4 0.48518518518518516 0.008333333333333333 0.022222222222222223
4 0.04791666666666667 0.38333333333333336 0.004166666666666667 0.018518518518518517
2 0.049479166666666664 0.38796296296296295 0.009375 0.016666666666666666
1 0.019270833333333334 0.32314814814814813 0.005208333333333333 0.020370370370370372
0 0.08802083333333334 0.2814814814814815 0.030208333333333334 0.037037037037037035
9 0.19166666666666668 0.3037037037037037 0.0125 0.022222222222222223
1 0.20260416666666667 0.2611111111111111 0.003125 0.014814814814814815
4 0.5447916666666667 0.2675925925925926 0.004166666666666667 0.016666666666666666
2 0.5447916666666667 0.27037037037037037 0.004166666666666667 0.014814814814814815
7 0.5244791666666667 0.2111111111111111 0.015625 0.018518518518518517
1 0.5260416666666666 0.22407407407407406 0.0020833333333333333 0.014814814814814815
7 0.53125 0.2175925925925926 0.010416666666666666 0.016666666666666666
4 0.5453125 0.23148148148148148 0.003125 0.014814814814814815
2 0.5453125 0.23333333333333334 0.003125 0.011111111111111112
10 0.5541666666666667 0.22592592592592592 0.008333333333333333 0.014814814814814815
1 0.5682291666666667 0.22407407407407406 0.003125 0.011111111111111112
8 0.6125 0.1787037037037037 0.008333333333333333 0.012962962962962963
6 0.6083333333333333 0.18518518518518517 0.008333333333333333 0.011111111111111112
6 0.6270833333333333 0.17685185185185184 0.008333333333333333 0.009259259259259259
6 0.6838541666666667 0.13148148148148148 0.007291666666666667 0.007407407407407408
1 0.6546875 0.23981481481481481 0.003125 0.012962962962962963
0 0.6333333333333333 0.22777777777777777 0.029166666666666667 0.03333333333333333
0 0.6505208333333333 0.22407407407407406 0.007291666666666667 0.014814814814814815
6 0.7052083333333333 0.18611111111111112 0.008333333333333333 0.009259259259259259
7 0.7026041666666667 0.11574074074074074 0.007291666666666667 0.012962962962962963
6 0.7078125 0.1111111111111111 0.005208333333333333 0.007407407407407408
8 0.7286458333333333 0.10648148148148148 0.017708333333333333 0.016666666666666666
10 0.7791666666666667 0.2101851851851852 0.014583333333333334 0.016666666666666666
9 0.7973958333333333 0.21388888888888888 0.015625 0.012962962962962963
9 0.8270833333333333 0.23981481481481481 0.014583333333333334 0.009259259259259259
0 0.85 0.22592592592592592 0.0125 0.02962962962962963
1 0.9869791666666666 0.23981481481481481 0.003125 0.012962962962962963
1 0.9953125 0.24074074074074073 0.003125 0.014814814814814815
1 0.9473958333333333 0.24074074074074073 0.003125 0.014814814814814815
1 0.9484375 0.24166666666666667 0.003125 0.012962962962962963
0 0.925 0.21851851851851853 0.0125 0.014814814814814815