6 0.18088235294117647 0.7058823529411765 0.10588235294117647 0.20392156862745098
6 0.1363970588235294 0.3065359477124183 0.06544117647058824 0.10588235294117647
6 0.27941176470588236 0.30522875816993467 0.06470588235294118 0.10065359477124183
6 0.36213235294117646 0.269281045751634 0.05367647058823529 0.09411764705882353
6 0.41323529411764703 0.36993464052287583 0.057352941176470586 0.10980392156862745
6 0.11360294117647059 0.09084967320261438 0.05955882352941176 0.07450980392156863
7 0.43161764705882355 0.20588235294117646 0.052941176470588235 0.10588235294117647
6 0.5919117647058824 0.15816993464052287 0.041176470588235294 0.08366013071895424
6 0.6172794117647059 0.4143790849673203 0.05955882352941176 0.1568627450980392
1 0.6036764705882353 0.6725490196078432 0.020588235294117647 0.08496732026143791
9 0.6400735294117647 0.6986928104575163 0.05073529411764706 0.17908496732026144
0 0.7643382352941176 0.1477124183006536 0.22720588235294117 0.2875816993464052
6 0.7669117647058824 0.7457516339869281 0.1661764705882353 0.13986928104575164
6 0.8102941176470588 0.9215686274509803 0.175 0.14640522875816994
5 0.7908088235294117 0.8398692810457516 0.06985294117647059 0.06405228758169934
6 0.9356617647058824 0.6549019607843137 0.03455882352941177 0.09411764705882353