0 0.8546875 0.12222222222222222 0.284375 0.21481481481481482
0 0.5609375 0.2851851851851852 0.2760416666666667 0.12962962962962962
0 0.32760416666666664 0.15925925925925927 0.12395833333333334 0.23703703703703705
0 0.10989583333333333 0.07777777777777778 0.21770833333333334 0.14444444444444443
6 0.7760416666666666 0.9027777777777778 0.07708333333333334 0.06111111111111111
6 0.6973958333333333 0.8296296296296296 0.06354166666666666 0.08518518518518518
6 0.6520833333333333 0.7861111111111111 0.06666666666666667 0.09444444444444444
6 0.6171875 0.7574074074074074 0.06354166666666666 0.07037037037037037
6 0.5963541666666666 0.7194444444444444 0.06770833333333333 0.06111111111111111
6 0.5708333333333333 0.649074074074074 0.07083333333333333 0.06481481481481481
6 0.5552083333333333 0.6157407407407407 0.06666666666666667 0.05740740740740741
6 0.5453125 0.5796296296296296 0.046875 0.05185185185185185
6 0.534375 0.5509259259259259 0.05 0.05
6 0.5072916666666667 0.5120370370370371 0.05 0.053703703703703705
6 0.5026041666666666 0.48703703703703705 0.051041666666666666 0.040740740740740744
6 0.4901041666666667 0.4666666666666667 0.046875 0.037037037037037035
6 0.4859375 0.44351851851851853 0.051041666666666666 0.03518518518518519
6 0.48072916666666665 0.41574074074074074 0.046875 0.03888888888888889
6 0.46875 0.4027777777777778 0.04375 0.03518518518518519
6 0.45989583333333334 0.387037037037037 0.04479166666666667 0.037037037037037035
6 0.4359375 0.3648148148148148 0.042708333333333334 0.03333333333333333
4 0.05520833333333333 0.7481481481481481 0.014583333333333334 0.04814814814814815
6 0.47708333333333336 0.8425925925925926 0.07708333333333334 0.08148148148148149
6 0.41770833333333335 0.6722222222222223 0.06666666666666667 0.06296296296296296
6 0.45208333333333334 0.8018518518518518 0.075 0.08518518518518518
6 0.446875 0.7611111111111111 0.07291666666666667 0.06666666666666667
6 0.4296875 0.7092592592592593 0.07395833333333333 0.07037037037037037
6 0.40208333333333335 0.6064814814814815 0.06041666666666667 0.05740740740740741
6 0.40208333333333335 0.5722222222222222 0.05625 0.040740740740740744
7 0.3848958333333333 0.55 0.04479166666666667 0.05185185185185185
6 0.38645833333333335 0.5194444444444445 0.05416666666666667 0.03518518518518519
7 0.3854166666666667 0.4981481481481482 0.0625 0.03333333333333333
6 0.38125 0.4777777777777778 0.05416666666666667 0.02962962962962963
7 0.37395833333333334 0.44814814814814813 0.05625 0.040740740740740744
7 0.35989583333333336 0.41759259259259257 0.046875 0.046296296296296294
8 0.3536458333333333 0.38981481481481484 0.046875 0.05740740740740741
6 0.34791666666666665 0.36203703703703705 0.0375 0.027777777777777776
6 0.34375 0.3472222222222222 0.04583333333333333 0.03148148148148148
6 0.37864583333333335 0.31851851851851853 0.03854166666666667 0.03333333333333333
6 0.41354166666666664 0.32407407407407407 0.027083333333333334 0.040740740740740744
2 0.05416666666666667 0.7527777777777778 0.01875 0.03148148148148148
5 0.34479166666666666 0.3148148148148148 0.014583333333333334 0.011111111111111112
6 0.3927083333333333 0.2814814814814815 0.03125 0.03333333333333333
6 0.3416666666666667 0.2916666666666667 0.0375 0.027777777777777776
6 0.284375 0.7342592592592593 0.03125 0.07962962962962963
9 0.23645833333333333 0.6703703703703704 0.01875 0.05185185185185185
6 0.2713541666666667 0.5777777777777777 0.023958333333333335 0.05555555555555555
10 0.013541666666666667 0.5833333333333334 0.027083333333333334 0.06296296296296296
6 0.046875 0.5444444444444444 0.025 0.05555555555555555
6 0.0625 0.4759259259259259 0.027083333333333334 0.05185185185185185
7 0.08958333333333333 0.4 0.029166666666666667 0.05185185185185185
6 0.0984375 0.24537037037037038 0.015625 0.027777777777777776
6 0.18489583333333334 0.2212962962962963 0.015625 0.024074074074074074
6 0.11302083333333333 0.16203703703703703 0.013541666666666667 0.024074074074074074
1 0.4348958333333333 0.39166666666666666 0.005208333333333333 0.016666666666666666
1 0.45 0.3768518518518518 0.008333333333333333 0.024074074074074074
3 0.2484375 0.7416666666666667 0.013541666666666667 0.05740740740740741
4 0.24791666666666667 0.7398148148148148 0.008333333333333333 0.03148148148148148
1 0.921875 0.49166666666666664 0.0125 0.03518518518518519
1 0.9385416666666667 0.4324074074074074 0.008333333333333333 0.03148148148148148
4 0.06510416666666667 0.65 0.011458333333333333 0.037037037037037035
5 0.0640625 0.6564814814814814 0.013541666666666667 0.03518518518518519
1 0.0625 0.5981481481481481 0.010416666666666666 0.037037037037037035
5 0.0625 0.6046296296296296 0.014583333333333334 0.024074074074074074
1 0.2453125 0.45 0.007291666666666667 0.025925925925925925
1 0.25 0.45 0.00625 0.025925925925925925
4 0.2046875 0.44722222222222224 0.007291666666666667 0.024074074074074074
2 0.20572916666666666 0.4564814814814815 0.011458333333333333 0.020370370370370372
4 0.18854166666666666 0.4425925925925926 0.00625 0.018518518518518517
2 0.18854166666666666 0.45 0.008333333333333333 0.022222222222222223
4 0.12552083333333333 0.38425925925925924 0.007291666666666667 0.020370370370370372
2 0.1265625 0.3925925925925926 0.007291666666666667 0.022222222222222223
1 0.06614583333333333 0.4027777777777778 0.009375 0.024074074074074074
1 0.09375 0.375 0.008333333333333333 0.03148148148148148
1 0.23177083333333334 0.22777777777777777 0.007291666666666667 0.018518518518518517
2 0.20416666666666666 0.1925925925925926 0.00625 0.018518518518518517
4 0.14583333333333334 0.2212962962962963 0.00625 0.016666666666666666
4 0.115625 0.20462962962962963 0.004166666666666667 0.012962962962962963
2 0.11614583333333334 0.2111111111111111 0.005208333333333333 0.014814814814814815
10 0.0953125 0.20092592592592592 0.009375 0.024074074074074074
4 0.11875 0.1935185185185185 0.004166666666666667 0.016666666666666666
1 0.0671875 0.5351851851851852 0.011458333333333333 0.03333333333333333
7 0.09791666666666667 0.15925925925925927 0.010416666666666666 0.018518518518518517
2 0.14479166666666668 0.22777777777777777 0.00625 0.014814814814814815
2 0.8869791666666667 0.9259259259259259 0.021875 0.04814814814814815
0 0.9677083333333333 0.325 0.035416666666666666 0.13518518518518519
4 0.23645833333333333 0.649074074074074 0.008333333333333333 0.020370370370370372
4 0.3463541666666667 0.30833333333333335 0.007291666666666667 0.020370370370370372