6 0.19080882352941175 0.9026143790849673 0.11838235294117647 0.17647058823529413
6 0.3463235294117647 0.6901960784313725 0.058823529411764705 0.14640522875816994
1 0.3996323529411765 0.5928104575163399 0.01838235294117647 0.058823529411764705
7 0.3948529411764706 0.48366013071895425 0.04852941176470588 0.0784313725490196
6 0.3966911764705882 0.41830065359477125 0.0375 0.05751633986928104
6 0.03125 0.7640522875816993 0.0625 0.10326797385620914
6 0.03786764705882353 0.7032679738562092 0.07573529411764705 0.09934640522875816
6 0.0375 0.7019607843137254 0.075 0.09934640522875816
6 0.042279411764705885 0.6163398692810458 0.08455882352941177 0.10065359477124183
6 0.08088235294117647 0.5568627450980392 0.11323529411764706 0.07581699346405228
6 0.5136029411764705 0.2725490196078431 0.028676470588235293 0.048366013071895426
6 0.4459558823529412 0.19934640522875818 0.025735294117647058 0.040522875816993466
1 0.125 0.3235294117647059 0.011764705882352941 0.040522875816993466
1 0.11911764705882352 0.3254901960784314 0.010294117647058823 0.04183006535947712
4 0.09154411764705882 0.3254901960784314 0.0125 0.02875816993464052
2 0.09375 0.3405228758169935 0.016911764705882352 0.03529411764705882
6 0.023529411764705882 0.330718954248366 0.047058823529411764 0.06013071895424837
6 0.03897058823529412 0.30980392156862746 0.060294117647058824 0.05228758169934641
6 0.05772058823529412 0.2784313725490196 0.06102941176470588 0.04183006535947712
2 0.11985294117647059 0.24705882352941178 0.01911764705882353 0.02875816993464052
2 0.09779411764705882 0.2496732026143791 0.023529411764705882 0.02875816993464052
7 0.1275735294117647 0.15947712418300652 0.030147058823529412 0.044444444444444446
0 0.06544117647058824 0.12549019607843137 0.08823529411764706 0.06535947712418301
1 0.9551470588235295 0.5254901960784314 0.020588235294117647 0.05751633986928104
6 0.83125 0.5006535947712418 0.09632352941176471 0.0784313725490196
0 0.48970588235294116 0.08888888888888889 0.16029411764705884 0.17777777777777778
1 0.5654411764705882 0.2830065359477124 0.011764705882352941 0.0457516339869281
1 0.5731617647058823 0.3790849673202614 0.009558823529411765 0.044444444444444446
1 0.5617647058823529 0.37450980392156863 0.011764705882352941 0.0457516339869281
4 0.4536764705882353 0.44509803921568625 0.013235294117647059 0.043137254901960784
2 0.45330882352941176 0.45751633986928103 0.013970588235294118 0.036601307189542485
1 0.40183823529411766 0.35490196078431374 0.013970588235294118 0.043137254901960784
1 0.3738970588235294 0.36797385620915035 0.0125 0.048366013071895426
1 0.3926470588235294 0.26666666666666666 0.007352941176470588 0.036601307189542485
1 0.40698529411764706 0.27712418300653596 0.008088235294117648 0.036601307189542485
1 0.40183823529411766 0.2758169934640523 0.008088235294117648 0.036601307189542485
4 0.5411764705882353 0.2111111111111111 0.008823529411764706 0.022222222222222223
2 0.5411764705882353 0.22091503267973855 0.010294117647058823 0.023529411764705882