6 0.14010416666666667 0.9648148148148148 0.14479166666666668 0.07037037037037037
6 0.18020833333333333 0.8393518518518519 0.103125 0.13796296296296295
1 0.09166666666666666 0.7208333333333333 0.020833333333333332 0.09351851851851851
1 0.06536458333333334 0.7305555555555555 0.0203125 0.1
4 0.3953125 0.6601851851851852 0.015625 0.05925925925925926
5 0.39557291666666666 0.6773148148148148 0.016145833333333335 0.04722222222222222
5 0.22526041666666666 0.6421296296296296 0.028645833333333332 0.028703703703703703
4 0.22213541666666667 0.6291666666666667 0.011979166666666667 0.062037037037037036
5 0.190625 0.6532407407407408 0.028125 0.03425925925925926
2 0.1921875 0.6356481481481482 0.036458333333333336 0.032407407407407406
4 0.19427083333333334 0.6208333333333333 0.013541666666666667 0.03611111111111111
4 0.22864583333333333 0.6078703703703704 0.011458333333333333 0.028703703703703703
5 0.23125 0.6310185185185185 0.028125 0.023148148148148147
6 0.3377604166666667 0.6717592592592593 0.049479166666666664 0.07314814814814814
6 0.2520833333333333 0.6800925925925926 0.06145833333333333 0.0712962962962963
6 0.28619791666666666 0.6462962962962963 0.0453125 0.05555555555555555
6 0.2591145833333333 0.6222222222222222 0.0484375 0.046296296296296294
6 0.3333333333333333 0.6092592592592593 0.03125 0.044444444444444446
6 0.30911458333333336 0.575925925925926 0.0296875 0.044444444444444446
4 0.3640625 0.5726851851851852 0.007291666666666667 0.025
5 0.36328125 0.5898148148148148 0.0109375 0.020370370370370372
4 0.25677083333333334 0.5930555555555556 0.008333333333333333 0.021296296296296296
4 0.2552083333333333 0.5842592592592593 0.011458333333333333 0.025925925925925925
2 0.23671875 0.5694444444444444 0.009895833333333333 0.03148148148148148
5 0.22708333333333333 0.5787037037037037 0.010416666666666666 0.025925925925925925
0 0.4231770833333333 0.6055555555555555 0.028645833333333332 0.05925925925925926
0 0.32109375 0.5300925925925926 0.1203125 0.058333333333333334
1 0.24791666666666667 0.5648148148148148 0.009375 0.03518518518518519
5 0.4640625 0.7402777777777778 0.01875 0.06944444444444445
1 0.47109375 0.6759259259259259 0.0140625 0.07777777777777778
7 0.37161458333333336 0.5712962962962963 0.019270833333333334 0.037037037037037035
7 0.14635416666666667 0.5949074074074074 0.04895833333333333 0.05462962962962963