6 0.0724264705882353 0.2934640522875817 0.03308823529411765 0.07450980392156863
6 0.21985294117647058 0.35490196078431374 0.029411764705882353 0.06405228758169934
4 0.17720588235294119 0.39738562091503266 0.011764705882352941 0.02875816993464052
4 0.18198529411764705 0.23660130718954248 0.011029411764705883 0.026143790849673203
2 0.18235294117647058 0.24705882352941178 0.010294117647058823 0.02875816993464052
2 0.17830882352941177 0.4150326797385621 0.009558823529411765 0.032679738562091505
6 0.1698529411764706 0.0869281045751634 0.023529411764705882 0.03790849673202614
6 0.21654411764705883 0.04183006535947712 0.022794117647058822 0.0392156862745098
6 0.40588235294117647 0.07973856209150326 0.05 0.044444444444444446
6 0.3834558823529412 0.0196078431372549 0.021323529411764706 0.0392156862745098
1 0.39448529411764705 0.03986928104575163 0.006617647058823529 0.02483660130718954
1 0.40698529411764706 0.01437908496732026 0.006617647058823529 0.02875816993464052
6 0.49558823529411766 0.5137254901960784 0.041176470588235294 0.0915032679738562
2 0.6051470588235294 0.5169934640522876 0.011764705882352941 0.0457516339869281
6 0.5621323529411765 0.4947712418300654 0.04338235294117647 0.08496732026143791
6 0.5610294117647059 0.7450980392156863 0.05588235294117647 0.1411764705882353