0 0.7984375 0.45601851851851855 0.05 0.05648148148148148
6 0.43307291666666664 0.8287037037037037 0.050520833333333334 0.12962962962962962
2 0.6200520833333333 0.5902777777777778 0.009895833333333333 0.03611111111111111
4 0.49505208333333334 0.6912037037037037 0.0078125 0.03796296296296296
2 0.4947916666666667 0.7041666666666667 0.009375 0.03981481481481482
4 0.5127604166666667 0.6504629629629629 0.009895833333333333 0.03796296296296296
2 0.5125 0.6601851851851852 0.0125 0.03888888888888889
4 0.5182291666666666 0.5810185185185185 0.008333333333333333 0.03425925925925926
5 0.5182291666666666 0.5898148148148148 0.008333333333333333 0.02962962962962963
1 0.5838541666666667 0.4930555555555556 0.008333333333333333 0.032407407407407406
7 0.5375 0.3648148148148148 0.013541666666666667 0.025925925925925925
6 0.52734375 0.3384259259259259 0.009895833333333333 0.01574074074074074
6 0.52421875 0.3277777777777778 0.0109375 0.018518518518518517
0 0.46067708333333335 0.22870370370370371 0.011979166666666667 0.018518518518518517
0 0.4700520833333333 0.25462962962962965 0.0234375 0.025925925925925925
0 0.43359375 0.2708333333333333 0.016145833333333335 0.03611111111111111
0 0.45026041666666666 0.25787037037037036 0.015104166666666667 0.03611111111111111
6 0.42213541666666665 0.33935185185185185 0.011979166666666667 0.021296296296296296
1 0.5651041666666666 0.44675925925925924 0.005208333333333333 0.025
1 0.5138020833333333 0.45925925925925926 0.0036458333333333334 0.024074074074074074
1 0.50234375 0.45601851851851855 0.005729166666666666 0.030555555555555555
1 0.50703125 0.4625 0.0036458333333333334 0.017592592592592594
6 0.45703125 0.4134259259259259 0.0171875 0.026851851851851852
1 0.47578125 0.45185185185185184 0.0046875 0.018518518518518517
1 0.475 0.4550925925925926 0.004166666666666667 0.017592592592592594
2 0.4752604166666667 0.4597222222222222 0.005729166666666666 0.021296296296296296
4 0.4903645833333333 0.46064814814814814 0.005729166666666666 0.019444444444444445
4 0.4908854166666667 0.4652777777777778 0.0046875 0.017592592592592594
2 0.4908854166666667 0.46574074074074073 0.005729166666666666 0.022222222222222223
0 0.790625 0.6162037037037037 0.011458333333333333 0.030555555555555555
4 0.49609375 0.4064814814814815 0.0046875 0.020370370370370372
2 0.49661458333333336 0.4115740740740741 0.0046875 0.017592592592592594
4 0.49244791666666665 0.3990740740740741 0.0036458333333333334 0.016666666666666666
2 0.49244791666666665 0.4023148148148148 0.0036458333333333334 0.01574074074074074
4 0.4786458333333333 0.40185185185185185 0.004166666666666667 0.018518518518518517
2 0.47890625 0.40694444444444444 0.0046875 0.017592592592592594
2 0.47239583333333335 0.3990740740740741 0.003125 0.016666666666666666
2 0.4828125 0.38981481481481484 0.004166666666666667 0.014814814814814815
2 0.4901041666666667 0.3819444444444444 0.003125 0.013888888888888888
2 0.46979166666666666 0.38657407407407407 0.005208333333333333 0.01574074074074074
4 0.47213541666666664 0.3958333333333333 0.0036458333333333334 0.01574074074074074
4 0.46953125 0.3824074074074074 0.0046875 0.016666666666666666
4 0.4830729166666667 0.38657407407407407 0.0036458333333333334 0.01574074074074074
4 0.48984375 0.3768518518518518 0.0036458333333333334 0.014814814814814815
4 0.48515625 0.36203703703703705 0.0026041666666666665 0.011111111111111112
2 0.48515625 0.36574074074074076 0.0036458333333333334 0.012962962962962963
1 0.4765625 0.287962962962963 0.0020833333333333333 0.011111111111111112
1 0.4856770833333333 0.3111111111111111 0.0026041666666666665 0.012962962962962963
4 0.48046875 0.32083333333333336 0.0026041666666666665 0.010185185185185186
2 0.48046875 0.325 0.0036458333333333334 0.011111111111111112
6 0.06197916666666667 0.7435185185185185 0.10729166666666666 0.09074074074074075
6 0.15364583333333334 0.6300925925925925 0.06979166666666667 0.06018518518518518
0 0.22526041666666666 0.7402777777777778 0.04739583333333333 0.0712962962962963
4 0.35572916666666665 0.8310185185185185 0.0125 0.062037037037037036
2 0.3541666666666667 0.8439814814814814 0.017708333333333333 0.0712962962962963
4 0.3578125 0.6282407407407408 0.010416666666666666 0.03425925925925926
2 0.3572916666666667 0.6347222222222222 0.014583333333333334 0.03611111111111111
4 0.34713541666666664 0.6939814814814815 0.011979166666666667 0.041666666666666664
2 0.34791666666666665 0.7013888888888888 0.0125 0.058333333333333334
1 0.33151041666666664 0.6939814814814815 0.013020833333333334 0.05648148148148148
1 0.3 0.500462962962963 0.00625 0.032407407407407406
2 0.28984375 0.49398148148148147 0.016145833333333335 0.021296296296296296