4 0.5676470588235294 0.7666666666666667 0.004411764705882353 0.01437908496732026
2 0.5672794117647059 0.7718954248366013 0.006617647058823529 0.0196078431372549
8 0.6121323529411765 0.5633986928104575 0.021323529411764706 0.047058823529411764
6 0.525 0.4594771241830065 0.01911764705882353 0.01437908496732026
7 0.5459558823529411 0.39281045751633986 0.006617647058823529 0.01437908496732026
7 0.43125 0.38300653594771245 0.008088235294117648 0.01568627450980392
7 0.4363970588235294 0.34248366013071896 0.008088235294117648 0.01568627450980392
7 0.4430147058823529 0.31437908496732025 0.006617647058823529 0.011764705882352941
7 0.4573529411764706 0.3431372549019608 0.0058823529411764705 0.01437908496732026
6 0.45588235294117646 0.3784313725490196 0.007352941176470588 0.01437908496732026
6 0.47904411764705884 0.3411764705882353 0.008088235294117648 0.01045751633986928
8 0.49779411764705883 0.3411764705882353 0.007352941176470588 0.018300653594771243
8 0.4753676470588235 0.2542483660130719 0.008088235294117648 0.02483660130718954
8 0.5441176470588235 0.2549019607843137 0.007352941176470588 0.023529411764705882
7 0.5378676470588235 0.2699346405228758 0.009558823529411765 0.009150326797385621
8 0.43529411764705883 0.23006535947712417 0.010294117647058823 0.023529411764705882
7 0.46654411764705883 0.18627450980392157 0.003676470588235294 0.006535947712418301
7 0.47757352941176473 0.1803921568627451 0.003676470588235294 0.00522875816993464
7 0.49264705882352944 0.19411764705882353 0.0029411764705882353 0.006535947712418301
7 0.4415441176470588 0.19019607843137254 0.003676470588235294 0.006535947712418301
6 0.47205882352941175 0.19150326797385622 0.0029411764705882353 0.00392156862745098
4 0.5047794117647059 0.22679738562091503 0.0022058823529411764 0.006535947712418301
2 0.5044117647058823 0.22875816993464052 0.004411764705882353 0.00522875816993464
7 0.4860294117647059 0.169281045751634 0.0029411764705882353 0.006535947712418301
8 0.4863970588235294 0.14444444444444443 0.005147058823529412 0.011764705882352941
6 0.4922794117647059 0.15098039215686274 0.0022058823529411764 0.006535947712418301
6 0.4919117647058823 0.14313725490196078 0.0029411764705882353 0.00392156862745098
6 0.48566176470588235 0.12026143790849673 0.0022058823529411764 0.00522875816993464
6 0.5235294117647059 0.15555555555555556 0.0029411764705882353 0.00522875816993464
6 0.47794117647058826 0.11568627450980393 0.0029411764705882353 0.00392156862745098
8 0.4944852941176471 0.11699346405228758 0.003676470588235294 0.011764705882352941
0 0.45845588235294116 0.10196078431372549 0.021323529411764706 0.05751633986928104
0 0.48455882352941176 0.0718954248366013 0.030882352941176472 0.07581699346405228