6 0.12890625 0.6236111111111111 0.05572916666666667 0.075
0 0.5265625 0.19768518518518519 0.29791666666666666 0.24722222222222223
6 0.3104166666666667 0.8546296296296296 0.06145833333333333 0.0962962962962963
6 0.3455729166666667 0.7402777777777778 0.058854166666666666 0.08425925925925926
6 0.4278645833333333 0.711574074074074 0.044270833333333336 0.0787037037037037
6 0.47552083333333334 0.7685185185185185 0.04791666666666667 0.09444444444444444
6 0.5388020833333333 0.7689814814814815 0.0453125 0.08796296296296297
6 0.6072916666666667 0.7439814814814815 0.040625 0.08425925925925926
6 0.6135416666666667 0.549537037037037 0.028125 0.05092592592592592
6 0.62109375 0.4652777777777778 0.0265625 0.03796296296296296
6 0.5440104166666667 0.6837962962962963 0.0359375 0.07685185185185185
6 0.5671875 0.6203703703703703 0.03125 0.05555555555555555
6 0.56484375 0.562037037037037 0.030729166666666665 0.046296296296296294
6 0.49583333333333335 0.6597222222222222 0.03958333333333333 0.0712962962962963
6 0.5125 0.600925925925926 0.035416666666666666 0.05
6 0.4083333333333333 0.6037037037037037 0.03854166666666667 0.06666666666666667
6 0.4596354166666667 0.6083333333333333 0.0359375 0.05555555555555555
6 0.47994791666666664 0.549537037037037 0.03177083333333333 0.04537037037037037
6 0.44609375 0.5092592592592593 0.03177083333333333 0.044444444444444446
6 0.4395833333333333 0.45601851851851855 0.025 0.03425925925925926
4 0.5052083333333334 0.3578703703703704 0.009375 0.021296296296296296
2 0.50546875 0.36435185185185187 0.016145833333333335 0.019444444444444445
0 0.8697916666666666 0.3111111111111111 0.2604166666666667 0.0962962962962963
6 0.3494791666666667 0.9412037037037037 0.07083333333333333 0.1175925925925926
6 0.25833333333333336 0.9537037037037037 0.07291666666666667 0.09259259259259259
7 0.4356770833333333 0.9527777777777777 0.06197916666666667 0.09259259259259259
8 0.5130208333333334 0.950462962962963 0.06458333333333334 0.09907407407407408
6 0.020833333333333332 0.8453703703703703 0.041666666666666664 0.10555555555555556
4 0.13307291666666668 0.4324074074074074 0.008854166666666666 0.024074074074074074
4 0.13411458333333334 0.43657407407407406 0.0067708333333333336 0.021296296296296296
2 0.13359375 0.4393518518518518 0.018229166666666668 0.017592592592592594
6 0.06276041666666667 0.4273148148148148 0.043229166666666666 0.030555555555555555
7 0.05911458333333333 0.4078703703703704 0.04739583333333333 0.028703703703703703
7 0.0796875 0.4 0.046875 0.03333333333333333
6 0.10364583333333334 0.3912037037037037 0.041666666666666664 0.026851851851851852
6 0.21875 0.3351851851851852 0.030208333333333334 0.022222222222222223
1 0.2950520833333333 0.4847222222222222 0.0109375 0.032407407407407406
1 0.32838541666666665 0.4824074074074074 0.0109375 0.03148148148148148
7 0.028385416666666666 0.4050925925925926 0.03697916666666667 0.028703703703703703
6 0.04765625 0.3962962962962963 0.0328125 0.027777777777777776
6 0.01328125 0.42824074074074076 0.0265625 0.03425925925925926
6 0.011197916666666667 0.41388888888888886 0.022395833333333334 0.03148148148148148
4 0.64375 0.4930555555555556 0.009375 0.032407407407407406
2 0.6447916666666667 0.49953703703703706 0.0125 0.025
0 0.14114583333333333 0.1814814814814815 0.278125 0.04814814814814815
0 0.7263020833333333 0.09212962962962963 0.1171875 0.03796296296296296
6 0.8783854166666667 0.3773148148148148 0.043229166666666666 0.028703703703703703