0 0.46875 0.1627450980392157 0.05367647058823529 0.06143790849673202
1 0.4485294117647059 0.20522875816993463 0.0029411764705882353 0.01045751633986928
6 0.47610294117647056 0.20522875816993463 0.006617647058823529 0.01045751633986928
7 0.49558823529411766 0.2065359477124183 0.0058823529411764705 0.00784313725490196
6 0.4948529411764706 0.2111111111111111 0.0058823529411764705 0.009150326797385621
6 0.4988970588235294 0.21568627450980393 0.006617647058823529 0.01045751633986928
7 0.5007352941176471 0.22026143790849673 0.007352941176470588 0.01437908496732026
6 0.5025735294117647 0.22679738562091503 0.006617647058823529 0.011764705882352941
6 0.5040441176470588 0.23071895424836603 0.008088235294117648 0.011764705882352941
6 0.5088235294117647 0.23921568627450981 0.010294117647058823 0.01568627450980392
6 0.5110294117647058 0.2457516339869281 0.010294117647058823 0.01045751633986928
6 0.5117647058823529 0.2529411764705882 0.010294117647058823 0.01437908496732026
6 0.5238970588235294 0.2751633986928105 0.015441176470588236 0.022222222222222223
6 0.47610294117647056 0.22745098039215686 0.008088235294117648 0.013071895424836602
6 0.4922794117647059 0.25620915032679736 0.011029411764705883 0.018300653594771243
4 0.5044117647058823 0.2679738562091503 0.0029411764705882353 0.013071895424836602
5 0.5044117647058823 0.27450980392156865 0.0029411764705882353 0.01045751633986928
6 0.4974264705882353 0.2908496732026144 0.013970588235294118 0.0196078431372549
6 0.48125 0.27712418300653596 0.0125 0.02091503267973856
6 0.4602941176470588 0.27320261437908494 0.013235294117647059 0.023529411764705882
6 0.44191176470588234 0.27320261437908494 0.011764705882352941 0.02091503267973856
6 0.4485294117647059 0.25947712418300656 0.011764705882352941 0.01699346405228758
6 0.43970588235294117 0.23921568627450981 0.010294117647058823 0.01568627450980392
6 0.42316176470588235 0.2849673202614379 0.009558823529411765 0.01568627450980392
6 0.42169117647058824 0.29673202614379085 0.016911764705882352 0.026143790849673203
4 0.4386029411764706 0.2928104575163399 0.003676470588235294 0.013071895424836602
5 0.4386029411764706 0.30130718954248364 0.003676470588235294 0.01437908496732026
7 0.41102941176470587 0.3300653594771242 0.027941176470588237 0.03790849673202614
1 0.4209558823529412 0.338562091503268 0.003676470588235294 0.01568627450980392
1 0.42205882352941176 0.33202614379084966 0.004411764705882353 0.018300653594771243
2 0.42573529411764705 0.35751633986928105 0.0058823529411764705 0.01699346405228758
4 0.10220588235294117 0.5725490196078431 0.011764705882352941 0.054901960784313725
7 0.05183823529411765 0.5725490196078431 0.09044117647058823 0.08104575163398693
1 0.2786764705882353 0.5176470588235295 0.008823529411764706 0.047058823529411764
1 0.3088235294117647 0.4516339869281046 0.008823529411764706 0.043137254901960784
1 0.30661764705882355 0.4013071895424837 0.007352941176470588 0.036601307189542485
8 0.2349264705882353 0.4777777777777778 0.0625 0.08235294117647059
8 0.30514705882352944 0.361437908496732 0.03823529411764706 0.0718954248366013
2 0.18676470588235294 0.42026143790849674 0.023529411764705882 0.022222222222222223
6 0.22573529411764706 0.3941176470588235 0.05588235294117647 0.03790849673202614
6 0.24448529411764705 0.3843137254901961 0.05220588235294118 0.03398692810457516
6 0.24301470588235294 0.3686274509803922 0.04926470588235294 0.03398692810457516
7 0.22904411764705881 0.2928104575163399 0.03455882352941177 0.023529411764705882
6 0.2783088235294118 0.2627450980392157 0.02426470588235294 0.02091503267973856
6 0.33492647058823527 0.2758169934640523 0.02426470588235294 0.023529411764705882
6 0.34816176470588234 0.26862745098039215 0.027205882352941177 0.01699346405228758
6 0.34816176470588234 0.2607843137254902 0.02426470588235294 0.01699346405228758
1 0.36470588235294116 0.2784313725490196 0.004411764705882353 0.018300653594771243
1 0.3610294117647059 0.29477124183006537 0.004411764705882353 0.022222222222222223
1 0.35551470588235295 0.2954248366013072 0.005147058823529412 0.018300653594771243
6 0.3003676470588235 0.238562091503268 0.011029411764705883 0.01437908496732026
7 0.34191176470588236 0.20784313725490197 0.007352941176470588 0.013071895424836602
6 0.3180147058823529 0.24183006535947713 0.011029411764705883 0.01568627450980392
6 0.32316176470588237 0.2529411764705882 0.0125 0.01699346405228758
6 0.32941176470588235 0.24313725490196078 0.011764705882352941 0.01568627450980392
7 0.3573529411764706 0.21895424836601307 0.011764705882352941 0.0196078431372549
9 0.11433823529411764 0.48366013071895425 0.06544117647058824 0.06535947712418301
1 0.5279411764705882 0.29934640522875816 0.004411764705882353 0.02091503267973856
4 0.48933823529411763 0.3084967320261438 0.003676470588235294 0.013071895424836602
9 0.4889705882352941 0.3150326797385621 0.010294117647058823 0.02091503267973856
6 0.5316176470588235 0.3 0.011764705882352941 0.0196078431372549
6 0.5169117647058824 0.30392156862745096 0.020588235294117647 0.02483660130718954
6 0.5386029411764706 0.3156862745098039 0.013970588235294118 0.02483660130718954
6 0.5227941176470589 0.32222222222222224 0.03529411764705882 0.027450980392156862
10 0.5147058823529411 0.33202614379084966 0.013235294117647059 0.03137254901960784
6 0.4875 0.34705882352941175 0.01911764705882353 0.032679738562091505
6 0.49117647058823527 0.37254901960784315 0.023529411764705882 0.036601307189542485
7 0.4922794117647059 0.39869281045751637 0.019852941176470587 0.04183006535947712
6 0.5143382352941176 0.4895424836601307 0.03308823529411765 0.05620915032679739
4 0.7121323529411765 0.8503267973856209 0.021323529411764706 0.07450980392156863
2 0.7088235294117647 0.8679738562091504 0.026470588235294117 0.08366013071895424
4 0.60625 0.6300653594771242 0.013970588235294118 0.036601307189542485
4 0.6055147058823529 0.6150326797385621 0.0125 0.040522875816993466
2 0.6036764705882353 0.6444444444444445 0.013235294117647059 0.0392156862745098
6 0.6246323529411765 0.5352941176470588 0.04191176470588235 0.0718954248366013
1 0.5882352941176471 0.43594771241830066 0.008823529411764706 0.03790849673202614
4 0.5698529411764706 0.4366013071895425 0.0058823529411764705 0.018300653594771243
5 0.56875 0.44313725490196076 0.006617647058823529 0.018300653594771243
1 0.5621323529411765 0.43071895424836604 0.009558823529411765 0.03790849673202614
1 0.5455882352941176 0.38300653594771245 0.004411764705882353 0.03398692810457516
6 0.5680147058823529 0.3993464052287582 0.025735294117647058 0.03790849673202614
6 0.5621323529411765 0.37777777777777777 0.022794117647058822 0.03137254901960784
4 0.5261029411764706 0.37516339869281046 0.006617647058823529 0.01568627450980392
9 0.5268382352941177 0.38562091503267976 0.015441176470588236 0.03398692810457516
4 0.5349264705882353 0.3477124183006536 0.006617647058823529 0.018300653594771243
5 0.5345588235294118 0.3588235294117647 0.008823529411764706 0.011764705882352941
1 0.5496323529411765 0.3542483660130719 0.006617647058823529 0.023529411764705882
6 0.549264705882353 0.34444444444444444 0.027941176470588237 0.02483660130718954
1 0.6886029411764706 0.29477124183006537 0.006617647058823529 0.027450980392156862
1 0.6665441176470588 0.28431372549019607 0.005147058823529412 0.0196078431372549
1 0.6738970588235295 0.28169934640522876 0.005147058823529412 0.0196078431372549
6 0.799264705882353 0.4496732026143791 0.05588235294117647 0.04967320261437908
1 0.8805147058823529 0.7045751633986929 0.01838235294117647 0.08104575163398693
1 0.9334558823529412 0.8457516339869281 0.019852941176470587 0.08366013071895424
1 0.950735294117647 0.8509803921568627 0.01764705882352941 0.07058823529411765
1 0.9613970588235294 0.8398692810457516 0.0125 0.06143790849673202
1 0.9761029411764706 0.8287581699346406 0.016911764705882352 0.0784313725490196
1 0.9764705882352941 0.8529411764705882 0.014705882352941176 0.08496732026143791
8 0.94375 0.7496732026143791 0.10220588235294117 0.24705882352941178
1 0.9724264705882353 0.5601307189542484 0.0125 0.06143790849673202
1 0.9492647058823529 0.4869281045751634 0.008823529411764706 0.05359477124183006
1 0.9595588235294118 0.4843137254901961 0.010294117647058823 0.0457516339869281
2 0.9768382352941176 0.4915032679738562 0.025735294117647058 0.03398692810457516
2 0.9375 0.47320261437908495 0.025 0.026143790849673203
8 0.7018382352941176 0.4 0.05514705882352941 0.09411764705882353