7 0.44036458333333334 0.9449074074074074 0.05364583333333333 0.11018518518518519
1 0.6479166666666667 0.700925925925926 0.0125 0.06296296296296296
2 0.5580729166666667 0.6578703703703703 0.0140625 0.04722222222222222
4 0.5591145833333333 0.6486111111111111 0.013020833333333334 0.03425925925925926
6 0.16953125 0.7550925925925925 0.0609375 0.10648148148148148
6 0.2669270833333333 0.5527777777777778 0.03802083333333333 0.05555555555555555
8 0.2520833333333333 0.5 0.035416666666666666 0.05
6 0.43776041666666665 0.4199074074074074 0.021354166666666667 0.03425925925925926
6 0.3203125 0.45185185185185184 0.027083333333333334 0.044444444444444446
6 0.28046875 0.43796296296296294 0.028645833333333332 0.046296296296296294
9 0.2674479166666667 0.40370370370370373 0.015104166666666667 0.02962962962962963
4 0.26510416666666664 0.4013888888888889 0.009375 0.025
6 0.32473958333333336 0.3597222222222222 0.022395833333333334 0.032407407407407406
7 0.3723958333333333 0.3837962962962963 0.020833333333333332 0.04537037037037037
6 0.4192708333333333 0.35833333333333334 0.017708333333333333 0.02962962962962963
7 0.3984375 0.30694444444444446 0.015625 0.030555555555555555
6 0.35859375 0.2652777777777778 0.0140625 0.021296296296296296
7 0.375 0.26481481481481484 0.0125 0.024074074074074074
6 0.3997395833333333 0.26851851851851855 0.013020833333333334 0.022222222222222223
6 0.403125 0.24166666666666667 0.011458333333333333 0.016666666666666666
6 0.3966145833333333 0.22962962962962963 0.009895833333333333 0.016666666666666666
5 0.38333333333333336 0.22037037037037038 0.004166666666666667 0.011111111111111112
4 0.38307291666666665 0.2175925925925926 0.0026041666666666665 0.011111111111111112
6 0.4088541666666667 0.20601851851851852 0.009375 0.013888888888888888
7 0.41744791666666664 0.21296296296296297 0.008854166666666666 0.018518518518518517
6 0.4234375 0.1962962962962963 0.008333333333333333 0.012962962962962963
6 0.44192708333333336 0.23981481481481481 0.0109375 0.016666666666666666
6 0.44557291666666665 0.2273148148148148 0.009895833333333333 0.01574074074074074
6 0.44583333333333336 0.2212962962962963 0.009375 0.011111111111111112
6 0.44765625 0.21574074074074073 0.008854166666666666 0.012962962962962963
6 0.4747395833333333 0.22546296296296298 0.008854166666666666 0.01574074074074074
6 0.45 0.20925925925925926 0.009375 0.012962962962962963
6 0.4505208333333333 0.20462962962962963 0.009375 0.011111111111111112
6 0.4518229166666667 0.19675925925925927 0.0078125 0.012037037037037037
0 0.4640625 0.1486111111111111 0.07083333333333333 0.09166666666666666
0 0.20338541666666668 0.14305555555555555 0.11927083333333334 0.04537037037037037
0 0.6736979166666667 0.21805555555555556 0.049479166666666664 0.03981481481481482