7 0.5088541666666667 0.8587962962962963 0.040625 0.10092592592592593
6 0.5815104166666667 0.7689814814814815 0.0328125 0.07314814814814814
6 0.42890625 0.8 0.033854166666666664 0.08518518518518518
4 0.55 0.7666666666666667 0.010416666666666666 0.037037037037037035
2 0.5505208333333333 0.7800925925925926 0.011458333333333333 0.03981481481481482
4 0.4041666666666667 0.6967592592592593 0.010416666666666666 0.03425925925925926
4 0.42291666666666666 0.6930555555555555 0.010416666666666666 0.030555555555555555
4 0.42265625 0.700925925925926 0.011979166666666667 0.037037037037037035
2 0.4236979166666667 0.7069444444444445 0.0109375 0.03981481481481482
2 0.5205729166666667 0.7203703703703703 0.009895833333333333 0.03333333333333333
2 0.5385416666666667 0.7212962962962963 0.010416666666666666 0.03518518518518519
4 0.5203125 0.7092592592592593 0.009375 0.02962962962962963
4 0.5388020833333333 0.712037037037037 0.008854166666666666 0.03148148148148148
4 0.5411458333333333 0.6662037037037037 0.008333333333333333 0.032407407407407406
2 0.5408854166666667 0.675 0.009895833333333333 0.03333333333333333
2 0.5200520833333333 0.6435185185185185 0.009895833333333333 0.03518518518518519
4 0.5203125 0.6337962962962963 0.009375 0.023148148148148147
4 0.5197916666666667 0.637962962962963 0.009375 0.027777777777777776
6 0.44817708333333334 0.6462962962962963 0.025520833333333333 0.05555555555555555
6 0.44244791666666666 0.5893518518518519 0.021354166666666667 0.05462962962962963
4 0.40729166666666666 0.5842592592592593 0.007291666666666667 0.025925925925925925
2 0.40703125 0.5907407407407408 0.0078125 0.025925925925925925
2 0.4791666666666667 0.5143518518518518 0.009375 0.023148148148148147
4 0.4783854166666667 0.5083333333333333 0.0067708333333333336 0.020370370370370372
2 0.4934895833333333 0.46944444444444444 0.013020833333333334 0.016666666666666666
4 0.49296875 0.46435185185185185 0.0067708333333333336 0.019444444444444445
4 0.4895833333333333 0.4666666666666667 0.005208333333333333 0.014814814814814815
10 0.50625 0.43425925925925923 0.016666666666666666 0.025925925925925925
4 0.5041666666666667 0.43287037037037035 0.004166666666666667 0.012037037037037037
4 0.509375 0.43425925925925923 0.005208333333333333 0.014814814814814815
4 0.5088541666666667 0.4356481481481482 0.005208333333333333 0.01574074074074074
4 0.515625 0.45925925925925926 0.00625 0.014814814814814815
6 0.45703125 0.4361111111111111 0.030729166666666665 0.025925925925925925
1 0.5322916666666667 0.4078703703703704 0.003125 0.019444444444444445
1 0.5361979166666667 0.4064814814814815 0.0036458333333333334 0.018518518518518517
4 0.5307291666666667 0.40694444444444444 0.003125 0.019444444444444445
2 0.5307291666666667 0.40925925925925927 0.00625 0.014814814814814815
10 0.5588541666666667 0.4125 0.014583333333333334 0.023148148148148147
2 0.5526041666666667 0.4023148148148148 0.010416666666666666 0.013888888888888888
2 0.5505208333333333 0.3912037037037037 0.010416666666666666 0.013888888888888888
0 0.5479166666666667 0.3685185185185185 0.03854166666666667 0.025925925925925925
2 0.5192708333333333 0.3976851851851852 0.007291666666666667 0.023148148148148147
4 0.5190104166666667 0.3976851851851852 0.0036458333333333334 0.012037037037037037
3 0.5169270833333334 0.38564814814814813 0.005729166666666666 0.013888888888888888
4 0.5171875 0.3819444444444444 0.004166666666666667 0.013888888888888888
4 0.5213541666666667 0.387037037037037 0.004166666666666667 0.016666666666666666
2 0.52109375 0.3902777777777778 0.0036458333333333334 0.012037037037037037
7 0.5166666666666667 0.3541666666666667 0.010416666666666666 0.019444444444444445
6 0.4979166666666667 0.37083333333333335 0.0125 0.019444444444444445
6 0.49947916666666664 0.39166666666666666 0.0125 0.020370370370370372
6 0.4817708333333333 0.3921296296296296 0.013541666666666667 0.025
6 0.47630208333333335 0.37824074074074077 0.011979166666666667 0.023148148148148147
0 0.4786458333333333 0.3125 0.059375 0.026851851851851852
4 0.45364583333333336 0.3560185185185185 0.004166666666666667 0.012037037037037037
2 0.45338541666666665 0.3597222222222222 0.0036458333333333334 0.010185185185185186
5 0.8255208333333334 0.8435185185185186 0.021875 0.037037037037037035
1 0.85 0.887962962962963 0.013541666666666667 0.05185185185185185
2 0.8606770833333334 0.9180555555555555 0.03177083333333333 0.03981481481481482
4 0.8403645833333333 0.9111111111111111 0.0140625 0.037037037037037035
4 0.83046875 0.9236111111111112 0.0140625 0.030555555555555555
4 0.8216145833333334 0.9018518518518519 0.011979166666666667 0.025925925925925925
4 0.8049479166666667 0.9041666666666667 0.011979166666666667 0.025
4 0.81328125 0.9180555555555555 0.016145833333333335 0.041666666666666664
2 0.7994791666666666 0.7888888888888889 0.022916666666666665 0.027777777777777776
2 0.7747395833333334 0.7597222222222222 0.0234375 0.03611111111111111
1 0.7692708333333333 0.7462962962962963 0.014583333333333334 0.044444444444444446
4 0.77578125 0.7569444444444444 0.0140625 0.03796296296296296
0 0.8135416666666667 0.975 0.075 0.05
4 0.48541666666666666 0.33425925925925926 0.003125 0.012962962962962963
2 0.48541666666666666 0.3375 0.003125 0.012037037037037037
2 0.4903645833333333 0.337037037037037 0.0026041666666666665 0.009259259259259259
2 0.49583333333333335 0.3398148148148148 0.003125 0.011111111111111112
4 0.49609375 0.33796296296296297 0.0026041666666666665 0.011111111111111112