4 0.06801470588235294 0.10457516339869281 0.03308823529411765 0.09411764705882353
1 0.07720588235294118 0.2601307189542484 0.047058823529411764 0.11241830065359477
1 0.11948529411764706 0.4013071895424837 0.0375 0.09934640522875816
1 0.24301470588235294 0.30718954248366015 0.04044117647058824 0.09673202614379085
1 0.22389705882352942 0.8509803921568627 0.05367647058823529 0.09411764705882353
1 0.25 0.8196078431372549 0.045588235294117645 0.0915032679738562
1 0.28088235294117647 0.8202614379084967 0.03676470588235294 0.09281045751633987
1 0.31213235294117647 0.8287581699346406 0.03161764705882353 0.09411764705882353
8 0.3735294117647059 0.3581699346405229 0.26029411764705884 0.4522875816993464
8 0.4801470588235294 0.6679738562091503 0.3029411764705882 0.5071895424836601
8 0.6077205882352941 0.8013071895424837 0.33308823529411763 0.39738562091503266
8 0.7 0.05359477124183006 0.13088235294117648 0.10718954248366012
8 0.7808823529411765 0.8856209150326797 0.22794117647058823 0.2235294117647059
1 0.32683823529411765 0.9810457516339869 0.03897058823529412 0.03790849673202614