6 0.022916666666666665 0.875 0.04583333333333333 0.1648148148148148
4 0.01171875 0.9583333333333334 0.0234375 0.08333333333333333
1 0.09635416666666667 0.6481481481481481 0.0125 0.07777777777777778
6 0.5359375 0.9162037037037037 0.0875 0.16018518518518518
6 0.5557291666666667 0.7157407407407408 0.065625 0.1
4 0.8619791666666666 0.9578703703703704 0.034375 0.08425925925925926
6 0.9205729166666666 0.6837962962962963 0.10572916666666667 0.0712962962962963
0 0.8466145833333333 0.5879629629629629 0.21822916666666667 0.09259259259259259
0 0.6653645833333334 0.5111111111111111 0.14427083333333332 0.1388888888888889
0 0.5864583333333333 0.4476851851851852 0.0125 0.026851851851851852
0 0.48880208333333336 0.37037037037037035 0.13385416666666666 0.2
0 0.6546875 0.39861111111111114 0.19479166666666667 0.0712962962962963
1 0.7580729166666667 0.4587962962962963 0.0078125 0.03611111111111111
1 0.7979166666666667 0.4777777777777778 0.008333333333333333 0.03333333333333333
0 0.3421875 0.35 0.16041666666666668 0.14444444444444443
1 0.11510416666666666 0.6398148148148148 0.01875 0.07592592592592592
1 0.11848958333333333 0.6398148148148148 0.013020833333333334 0.07407407407407407
1 0.1265625 0.6296296296296297 0.010416666666666666 0.06666666666666667
1 0.10234375 0.6125 0.019270833333333334 0.06759259259259259
1 0.15755208333333334 0.5601851851851852 0.013020833333333334 0.05555555555555555
1 0.1421875 0.5601851851851852 0.013541666666666667 0.06111111111111111
1 0.13489583333333333 0.5509259259259259 0.014583333333333334 0.06111111111111111
1 0.140625 0.5115740740740741 0.007291666666666667 0.04351851851851852
1 0.13125 0.513425925925926 0.007291666666666667 0.04351851851851852
1 0.12552083333333333 0.5106481481481482 0.007291666666666667 0.04722222222222222
5 0.11536458333333334 0.5138888888888888 0.028645833333333332 0.027777777777777776
4 0.18229166666666666 0.6 0.016666666666666666 0.053703703703703705
5 0.18255208333333334 0.6185185185185185 0.0203125 0.044444444444444446
4 0.3026041666666667 0.6083333333333333 0.015625 0.05185185185185185
4 0.17942708333333332 0.5050925925925925 0.0109375 0.04537037037037037
4 0.15807291666666667 0.5009259259259259 0.0109375 0.037037037037037035
1 0.24661458333333333 0.4444444444444444 0.008854166666666666 0.03333333333333333
1 0.18229166666666666 0.48657407407407405 0.010416666666666666 0.041666666666666664
5 0.18020833333333333 0.5171296296296296 0.017708333333333333 0.028703703703703703
5 0.15833333333333333 0.5148148148148148 0.010416666666666666 0.02962962962962963
2 0.30494791666666665 0.6203703703703703 0.0296875 0.044444444444444446
4 0.82890625 0.6861111111111111 0.019270833333333334 0.06111111111111111
5 0.8505208333333333 0.6472222222222223 0.03333333333333333 0.02962962962962963
4 0.71015625 0.6152777777777778 0.0171875 0.06018518518518518
1 0.5651041666666666 0.45046296296296295 0.007291666666666667 0.025
7 0.5708333333333333 0.48194444444444445 0.03125 0.041666666666666664
6 0.67421875 0.6064814814814815 0.06302083333333333 0.05
4 0.6341145833333334 0.6425925925925926 0.0171875 0.04814814814814815
4 0.6377604166666667 0.6050925925925926 0.0171875 0.04722222222222222
4 0.5393229166666667 0.5796296296296296 0.0109375 0.04259259259259259
4 0.5450520833333333 0.5314814814814814 0.0109375 0.04259259259259259
2 0.8263020833333333 0.7023148148148148 0.04635416666666667 0.058333333333333334
2 0.6765625 0.6916666666666667 0.041666666666666664 0.05555555555555555
4 0.66484375 0.6759259259259259 0.019270833333333334 0.05740740740740741
4 0.6770833333333334 0.6810185185185185 0.01875 0.058333333333333334
5 0.70703125 0.6296296296296297 0.0328125 0.03518518518518519
5 0.6317708333333333 0.6587962962962963 0.01875 0.05462962962962963
9 0.6375 0.6171296296296296 0.035416666666666666 0.03981481481481482
1 0.5544270833333333 0.5810185185185185 0.011979166666666667 0.058333333333333334
6 0.57109375 0.5662037037037037 0.04114583333333333 0.05648148148148148
6 0.5661458333333333 0.5287037037037037 0.034375 0.046296296296296294
6 0.5361979166666667 0.48703703703703705 0.027604166666666666 0.03333333333333333
6 0.4015625 0.586574074074074 0.042708333333333334 0.06944444444444445
6 0.45989583333333334 0.5888888888888889 0.036458333333333336 0.05925925925925926
6 0.5083333333333333 0.5731481481481482 0.042708333333333334 0.06296296296296296
6 0.5096354166666667 0.5310185185185186 0.06197916666666667 0.041666666666666664
5 0.4786458333333333 0.47824074074074074 0.007291666666666667 0.013888888888888888
6 0.44453125 0.5449074074074074 0.0359375 0.05092592592592592
6 0.42473958333333334 0.5087962962962963 0.06614583333333333 0.041666666666666664
6 0.390625 0.4875 0.026041666666666668 0.041666666666666664
6 0.3963541666666667 0.4699074074074074 0.023958333333333335 0.03611111111111111
6 0.3963541666666667 0.45 0.019791666666666666 0.024074074074074074
6 0.39921875 0.4375 0.0203125 0.023148148148148147
6 0.4015625 0.42962962962962964 0.020833333333333332 0.014814814814814815
6 0.36953125 0.44305555555555554 0.0203125 0.03425925925925926
6 0.33203125 0.462037037037037 0.0234375 0.03518518518518519
4 0.34661458333333334 0.44351851851851853 0.0067708333333333336 0.024074074074074074
5 0.346875 0.45601851851851855 0.005208333333333333 0.019444444444444445
6 0.2828125 0.44351851851851853 0.021875 0.03333333333333333
0 0.21302083333333333 0.43472222222222223 0.05 0.062037037037037036