6 0.06544117647058824 0.5450980392156862 0.13088235294117648 0.32679738562091504
5 0.10073529411764706 0.10065359477124183 0.05588235294117647 0.11503267973856209
4 0.09117647058823529 0.08758169934640522 0.039705882352941174 0.09411764705882353
6 0.2540441176470588 0.12810457516339868 0.13161764705882353 0.25620915032679736
6 0.3492647058823529 0.6111111111111112 0.23088235294117648 0.265359477124183
6 0.6606617647058823 0.4745098039215686 0.2036764705882353 0.2196078431372549
6 0.7283088235294117 0.17908496732026144 0.17720588235294119 0.17777777777777778
6 0.45294117647058824 0.3281045751633987 0.19264705882352942 0.21176470588235294
9 0.4261029411764706 0.1869281045751634 0.1213235294117647 0.12810457516339868
1 0.4235294117647059 0.12287581699346405 0.027941176470588237 0.08627450980392157
4 0.40404411764705883 0.19738562091503267 0.03161764705882353 0.08888888888888889
6 0.9400735294117647 0.30718954248366015 0.11985294117647059 0.19607843137254902