0 0.4786458333333333 0.18009259259259258 0.03125 0.058333333333333334
0 0.528125 0.15 0.015625 0.024074074074074074
8 0.34010416666666665 0.16111111111111112 0.015625 0.014814814814814815
8 0.38125 0.18287037037037038 0.009375 0.019444444444444445
0 0.5177083333333333 0.17731481481481481 0.005208333333333333 0.01574074074074074
0 0.40390625 0.16574074074074074 0.025520833333333333 0.03333333333333333
6 0.35052083333333334 0.3699074074074074 0.04479166666666667 0.030555555555555555
8 0.3307291666666667 0.8453703703703703 0.084375 0.21666666666666667
6 0.8802083333333334 0.7097222222222223 0.096875 0.06759259259259259
2 0.8328125 0.6509259259259259 0.030208333333333334 0.03148148148148148
2 0.8205729166666667 0.6157407407407407 0.0171875 0.03888888888888889
7 0.7697916666666667 0.6199074074074075 0.0625 0.075
6 0.6765625 0.6393518518518518 0.052083333333333336 0.075
6 0.6361979166666667 0.5430555555555555 0.04010416666666667 0.05648148148148148
11 0.41380208333333335 0.46064814814814814 0.04739583333333333 0.125
9 0.45338541666666665 0.5699074074074074 0.0109375 0.04351851851851852
4 0.453125 0.5597222222222222 0.0125 0.03796296296296296
6 0.46432291666666664 0.4981481481481482 0.025520833333333333 0.04814814814814815
6 0.5026041666666666 0.5592592592592592 0.030208333333333334 0.05555555555555555
6 0.44166666666666665 0.3199074074074074 0.016666666666666666 0.03611111111111111
5 0.45078125 0.39444444444444443 0.0046875 0.024074074074074074
4 0.4513020833333333 0.38981481481481484 0.0067708333333333336 0.027777777777777776
2 0.5463541666666667 0.5666666666666667 0.0125 0.03888888888888889
4 0.5442708333333334 0.562037037037037 0.0125 0.03888888888888889
9 0.45260416666666664 0.4236111111111111 0.011458333333333333 0.028703703703703703
4 0.453125 0.4199074074074074 0.008333333333333333 0.025
6 0.528125 0.42407407407407405 0.022916666666666665 0.044444444444444446
6 0.6572916666666667 0.4356481481481482 0.03333333333333333 0.041666666666666664
6 0.6424479166666667 0.412962962962963 0.024479166666666666 0.03148148148148148
10 0.584375 0.4101851851851852 0.013541666666666667 0.03333333333333333
6 0.5078125 0.24027777777777778 0.010416666666666666 0.017592592592592594
6 0.5104166666666666 0.2564814814814815 0.009375 0.014814814814814815
9 0.5151041666666667 0.28935185185185186 0.009375 0.021296296296296296
8 0.4518229166666667 0.2740740740740741 0.015104166666666667 0.044444444444444446
8 0.4583333333333333 0.25277777777777777 0.013541666666666667 0.037037037037037035
8 0.4630208333333333 0.2222222222222222 0.010416666666666666 0.018518518518518517
1 0.46927083333333336 0.24722222222222223 0.003125 0.014814814814814815