0 0.868014705882353 0.25359477124183005 0.05367647058823529 0.12026143790849673
0 0.9551470588235295 0.369281045751634 0.07794117647058824 0.13725490196078433
6 0.10441176470588236 0.33398692810457514 0.051470588235294115 0.06405228758169934
6 0.5294117647058824 0.9032679738562092 0.07058823529411765 0.17777777777777778
6 0.43014705882352944 0.7928104575163398 0.054411764705882354 0.15294117647058825
6 0.44375 0.16797385620915034 0.021323529411764706 0.03790849673202614
6 0.4474264705882353 0.13398692810457516 0.01838235294117647 0.027450980392156862
6 0.4834558823529412 0.11895424836601307 0.01838235294117647 0.02875816993464052
6 0.4764705882352941 0.14836601307189543 0.023529411764705882 0.032679738562091505
6 0.4764705882352941 0.09477124183006536 0.016176470588235296 0.02483660130718954
6 0.9514705882352941 0.2065359477124183 0.039705882352941174 0.054901960784313725
6 0.9786764705882353 0.17124183006535948 0.04264705882352941 0.04183006535947712
6 0.981985294117647 0.2627450980392157 0.03602941176470588 0.07058823529411765
6 0.8720588235294118 0.169281045751634 0.041176470588235294 0.040522875816993466
6 0.8926470588235295 0.1627450980392157 0.041176470588235294 0.040522875816993466
6 0.9639705882352941 0.07777777777777778 0.05 0.043137254901960784
0 0.9419117647058823 0.054901960784313725 0.01911764705882353 0.04183006535947712
0 0.9724264705882353 0.046405228758169936 0.03455882352941177 0.02483660130718954
0 0.99375 0.06209150326797386 0.008088235294117648 0.03790849673202614
11 0.9452205882352941 0.134640522875817 0.09632352941176471 0.06535947712418301
8 0.5003676470588235 0.2411764705882353 0.03308823529411765 0.09803921568627451
8 0.43970588235294117 0.29869281045751633 0.045588235294117645 0.19477124183006536
8 0.5294117647058824 0.5176470588235295 0.08088235294117647 0.3581699346405229
8 0.4290441176470588 0.5222222222222223 0.06691176470588235 0.24183006535947713
6 0.5014705882352941 0.3568627450980392 0.027941176470588237 0.06013071895424837
8 0.48419117647058824 0.18562091503267975 0.02426470588235294 0.04967320261437908
11 0.44375 0.0718954248366013 0.02426470588235294 0.07320261437908497
6 0.4823529411764706 0.029411764705882353 0.022058823529411766 0.058823529411764705
6 0.46139705882352944 0.05228758169934641 0.0125 0.018300653594771243
6 0.4474264705882353 0.03398692810457516 0.0125 0.01568627450980392
6 0.4455882352941177 0.00849673202614379 0.013235294117647059 0.01437908496732026
11 0.41213235294117645 0.9274509803921569 0.10955882352941176 0.1450980392156863