0 0.5096354166666667 0.30185185185185187 0.1234375 0.046296296296296294
1 0.6052083333333333 0.961574074074074 0.019791666666666666 0.06944444444444445
1 0.5247395833333334 0.6893518518518519 0.0109375 0.041666666666666664
1 0.5395833333333333 0.6430555555555556 0.009375 0.041666666666666664
1 0.49375 0.6722222222222223 0.0125 0.03148148148148148
2 0.4921875 0.6833333333333333 0.014583333333333334 0.037037037037037035
6 0.5294270833333333 0.43796296296296294 0.018229166666666668 0.024074074074074074
1 0.45546875 0.4162037037037037 0.0067708333333333336 0.03425925925925926
1 0.4361979166666667 0.3787037037037037 0.005729166666666666 0.025925925925925925
1 0.4427083333333333 0.4074074074074074 0.004166666666666667 0.014814814814814815
2 0.44296875 0.4152777777777778 0.005729166666666666 0.023148148148148147
1 0.4265625 0.4722222222222222 0.005208333333333333 0.016666666666666666
2 0.42630208333333336 0.48055555555555557 0.0078125 0.022222222222222223
1 0.41796875 0.4537037037037037 0.005729166666666666 0.014814814814814815
2 0.4171875 0.46620370370370373 0.007291666666666667 0.021296296296296296
1 0.45546875 0.33611111111111114 0.0046875 0.016666666666666666
2 0.4552083333333333 0.3435185185185185 0.008333333333333333 0.016666666666666666