8 0.56953125 0.6546296296296297 0.06822916666666666 0.2611111111111111
6 0.31640625 0.9393518518518519 0.0703125 0.12129629629629629
6 0.428125 0.7462962962962963 0.057291666666666664 0.12962962962962962
2 0.68671875 0.7273148148148149 0.015104166666666667 0.05462962962962963
4 0.68828125 0.7143518518518519 0.016145833333333335 0.058333333333333334
6 0.3802083333333333 0.6185185185185185 0.05 0.10925925925925926
6 0.39114583333333336 0.5111111111111111 0.03333333333333333 0.06851851851851852
6 0.40598958333333335 0.45787037037037037 0.0296875 0.058333333333333334
6 0.42734375 0.36666666666666664 0.022395833333333334 0.04259259259259259
6 0.42864583333333334 0.3347222222222222 0.021875 0.03611111111111111
6 0.43411458333333336 0.31157407407407406 0.019270833333333334 0.03611111111111111
6 0.42630208333333336 0.2865740740740741 0.018229166666666668 0.03796296296296296
6 0.43802083333333336 0.2712962962962963 0.016666666666666666 0.027777777777777776
6 0.44296875 0.2518518518518518 0.015104166666666667 0.022222222222222223
6 0.440625 0.23981481481481481 0.014583333333333334 0.024074074074074074
6 0.4236979166666667 0.23194444444444445 0.015104166666666667 0.025
6 0.42682291666666666 0.21064814814814814 0.013020833333333334 0.019444444444444445
6 0.4747395833333333 0.25462962962962965 0.016145833333333335 0.024074074074074074
6 0.51171875 0.3375 0.019270833333333334 0.032407407407407406
6 0.5502604166666667 0.38657407407407407 0.024479166666666666 0.03796296296296296
6 0.5002604166666667 0.26666666666666666 0.018229166666666668 0.02962962962962963
2 0.41953125 0.25046296296296294 0.0046875 0.01574074074074074
4 0.4192708333333333 0.24583333333333332 0.005208333333333333 0.019444444444444445
6 0.4466145833333333 0.22777777777777777 0.0140625 0.022222222222222223
6 0.44765625 0.21712962962962962 0.0140625 0.019444444444444445
7 0.44609375 0.20416666666666666 0.011979166666666667 0.023148148148148147
6 0.4505208333333333 0.19722222222222222 0.011458333333333333 0.022222222222222223
6 0.46145833333333336 0.1925925925925926 0.015625 0.020370370370370372
6 0.4830729166666667 0.18009259259259258 0.011979166666666667 0.019444444444444445
6 0.45208333333333334 0.1824074074074074 0.010416666666666666 0.020370370370370372
6 0.453125 0.17222222222222222 0.011458333333333333 0.016666666666666666
6 0.45546875 0.16203703703703703 0.011979166666666667 0.020370370370370372
6 0.46015625 0.15925925925925927 0.011979166666666667 0.014814814814814815
6 0.44765625 0.15 0.011979166666666667 0.014814814814814815
8 0.4432291666666667 0.13518518518518519 0.0125 0.020370370370370372
7 0.4596354166666667 0.15046296296296297 0.008854166666666666 0.01574074074074074
6 0.46197916666666666 0.1439814814814815 0.009375 0.013888888888888888
6 0.4783854166666667 0.13425925925925927 0.008854166666666666 0.012962962962962963
6 0.49375 0.11527777777777778 0.007291666666666667 0.010185185185185186
2 0.5380208333333333 0.19583333333333333 0.004166666666666667 0.013888888888888888
4 0.53828125 0.1912037037037037 0.0036458333333333334 0.013888888888888888
6 0.46770833333333334 0.1050925925925926 0.00625 0.010185185185185186
6 0.49505208333333334 0.10324074074074074 0.0067708333333333336 0.008333333333333333
6 0.48203125 0.09212962962962963 0.0046875 0.008333333333333333
6 0.465625 0.08981481481481482 0.011458333333333333 0.009259259259259259
6 0.45286458333333335 0.09027777777777778 0.011979166666666667 0.008333333333333333
6 0.47630208333333335 0.08842592592592592 0.005729166666666666 0.008333333333333333
6 0.49192708333333335 0.08703703703703704 0.005729166666666666 0.007407407407407408
2 0.5200520833333333 0.12222222222222222 0.0026041666666666665 0.009259259259259259
4 0.5200520833333333 0.12083333333333333 0.0026041666666666665 0.012037037037037037
0 0.4825520833333333 0.06481481481481481 0.03177083333333333 0.03888888888888889
0 0.60703125 0.07685185185185185 0.0203125 0.014814814814814815