0 0.38619791666666664 0.27685185185185185 0.07447916666666667 0.2351851851851852
6 0.43463541666666666 0.24212962962962964 0.013020833333333334 0.03981481481481482
8 0.44869791666666664 0.24583333333333332 0.021354166666666667 0.041666666666666664
6 0.44583333333333336 0.3226851851851852 0.017708333333333333 0.030555555555555555
6 0.49765625 0.30787037037037035 0.018229166666666668 0.025
8 0.5091145833333334 0.4083333333333333 0.0765625 0.15555555555555556
6 0.5703125 0.4462962962962963 0.03958333333333333 0.06296296296296296
8 0.4109375 0.6925925925925925 0.14479166666666668 0.5222222222222223
1 0.22369791666666666 0.7092592592592593 0.0234375 0.10555555555555556
0 0.20677083333333332 0.850462962962963 0.041666666666666664 0.15648148148148147
6 0.3033854166666667 0.40370370370370373 0.03177083333333333 0.05740740740740741
6 0.321875 0.3148148148148148 0.023958333333333335 0.037037037037037035
6 0.3104166666666667 0.34074074074074073 0.030208333333333334 0.040740740740740744
6 0.3377604166666667 0.2865740740740741 0.015104166666666667 0.030555555555555555