1 0.3014705882352941 0.9366013071895425 0.0058823529411764705 0.027450980392156862
1 0.4426470588235294 0.8967320261437909 0.007352941176470588 0.026143790849673203
7 0.3551470588235294 0.8450980392156863 0.013235294117647059 0.03790849673202614
7 0.2761029411764706 0.8836601307189542 0.05514705882352941 0.04967320261437908
6 0.29301470588235295 0.8418300653594771 0.04191176470588235 0.04183006535947712
8 0.34852941176470587 0.7516339869281046 0.020588235294117647 0.047058823529411764
6 0.5341911764705882 0.765359477124183 0.03161764705882353 0.030065359477124184
6 0.5727941176470588 0.7699346405228759 0.029411764705882353 0.03137254901960784
1 0.5643382352941176 0.7261437908496732 0.003676470588235294 0.022222222222222223
6 0.4658088235294118 0.6647058823529411 0.0125 0.02483660130718954
2 0.5400735294117647 0.6503267973856209 0.009558823529411765 0.01437908496732026
1 0.5018382352941176 0.6392156862745098 0.0022058823529411764 0.01568627450980392
1 0.4974264705882353 0.6385620915032679 0.003676470588235294 0.0196078431372549
6 0.49522058823529413 0.6183006535947713 0.025735294117647058 0.018300653594771243
6 0.49301470588235297 0.5973856209150327 0.02426470588235294 0.018300653594771243
6 0.49411764705882355 0.6104575163398693 0.022058823529411766 0.01568627450980392
6 0.5294117647058824 0.5830065359477125 0.022058823529411766 0.01568627450980392
6 0.5139705882352941 0.5732026143790849 0.022058823529411766 0.01699346405228758
2 0.3816176470588235 0.7215686274509804 0.0058823529411764705 0.018300653594771243
6 0.4051470588235294 0.6764705882352942 0.011764705882352941 0.02483660130718954
6 0.3720588235294118 0.6692810457516339 0.014705882352941176 0.02091503267973856
6 0.3801470588235294 0.6235294117647059 0.010294117647058823 0.02091503267973856
6 0.3764705882352941 0.5784313725490197 0.023529411764705882 0.01699346405228758
10 0.37022058823529413 0.5875816993464053 0.015441176470588236 0.009150326797385621
1 0.39080882352941176 0.5771241830065359 0.0022058823529411764 0.0196078431372549
1 0.40808823529411764 0.5718954248366013 0.0029411764705882353 0.01699346405228758
6 0.3985294117647059 0.5660130718954248 0.008823529411764706 0.018300653594771243
1 0.4536764705882353 0.5673202614379085 0.0029411764705882353 0.01568627450980392
6 0.4650735294117647 0.5326797385620915 0.006617647058823529 0.0196078431372549
0 0.39080882352941176 0.5333333333333333 0.027205882352941177 0.026143790849673203
6 0.4073529411764706 0.5274509803921569 0.008823529411764706 0.01437908496732026
1 0.4128676470588235 0.5326797385620915 0.003676470588235294 0.01437908496732026
7 0.41102941176470587 0.5163398692810458 0.007352941176470588 0.018300653594771243
6 0.3985294117647059 0.5117647058823529 0.01764705882352941 0.011764705882352941
7 0.42463235294117646 0.4934640522875817 0.011029411764705883 0.01437908496732026
6 0.4455882352941177 0.5032679738562091 0.008823529411764706 0.01568627450980392
0 0.4632352941176471 0.5111111111111111 0.007352941176470588 0.013071895424836602
0 0.40147058823529413 0.47516339869281043 0.011764705882352941 0.032679738562091505
6 0.4073529411764706 0.4934640522875817 0.016176470588235296 0.011764705882352941
0 0.4886029411764706 0.5509803921568628 0.01838235294117647 0.0196078431372549
0 0.5121323529411764 0.4869281045751634 0.013970588235294118 0.0196078431372549
6 0.49264705882352944 0.46862745098039216 0.014705882352941176 0.009150326797385621
6 0.5073529411764706 0.46862745098039216 0.008823529411764706 0.011764705882352941
0 0.49301470588235297 0.44575163398692813 0.008088235294117648 0.013071895424836602
6 0.4632352941176471 0.492156862745098 0.008823529411764706 0.011764705882352941
0 0.41691176470588237 0.3627450980392157 0.014705882352941176 0.050980392156862744
6 0.4224264705882353 0.41633986928104577 0.005147058823529412 0.006535947712418301
6 0.4334558823529412 0.4143790849673203 0.005147058823529412 0.00784313725490196
6 0.4455882352941177 0.42026143790849674 0.0058823529411764705 0.009150326797385621
6 0.4455882352941177 0.4143790849673203 0.004411764705882353 0.00784313725490196
6 0.45294117647058824 0.4130718954248366 0.004411764705882353 0.00784313725490196
6 0.45625 0.4300653594771242 0.005147058823529412 0.00784313725490196
6 0.425 0.43529411764705883 0.0058823529411764705 0.01045751633986928
6 0.41948529411764707 0.4444444444444444 0.011029411764705883 0.01045751633986928
6 0.41911764705882354 0.46013071895424834 0.0058823529411764705 0.01045751633986928
6 0.4636029411764706 0.4725490196078431 0.006617647058823529 0.011764705882352941
1 0.4176470588235294 0.4803921568627451 0.0029411764705882353 0.009150326797385621
1 0.4224264705882353 0.5052287581699346 0.0022058823529411764 0.011764705882352941
1 0.4261029411764706 0.4594771241830065 0.0022058823529411764 0.011764705882352941
0 0.43419117647058825 0.34183006535947713 0.013970588235294118 0.027450980392156862
0 0.4430147058823529 0.36797385620915035 0.013970588235294118 0.0196078431372549
6 0.44080882352941175 0.39673202614379083 0.003676470588235294 0.00392156862745098
6 0.4338235294117647 0.40065359477124185 0.004411764705882353 0.006535947712418301
6 0.4297794117647059 0.3758169934640523 0.003676470588235294 0.006535947712418301
6 0.4290441176470588 0.36797385620915035 0.003676470588235294 0.00392156862745098
7 0.43308823529411766 0.39281045751633986 0.0029411764705882353 0.009150326797385621
7 0.45036764705882354 0.39019607843137255 0.003676470588235294 0.009150326797385621
6 0.48051470588235295 0.44640522875816996 0.011029411764705883 0.009150326797385621
6 0.48051470588235295 0.4326797385620915 0.008088235294117648 0.00522875816993464
1 0.47794117647058826 0.46013071895424834 0.0014705882352941176 0.01045751633986928
1 0.47573529411764703 0.46013071895424834 0.0014705882352941176 0.00784313725490196
1 0.49963235294117647 0.4588235294117647 0.0022058823529411764 0.00784313725490196
1 0.49669117647058825 0.4594771241830065 0.0022058823529411764 0.009150326797385621
1 0.48455882352941176 0.46143790849673205 0.0029411764705882353 0.01045751633986928