6 0.3328125 0.8157407407407408 0.12083333333333333 0.18518518518518517
6 0.46041666666666664 0.6791666666666667 0.06979166666666667 0.11018518518518519
6 0.3625 0.7023148148148148 0.071875 0.12129629629629629
6 0.37135416666666665 0.6504629629629629 0.05625 0.08796296296296297
6 0.3893229166666667 0.6212962962962963 0.049479166666666664 0.07962962962962963
6 0.3885416666666667 0.5949074074074074 0.03958333333333333 0.058333333333333334
6 0.38776041666666666 0.5773148148148148 0.0359375 0.05092592592592592
6 0.4596354166666667 0.6087962962962963 0.0421875 0.05462962962962963
6 0.4440104166666667 0.5736111111111111 0.034895833333333334 0.049074074074074076
6 0.43723958333333335 0.5606481481481481 0.025520833333333333 0.049074074074074076
6 0.43359375 0.537962962962963 0.024479166666666666 0.03888888888888889
0 0.42473958333333334 0.49722222222222223 0.021354166666666667 0.03148148148148148
9 0.24921875 0.6101851851851852 0.030729166666666665 0.10740740740740741
5 0.23177083333333334 0.7453703703703703 0.022916666666666665 0.10185185185185185
1 0.23723958333333334 0.7083333333333334 0.0234375 0.11851851851851852
7 0.09244791666666667 0.7138888888888889 0.1671875 0.18703703703703703
6 0.771875 0.9120370370370371 0.28229166666666666 0.17592592592592593
1 0.7299479166666667 0.7537037037037037 0.027604166666666666 0.13703703703703704
1 0.9151041666666667 0.6958333333333333 0.021875 0.13055555555555556
6 0.8520833333333333 0.7472222222222222 0.21770833333333334 0.13148148148148148
6 0.8244791666666667 0.6930555555555555 0.175 0.10648148148148148
6 0.6552083333333333 0.7212962962962963 0.10729166666666666 0.1388888888888889
1 0.5794270833333334 0.6768518518518518 0.022395833333333334 0.11296296296296296
1 0.5692708333333333 0.6680555555555555 0.01875 0.10092592592592593
1 0.5518229166666667 0.663425925925926 0.018229166666666668 0.11388888888888889
1 0.546875 0.6569444444444444 0.01875 0.10277777777777777
1 0.5270833333333333 0.7189814814814814 0.03125 0.11388888888888889
2 0.5270833333333333 0.7476851851851852 0.03229166666666667 0.09722222222222222
1 0.5661458333333333 0.8319444444444445 0.042708333333333334 0.14907407407407408
2 0.5638020833333334 0.875462962962963 0.05364583333333333 0.1361111111111111
1 0.5721354166666667 0.9481481481481482 0.0640625 0.1037037037037037
7 0.896875 0.6273148148148148 0.10416666666666667 0.09907407407407408
6 0.8299479166666667 0.6148148148148148 0.08697916666666666 0.06851851851851852
7 0.69296875 0.562037037037037 0.059895833333333336 0.044444444444444446
6 0.71171875 0.5731481481481482 0.06510416666666667 0.04259259259259259
6 0.73359375 0.586574074074074 0.0734375 0.05462962962962963
6 0.7575520833333333 0.5916666666666667 0.08072916666666667 0.05185185185185185
6 0.8653645833333333 0.6277777777777778 0.09114583333333333 0.06111111111111111
1 0.49140625 0.5689814814814815 0.009895833333333333 0.03611111111111111
5 0.4908854166666667 0.5791666666666667 0.011979166666666667 0.03611111111111111
1 0.4791666666666667 0.5592592592592592 0.008333333333333333 0.03148148148148148
5 0.4786458333333333 0.5666666666666667 0.007291666666666667 0.03333333333333333
1 0.46119791666666665 0.5472222222222223 0.0078125 0.03333333333333333
5 0.46119791666666665 0.5564814814814815 0.0067708333333333336 0.027777777777777776
0 0.4703125 0.5402777777777777 0.007291666666666667 0.030555555555555555
0 0.4778645833333333 0.537962962962963 0.005729166666666666 0.009259259259259259
2 0.3619791666666667 0.5518518518518518 0.008333333333333333 0.024074074074074074
1 0.3625 0.5421296296296296 0.00625 0.023148148148148147
0 0.37942708333333336 0.5148148148148148 0.0109375 0.044444444444444446
6 0.3963541666666667 0.562962962962963 0.025 0.040740740740740744
6 0.39869791666666665 0.5564814814814815 0.021354166666666667 0.040740740740740744
1 0.4161458333333333 0.5259259259259259 0.00625 0.022222222222222223
6 0.40546875 0.5050925925925925 0.0109375 0.019444444444444445
0 0.39140625 0.5046296296296297 0.0078125 0.027777777777777776