6 0.38645833333333335 0.6564814814814814 0.041666666666666664 0.06481481481481481
6 0.3341145833333333 0.611574074074074 0.0421875 0.05648148148148148
6 0.3455729166666667 0.5416666666666666 0.0453125 0.037037037037037035
6 0.58359375 0.6013888888888889 0.0578125 0.04722222222222222
6 0.51328125 0.5773148148148148 0.0421875 0.04537037037037037
6 0.4708333333333333 0.562962962962963 0.041666666666666664 0.03888888888888889
6 0.43671875 0.549537037037037 0.04010416666666667 0.04351851851851852
6 0.24166666666666667 0.5763888888888888 0.03958333333333333 0.04722222222222222
8 0.1453125 0.549537037037037 0.041666666666666664 0.05092592592592592
1 0.17161458333333332 0.5699074074074074 0.0078125 0.03425925925925926
1 0.18151041666666667 0.575462962962963 0.008854166666666666 0.03981481481481482
1 0.18411458333333333 0.5532407407407407 0.0067708333333333336 0.03981481481481482
1 0.17604166666666668 0.5527777777777778 0.009375 0.037037037037037035
1 0.16848958333333333 0.549074074074074 0.0078125 0.03518518518518519
1 0.265625 0.600462962962963 0.010416666666666666 0.03796296296296296
4 0.24765625 0.6166666666666667 0.009895833333333333 0.027777777777777776
4 0.23151041666666666 0.6180555555555556 0.009895833333333333 0.028703703703703703
4 0.23932291666666666 0.6134259259259259 0.009895833333333333 0.028703703703703703
9 0.2682291666666667 0.6305555555555555 0.036458333333333336 0.05185185185185185
8 0.28125 0.5300925925925926 0.065625 0.0712962962962963