6 0.10036764705882353 0.8771241830065359 0.1036764705882353 0.16470588235294117
6 0.5161764705882353 0.7908496732026143 0.054411764705882354 0.1542483660130719
6 0.5014705882352941 0.9568627450980393 0.061764705882352944 0.08627450980392157
6 0.8275735294117647 0.6235294117647059 0.07720588235294118 0.13071895424836602
6 0.3889705882352941 0.10457516339869281 0.016176470588235296 0.023529411764705882
11 0.2852941176470588 0.3392156862745098 0.075 0.15816993464052287
11 0.3713235294117647 0.25620915032679736 0.05 0.11764705882352941
6 0.7169117647058824 0.22941176470588234 0.057352941176470586 0.03529411764705882
6 0.7113970588235294 0.19869281045751633 0.05514705882352941 0.036601307189542485
6 0.6970588235294117 0.16993464052287582 0.052941176470588235 0.04183006535947712
2 0.80625 0.3333333333333333 0.0375 0.036601307189542485
1 0.7595588235294117 0.3196078431372549 0.010294117647058823 0.0457516339869281
1 0.7683823529411765 0.31437908496732025 0.008823529411764706 0.032679738562091505
8 0.3786764705882353 0.4084967320261438 0.11176470588235295 0.09542483660130718
6 0.040808823529411765 0.23071895424836603 0.06544117647058824 0.032679738562091505
6 0.05110294117647059 0.2084967320261438 0.06102941176470588 0.030065359477124184
6 0.14963235294117647 0.12418300653594772 0.04779411764705882 0.02875816993464052
6 0.15625 0.10915032679738562 0.04926470588235294 0.027450980392156862
0 0.2713235294117647 0.025490196078431372 0.057352941176470586 0.048366013071895426
0 0.21801470588235294 0.050980392156862744 0.04632352941176471 0.04967320261437908