0 0.4203125 0.18425925925925926 0.041666666666666664 0.024074074074074074
6 0.4158854166666667 0.2037037037037037 0.008854166666666666 0.012962962962962963
8 0.42135416666666664 0.20601851851851852 0.0125 0.017592592592592594
6 0.4361979166666667 0.2064814814814815 0.0109375 0.016666666666666666
6 0.40625 0.2263888888888889 0.017708333333333333 0.013888888888888888
7 0.46875 0.20277777777777778 0.011458333333333333 0.016666666666666666
7 0.4557291666666667 0.22407407407407406 0.01875 0.024074074074074074
0 0.42109375 0.25 0.0067708333333333336 0.02962962962962963
0 0.4317708333333333 0.23842592592592593 0.009375 0.025
6 0.4544270833333333 0.24861111111111112 0.011979166666666667 0.017592592592592594
7 0.44947916666666665 0.2564814814814815 0.011458333333333333 0.025925925925925925
6 0.45416666666666666 0.2796296296296296 0.014583333333333334 0.022222222222222223
6 0.48359375 0.22685185185185186 0.018229166666666668 0.018518518518518517
6 0.503125 0.23287037037037037 0.020833333333333332 0.01574074074074074
7 0.49921875 0.25324074074074077 0.0140625 0.025
6 0.5036458333333333 0.262037037037037 0.014583333333333334 0.022222222222222223
6 0.5114583333333333 0.2847222222222222 0.016666666666666666 0.025
6 0.4817708333333333 0.30787037037037035 0.016666666666666666 0.026851851851851852
7 0.42473958333333334 0.3962962962962963 0.0296875 0.05925925925925926
0 0.2638020833333333 0.18703703703703703 0.0296875 0.016666666666666666
6 0.5520833333333334 0.24212962962962964 0.020833333333333332 0.017592592592592594
6 0.5458333333333333 0.2351851851851852 0.019791666666666666 0.016666666666666666
11 0.53046875 0.24814814814814815 0.025520833333333333 0.04814814814814815
6 0.5325520833333334 0.2722222222222222 0.015104166666666667 0.022222222222222223
6 0.53984375 0.2847222222222222 0.0171875 0.026851851851851852
6 0.546875 0.3101851851851852 0.016666666666666666 0.03333333333333333
4 0.55234375 0.2574074074074074 0.0046875 0.016666666666666666
2 0.5520833333333334 0.2611111111111111 0.00625 0.014814814814814815
1 0.56171875 0.25925925925925924 0.0036458333333333334 0.016666666666666666
4 0.5645833333333333 0.26064814814814813 0.004166666666666667 0.012037037037037037
5 0.5640625 0.26296296296296295 0.003125 0.011111111111111112
7 0.5877604166666667 0.5106481481481482 0.0328125 0.06944444444444445
6 0.3770833333333333 0.5180555555555556 0.04583333333333333 0.0787037037037037
6 0.31197916666666664 0.7722222222222223 0.07604166666666666 0.14074074074074075
6 0.7153645833333333 0.5819444444444445 0.050520833333333334 0.075
5 0.6783854166666666 0.49722222222222223 0.011979166666666667 0.04259259259259259
6 0.81953125 0.5851851851851851 0.09635416666666667 0.07037037037037037
5 0.3223958333333333 0.42083333333333334 0.009375 0.028703703703703703
5 0.35052083333333334 0.3837962962962963 0.015625 0.025
1 0.3625 0.37777777777777777 0.00625 0.03333333333333333
1 0.35572916666666665 0.37407407407407406 0.00625 0.03518518518518519
1 0.36380208333333336 0.3638888888888889 0.005729166666666666 0.03148148148148148
1 0.35598958333333336 0.3662037037037037 0.005729166666666666 0.03425925925925926
9 0.6205729166666667 0.32916666666666666 0.0109375 0.028703703703703703
1 0.6302083333333334 0.33194444444444443 0.00625 0.026851851851851852
1 0.6325520833333333 0.3277777777777778 0.005729166666666666 0.027777777777777776