7 0.7286458333333333 0.8981481481481481 0.11458333333333333 0.2037037037037037
6 0.20208333333333334 0.799074074074074 0.07708333333333334 0.1648148148148148
6 0.4908854166666667 0.5990740740740741 0.0453125 0.1
6 0.771875 0.538425925925926 0.09583333333333334 0.06018518518518518
6 0.6989583333333333 0.4583333333333333 0.08541666666666667 0.05
7 0.421875 0.41898148148148145 0.03229166666666667 0.07314814814814814
11 0.5440104166666667 0.35185185185185186 0.04739583333333333 0.11481481481481481
6 0.23932291666666666 0.45694444444444443 0.04010416666666667 0.06018518518518518
6 0.2596354166666667 0.41388888888888886 0.0359375 0.06111111111111111
2 0.2877604166666667 0.325 0.018229166666666668 0.022222222222222223
6 0.3065104166666667 0.30833333333333335 0.0234375 0.040740740740740744
6 0.29244791666666664 0.2949074074074074 0.0453125 0.028703703703703703
6 0.30234375 0.28379629629629627 0.04114583333333333 0.025
6 0.36171875 0.33611111111111114 0.024479166666666666 0.04259259259259259
6 0.36640625 0.3037037037037037 0.0234375 0.037037037037037035
8 0.5138020833333333 0.27314814814814814 0.0234375 0.03888888888888889
6 0.4671875 0.2657407407407407 0.020833333333333332 0.024074074074074074
6 0.4518229166666667 0.2361111111111111 0.0140625 0.022222222222222223
11 0.5049479166666667 0.2412037037037037 0.0203125 0.049074074074074076
8 0.49973958333333335 0.22175925925925927 0.025520833333333333 0.04537037037037037
11 0.4895833333333333 0.19722222222222222 0.01875 0.03888888888888889
2 0.4747395833333333 0.20694444444444443 0.0036458333333333334 0.012037037037037037
4 0.4747395833333333 0.2037037037037037 0.0036458333333333334 0.012962962962962963
6 0.3893229166666667 0.18333333333333332 0.009895833333333333 0.012962962962962963
6 0.4 0.1837962962962963 0.010416666666666666 0.013888888888888888
8 0.48151041666666666 0.1736111111111111 0.011979166666666667 0.025
1 0.4700520833333333 0.1597222222222222 0.0036458333333333334 0.012037037037037037
8 0.47942708333333334 0.16527777777777777 0.0109375 0.023148148148148147
6 0.35546875 0.43333333333333335 0.06822916666666666 0.053703703703703705
0 0.45625 0.12129629629629629 0.036458333333333336 0.05925925925925926