6 0.3765625 0.41944444444444445 0.042708333333333334 0.03148148148148148
6 0.4203125 0.41759259259259257 0.042708333333333334 0.03148148148148148
6 0.475 0.412962962962963 0.03958333333333333 0.02962962962962963
6 0.21302083333333333 0.4324074074074074 0.04479166666666667 0.03148148148148148
6 0.24583333333333332 0.5824074074074074 0.058333333333333334 0.04259259259259259
6 0.26979166666666665 0.42685185185185187 0.04375 0.03148148148148148
6 0.4088541666666667 0.5296296296296297 0.051041666666666666 0.037037037037037035
6 0.5765625 0.4064814814814815 0.03854166666666667 0.027777777777777776
6 0.578125 0.38981481481481484 0.035416666666666666 0.024074074074074074
6 0.6546875 0.3972222222222222 0.03854166666666667 0.03148148148148148
6 0.7052083333333333 0.3962962962962963 0.03958333333333333 0.025925925925925925
6 0.7536458333333333 0.3925925925925926 0.03854166666666667 0.025925925925925925
6 0.7994791666666666 0.3907407407407407 0.03854166666666667 0.025925925925925925
2 0.8260416666666667 0.48518518518518516 0.016666666666666666 0.018518518518518517
6 0.9036458333333334 0.3861111111111111 0.036458333333333336 0.024074074074074074
6 0.9609375 0.5046296296296297 0.053125 0.03888888888888889
6 0.9901041666666667 0.3824074074074074 0.019791666666666666 0.024074074074074074
0 0.04895833333333333 0.2518518518518518 0.01875 0.014814814814814815
4 0.509375 0.38425925925925924 0.00625 0.020370370370370372
4 0.8265625 0.4777777777777778 0.009375 0.022222222222222223
1 0.06510416666666667 0.5722222222222222 0.009375 0.03333333333333333
1 0.5182291666666666 0.38333333333333336 0.005208333333333333 0.025925925925925925
1 0.5869791666666667 0.3787037037037037 0.005208333333333333 0.020370370370370372
1 0.6640625 0.3101851851851852 0.005208333333333333 0.020370370370370372
1 0.8661458333333333 0.30092592592592593 0.005208333333333333 0.020370370370370372
1 0.32395833333333335 0.3277777777777778 0.00625 0.022222222222222223
1 0.40260416666666665 0.32407407407407407 0.007291666666666667 0.025925925925925925
1 0.396875 0.28703703703703703 0.00625 0.018518518518518517
0 0.011458333333333333 0.22962962962962963 0.014583333333333334 0.025925925925925925
0 0.04635416666666667 0.21666666666666667 0.007291666666666667 0.014814814814814815
0 0.0765625 0.25 0.04895833333333333 0.06666666666666667
0 0.09322916666666667 0.3055555555555556 0.036458333333333336 0.025925925925925925
0 0.1265625 0.21574074074074073 0.07604166666666666 0.04259259259259259
0 0.12760416666666666 0.2518518518518518 0.04479166666666667 0.025925925925925925
0 0.18333333333333332 0.21944444444444444 0.029166666666666667 0.024074074074074074
1 0.175 0.23796296296296296 0.004166666666666667 0.020370370370370372
0 0.18229166666666666 0.30092592592592593 0.07708333333333334 0.020370370370370372
0 0.24635416666666668 0.22314814814814815 0.03854166666666667 0.05740740740740741
1 0.2140625 0.2222222222222222 0.005208333333333333 0.018518518518518517
0 0.2 0.24259259259259258 0.004166666666666667 0.011111111111111112
0 0.275 0.23055555555555557 0.01875 0.09444444444444444
0 0.3078125 0.24259259259259258 0.03229166666666667 0.025925925925925925
0 0.3380208333333333 0.28888888888888886 0.090625 0.018518518518518517
0 0.3854166666666667 0.22592592592592592 0.04791666666666667 0.040740740740740744
0 0.35052083333333334 0.25277777777777777 0.021875 0.05
0 0.43125 0.28703703703703703 0.058333333333333334 0.018518518518518517
0 0.48489583333333336 0.2824074074074074 0.023958333333333335 0.027777777777777776
7 0.027604166666666666 0.45 0.051041666666666666 0.037037037037037035
9 0.05520833333333333 0.5768518518518518 0.03125 0.020370370370370372
7 0.1390625 0.43796296296296294 0.046875 0.03148148148148148
7 0.3229166666666667 0.4203703703703704 0.041666666666666664 0.03333333333333333
7 0.5260416666666666 0.4064814814814815 0.0375 0.03148148148148148
7 0.5369791666666667 0.5148148148148148 0.04479166666666667 0.037037037037037035
7 0.6546875 0.5305555555555556 0.04895833333333333 0.03888888888888889
7 0.703125 0.5268518518518519 0.052083333333333336 0.04259259259259259
7 0.8604166666666667 0.3851851851851852 0.0375 0.02962962962962963
7 0.95 0.38055555555555554 0.0375 0.03148148148148148