0 0.9386029411764706 0.2830065359477124 0.12279411764705882 0.1111111111111111
7 0.03566176470588235 0.9673202614379085 0.0713235294117647 0.06535947712418301
6 0.027205882352941177 0.6712418300653594 0.054411764705882354 0.058823529411764705
3 0.08308823529411764 0.6915032679738562 0.07205882352941176 0.06013071895424837
6 0.14044117647058824 0.6692810457516339 0.07205882352941176 0.05751633986928104
6 0.19779411764705881 0.611764705882353 0.029411764705882353 0.06013071895424837
6 0.27242647058823527 0.5771241830065359 0.03455882352941177 0.06928104575163399
6 0.2621323529411765 0.6986928104575163 0.04191176470588235 0.06666666666666667
9 0.21985294117647058 0.6843137254901961 0.033823529411764704 0.05359477124183006
4 0.21544117647058825 0.6830065359477124 0.014705882352941176 0.040522875816993466
6 0.36066176470588235 0.5137254901960784 0.03602941176470588 0.04183006535947712
7 0.5661764705882353 0.4647058823529412 0.03676470588235294 0.032679738562091505
6 0.49669117647058825 0.4568627450980392 0.03897058823529412 0.027450980392156862
7 0.4511029411764706 0.4372549019607843 0.03455882352941177 0.030065359477124184
6 0.618014705882353 0.45098039215686275 0.03897058823529412 0.026143790849673203
6 0.3724264705882353 0.426797385620915 0.02426470588235294 0.027450980392156862
1 0.011764705882352941 0.5490196078431373 0.011764705882352941 0.036601307189542485
1 0.029044117647058824 0.5444444444444444 0.008088235294117648 0.03529411764705882
1 0.04852941176470588 0.5379084967320261 0.008823529411764706 0.03790849673202614
6 0.021323529411764706 0.5392156862745098 0.04264705882352941 0.043137254901960784
1 0.03161764705882353 0.5183006535947713 0.007352941176470588 0.030065359477124184
6 0.10698529411764705 0.5163398692810458 0.05073529411764706 0.04183006535947712
6 0.2474264705882353 0.4777777777777778 0.02426470588235294 0.03529411764705882
6 0.21948529411764706 0.46143790849673205 0.028676470588235293 0.03137254901960784
7 0.26875 0.4437908496732026 0.016911764705882352 0.03790849673202614
6 0.2801470588235294 0.40261437908496733 0.016176470588235296 0.023529411764705882
6 0.32279411764705884 0.38300653594771245 0.016176470588235296 0.02091503267973856
1 0.23566176470588235 0.4261437908496732 0.005147058823529412 0.026143790849673203
1 0.22941176470588234 0.42745098039215684 0.0058823529411764705 0.026143790849673203
1 0.22205882352941175 0.4287581699346405 0.0058823529411764705 0.026143790849673203
5 0.16838235294117648 0.5078431372549019 0.007352941176470588 0.02483660130718954
1 0.16580882352941176 0.503921568627451 0.009558823529411765 0.032679738562091505
3 0.10514705882352941 0.47843137254901963 0.06470588235294118 0.06797385620915032
3 0.1786764705882353 0.44248366013071894 0.039705882352941174 0.06405228758169934
6 0.14448529411764705 0.43856209150326797 0.02426470588235294 0.032679738562091505
6 0.10551470588235294 0.4516339869281046 0.03308823529411765 0.032679738562091505
3 0.20625 0.41633986928104577 0.027205882352941177 0.05620915032679739
3 0.18419117647058825 0.39738562091503266 0.021323529411764706 0.05228758169934641
3 0.2202205882352941 0.3888888888888889 0.025735294117647058 0.05359477124183006
6 0.06066176470588235 0.4019607843137255 0.03897058823529412 0.022222222222222223
6 0.0661764705882353 0.39673202614379083 0.03823529411764706 0.022222222222222223
2 0.11139705882352942 0.37450980392156863 0.0125 0.01699346405228758
6 0.20808823529411766 0.36666666666666664 0.013235294117647059 0.022222222222222223
4 0.20147058823529412 0.36013071895424836 0.004411764705882353 0.009150326797385621
1 0.16323529411764706 0.3581699346405229 0.004411764705882353 0.018300653594771243
1 0.15735294117647058 0.3588235294117647 0.004411764705882353 0.01699346405228758
1 0.1661764705882353 0.3568627450980392 0.004411764705882353 0.018300653594771243
6 0.16213235294117648 0.3516339869281046 0.021323529411764706 0.023529411764705882
6 0.125 0.3581699346405229 0.026470588235294117 0.02091503267973856
6 0.1963235294117647 0.34444444444444444 0.016176470588235296 0.0196078431372549
8 0.16948529411764707 0.32287581699346407 0.06691176470588235 0.0392156862745098
6 0.1650735294117647 0.3437908496732026 0.01838235294117647 0.026143790849673203
6 0.21102941176470588 0.32483660130718955 0.022058823529411766 0.01699346405228758
7 0.2411764705882353 0.35947712418300654 0.025 0.02091503267973856
6 0.24485294117647058 0.3509803921568627 0.023529411764705882 0.0196078431372549
6 0.22316176470588237 0.3516339869281046 0.015441176470588236 0.018300653594771243
6 0.2977941176470588 0.3516339869281046 0.014705882352941176 0.026143790849673203
6 0.3301470588235294 0.3660130718954248 0.011764705882352941 0.018300653594771243
6 0.3286764705882353 0.34509803921568627 0.011764705882352941 0.018300653594771243
11 0.6966911764705882 0.47124183006535947 0.08161764705882353 0.06928104575163399
9 0.7959558823529411 0.4071895424836601 0.009558823529411765 0.0196078431372549
4 0.799264705882353 0.4013071895424837 0.004411764705882353 0.018300653594771243
4 0.7955882352941176 0.40522875816993464 0.0058823529411764705 0.018300653594771243
11 0.8261029411764705 0.37450980392156863 0.01838235294117647 0.03529411764705882
2 0.8033088235294118 0.3836601307189543 0.006617647058823529 0.01437908496732026
4 0.8044117647058824 0.3790849673202614 0.004411764705882353 0.01568627450980392
4 0.8018382352941177 0.3790849673202614 0.003676470588235294 0.013071895424836602
6 0.8113970588235294 0.36209150326797385 0.011029411764705883 0.02091503267973856
8 0.8014705882352942 0.3437908496732026 0.014705882352941176 0.026143790849673203
8 0.8014705882352942 0.3215686274509804 0.013235294117647059 0.02875816993464052
6 0.8143382352941176 0.3235294117647059 0.009558823529411765 0.01437908496732026
1 0.8415441176470588 0.36405228758169933 0.003676470588235294 0.01699346405228758
10 0.8205882352941176 0.35294117647058826 0.0058823529411764705 0.013071895424836602
7 0.9235294117647059 0.4091503267973856 0.030882352941176472 0.023529411764705882
6 0.8834558823529411 0.35228758169934643 0.011029411764705883 0.01437908496732026
7 0.8621323529411765 0.3568627450980392 0.016911764705882352 0.018300653594771243
7 0.39448529411764705 0.36013071895424836 0.0125 0.027450980392156862
1 0.3669117647058823 0.3895424836601307 0.004411764705882353 0.023529411764705882
1 0.37426470588235294 0.396078431372549 0.004411764705882353 0.02091503267973856
2 0.37977941176470587 0.41568627450980394 0.009558823529411765 0.01568627450980392
4 0.38088235294117645 0.4117647058823529 0.004411764705882353 0.018300653594771243
1 0.3588235294117647 0.3581699346405229 0.0029411764705882353 0.018300653594771243
10 0.36433823529411763 0.3581699346405229 0.008088235294117648 0.02091503267973856
6 0.4051470588235294 0.31437908496732025 0.010294117647058823 0.011764705882352941
6 0.35294117647058826 0.32222222222222224 0.010294117647058823 0.01437908496732026
9 0.3577205882352941 0.33790849673202616 0.013970588235294118 0.011764705882352941
6 0.3463235294117647 0.29411764705882354 0.008823529411764706 0.013071895424836602
6 0.2908088235294118 0.31633986928104574 0.009558823529411765 0.01568627450980392
2 0.28455882352941175 0.3235294117647059 0.004411764705882353 0.011764705882352941
8 0.3058823529411765 0.2928104575163399 0.016176470588235296 0.036601307189542485
8 0.3161764705882353 0.269281045751634 0.014705882352941176 0.026143790849673203
8 0.32169117647058826 0.25882352941176473 0.011029411764705883 0.023529411764705882
5 0.34852941176470587 0.3104575163398693 0.004411764705882353 0.009150326797385621
4 0.34852941176470587 0.30718954248366015 0.0029411764705882353 0.01045751633986928
6 0.4047794117647059 0.2934640522875817 0.006617647058823529 0.009150326797385621
8 0.3448529411764706 0.26666666666666666 0.0058823529411764705 0.01045751633986928
6 0.3448529411764706 0.2437908496732026 0.004411764705882353 0.006535947712418301
6 0.3477941176470588 0.23986928104575164 0.004411764705882353 0.006535947712418301
1 0.3397058823529412 0.27124183006535946 0.0029411764705882353 0.011764705882352941