6 0.05588235294117647 0.765359477124183 0.11029411764705882 0.21045751633986928
1 0.17977941176470588 0.7568627450980392 0.01838235294117647 0.07320261437908497
4 0.2213235294117647 0.9352941176470588 0.023529411764705882 0.07450980392156863
4 0.22058823529411764 0.9339869281045752 0.023529411764705882 0.07450980392156863
5 0.22242647058823528 0.9607843137254902 0.03455882352941177 0.0784313725490196
4 0.31286764705882353 0.7339869281045751 0.016911764705882352 0.06405228758169934
2 0.31286764705882353 0.7568627450980392 0.013970588235294118 0.06013071895424837
4 0.513235294117647 0.5424836601307189 0.014705882352941176 0.047058823529411764
5 0.513235294117647 0.5555555555555556 0.023529411764705882 0.036601307189542485
6 0.7647058823529411 0.9124183006535947 0.1 0.17254901960784313
10 0.9400735294117647 0.7627450980392156 0.05955882352941176 0.07973856209150326
6 0.9669117647058824 0.6542483660130719 0.0661764705882353 0.08235294117647059
5 0.9150735294117647 0.6444444444444445 0.03308823529411765 0.0392156862745098
9 0.9216911764705882 0.469281045751634 0.03308823529411765 0.044444444444444446
8 0.8143382352941176 0.5620915032679739 0.11102941176470588 0.17516339869281045
1 0.8176470588235294 0.4300653594771242 0.008823529411764706 0.0392156862745098
4 0.7636029411764705 0.4437908496732026 0.008088235294117648 0.03790849673202614
4 0.7702205882352942 0.4522875816993464 0.008088235294117648 0.03137254901960784
4 0.7779411764705882 0.4562091503267974 0.007352941176470588 0.023529411764705882
4 0.7878676470588235 0.44640522875816996 0.008088235294117648 0.032679738562091505
4 0.7702205882352942 0.4372549019607843 0.006617647058823529 0.030065359477124184
4 0.7933823529411764 0.44248366013071894 0.007352941176470588 0.032679738562091505
4 0.805514705882353 0.4444444444444444 0.009558823529411765 0.0392156862745098
4 0.7985294117647059 0.44313725490196076 0.007352941176470588 0.036601307189542485
4 0.7893382352941176 0.43856209150326797 0.006617647058823529 0.030065359477124184
4 0.7863970588235294 0.41830065359477125 0.006617647058823529 0.02091503267973856
2 0.8220588235294117 0.4372549019607843 0.011764705882352941 0.027450980392156862
1 0.7724264705882353 0.39738562091503266 0.009558823529411765 0.02875816993464052
6 0.8349264705882353 0.4143790849673203 0.013970588235294118 0.02091503267973856
1 0.8360294117647059 0.40261437908496733 0.008823529411764706 0.026143790849673203
2 0.7474264705882353 0.3895424836601307 0.013970588235294118 0.018300653594771243
6 0.01948529411764706 0.5790849673202615 0.03897058823529412 0.06274509803921569
6 0.07941176470588235 0.5359477124183006 0.09411764705882353 0.05751633986928104
6 0.11029411764705882 0.5124183006535947 0.09117647058823529 0.054901960784313725
6 0.11801470588235294 0.477124183006536 0.07720588235294118 0.04967320261437908
6 0.12022058823529412 0.44509803921568625 0.04044117647058824 0.03529411764705882
1 0.08125 0.4366013071895425 0.008088235294117648 0.03398692810457516
1 0.06985294117647059 0.36993464052287583 0.007352941176470588 0.036601307189542485
2 0.008823529411764706 0.4437908496732026 0.014705882352941176 0.030065359477124184
2 0.007352941176470588 0.465359477124183 0.014705882352941176 0.03398692810457516
6 0.21066176470588235 0.47058823529411764 0.06544117647058824 0.11241830065359477
6 0.16286764705882353 0.40980392156862744 0.03897058823529412 0.043137254901960784
6 0.18088235294117647 0.37712418300653594 0.03676470588235294 0.030065359477124184
7 0.12941176470588237 0.34248366013071896 0.045588235294117645 0.02875816993464052
7 0.14191176470588235 0.33725490196078434 0.03529411764705882 0.02091503267973856
2 0.06470588235294118 0.40065359477124185 0.01764705882352941 0.030065359477124184
1 0.23602941176470588 0.48366013071895425 0.007352941176470588 0.036601307189542485
1 0.25919117647058826 0.426797385620915 0.006617647058823529 0.03790849673202614
1 0.2536764705882353 0.42287581699346405 0.007352941176470588 0.040522875816993466
1 0.2676470588235294 0.4189542483660131 0.007352941176470588 0.03529411764705882
1 0.275 0.36797385620915035 0.008823529411764706 0.03529411764705882
1 0.28088235294117647 0.3673202614379085 0.0058823529411764705 0.03137254901960784
1 0.29044117647058826 0.36993464052287583 0.0058823529411764705 0.03137254901960784
1 0.2897058823529412 0.3686274509803922 0.0058823529411764705 0.03137254901960784
1 0.3165441176470588 0.30392156862745096 0.005147058823529412 0.02483660130718954
10 0.21176470588235294 0.3568627450980392 0.01911764705882353 0.036601307189542485
1 0.17463235294117646 0.33464052287581697 0.005147058823529412 0.023529411764705882
1 0.17830882352941177 0.3359477124183007 0.005147058823529412 0.02091503267973856
1 0.1875 0.32745098039215687 0.004411764705882353 0.022222222222222223
1 0.1827205882352941 0.32745098039215687 0.005147058823529412 0.022222222222222223
1 0.21801470588235294 0.33986928104575165 0.005147058823529412 0.026143790849673203
1 0.2172794117647059 0.33398692810457514 0.005147058823529412 0.02483660130718954
1 0.22389705882352942 0.338562091503268 0.005147058823529412 0.026143790849673203
1 0.2275735294117647 0.3359477124183007 0.005147058823529412 0.026143790849673203
1 0.24301470588235294 0.3359477124183007 0.005147058823529412 0.026143790849673203
1 0.28198529411764706 0.3464052287581699 0.003676470588235294 0.023529411764705882
1 0.2897058823529412 0.3457516339869281 0.0058823529411764705 0.027450980392156862
1 0.2948529411764706 0.3457516339869281 0.0058823529411764705 0.027450980392156862
1 0.28308823529411764 0.3176470588235294 0.0058823529411764705 0.02091503267973856
1 0.2897058823529412 0.31895424836601305 0.0058823529411764705 0.023529411764705882
1 0.2948529411764706 0.3241830065359477 0.004411764705882353 0.013071895424836602
1 0.28161764705882353 0.3287581699346405 0.0058823529411764705 0.011764705882352941
1 0.22169117647058822 0.3006535947712418 0.005147058823529412 0.023529411764705882
1 0.21470588235294116 0.3006535947712418 0.004411764705882353 0.023529411764705882
1 0.21764705882352942 0.30196078431372547 0.004411764705882353 0.023529411764705882
6 0.16911764705882354 0.30980392156862746 0.041176470588235294 0.026143790849673203
6 0.2757352941176471 0.307843137254902 0.041176470588235294 0.030065359477124184
6 0.2051470588235294 0.2934640522875817 0.03676470588235294 0.01699346405228758
6 0.28823529411764703 0.3 0.039705882352941174 0.02483660130718954
6 0.29191176470588237 0.28888888888888886 0.033823529411764704 0.026143790849673203
0 0.3264705882352941 0.19281045751633988 0.16029411764705884 0.1477124183006536
6 0.2363970588235294 0.2601307189542484 0.015441176470588236 0.018300653594771243
6 0.2613970588235294 0.28169934640522876 0.016911764705882352 0.0196078431372549
0 0.6731617647058824 0.26666666666666666 0.24926470588235294 0.2196078431372549
0 0.43786764705882353 0.17450980392156862 0.06102941176470588 0.08496732026143791
1 0.38125 0.4071895424836601 0.008088235294117648 0.03529411764705882
1 0.3779411764705882 0.4143790849673203 0.007352941176470588 0.026143790849673203
7 0.3672794117647059 0.40065359477124185 0.03602941176470588 0.05359477124183006
6 0.4183823529411765 0.3954248366013072 0.029411764705882353 0.048366013071895426
6 0.3816176470588235 0.34444444444444444 0.022058823529411766 0.03790849673202614
6 0.3827205882352941 0.32745098039215687 0.015441176470588236 0.022222222222222223
6 0.4808823529411765 0.4777777777777778 0.03235294117647059 0.050980392156862744
6 0.5308823529411765 0.3712418300653595 0.020588235294117647 0.03137254901960784
6 0.50625 0.3130718954248366 0.019852941176470587 0.030065359477124184
6 0.48823529411764705 0.2803921568627451 0.013235294117647059 0.01699346405228758
6 0.4224264705882353 0.28954248366013075 0.013970588235294118 0.022222222222222223
6 0.42205882352941176 0.26666666666666666 0.013235294117647059 0.02091503267973856
6 0.4213235294117647 0.22875816993464052 0.010294117647058823 0.013071895424836602
1 0.54375 0.5006535947712418 0.008088235294117648 0.05228758169934641
1 0.55625 0.515032679738562 0.006617647058823529 0.047058823529411764
1 0.5705882352941176 0.49411764705882355 0.007352941176470588 0.05228758169934641
1 0.555514705882353 0.44248366013071894 0.009558823529411765 0.040522875816993466
1 0.5238970588235294 0.4130718954248366 0.006617647058823529 0.04183006535947712
1 0.575 0.44313725490196076 0.0058823529411764705 0.03398692810457516
1 0.5709558823529411 0.43529411764705883 0.005147058823529412 0.03398692810457516
4 0.55 0.5058823529411764 0.007352941176470588 0.023529411764705882
5 0.5496323529411765 0.5176470588235295 0.006617647058823529 0.018300653594771243
4 0.5257352941176471 0.45098039215686275 0.010294117647058823 0.036601307189542485
2 0.5246323529411765 0.4588235294117647 0.009558823529411765 0.02875816993464052
4 0.5084558823529411 0.4084967320261438 0.006617647058823529 0.022222222222222223
4 0.5077205882352941 0.40261437908496733 0.006617647058823529 0.023529411764705882
2 0.5073529411764706 0.4169934640522876 0.0058823529411764705 0.02875816993464052
6 0.5941176470588235 0.5352941176470588 0.045588235294117645 0.05620915032679739
6 0.5823529411764706 0.4895424836601307 0.039705882352941174 0.048366013071895426
4 0.47941176470588237 0.41568627450980394 0.007352941176470588 0.01568627450980392
4 0.47757352941176473 0.40980392156862744 0.008088235294117648 0.01699346405228758
9 0.4786764705882353 0.4215686274509804 0.01911764705882353 0.040522875816993466
4 0.44485294117647056 0.3509803921568627 0.007352941176470588 0.022222222222222223
2 0.4441176470588235 0.3581699346405229 0.0058823529411764705 0.01568627450980392
6 0.47316176470588234 0.3843137254901961 0.022794117647058822 0.036601307189542485
4 0.47941176470588237 0.34248366013071896 0.004411764705882353 0.01045751633986928
9 0.4801470588235294 0.35228758169934643 0.011764705882352941 0.02483660130718954
6 0.5025735294117647 0.3581699346405229 0.025735294117647058 0.03398692810457516
6 0.5176470588235295 0.3464052287581699 0.014705882352941176 0.023529411764705882
10 0.4849264705882353 0.3183006535947712 0.0125 0.027450980392156862
7 0.45625 0.338562091503268 0.015441176470588236 0.03137254901960784
6 0.4540441176470588 0.31699346405228757 0.01838235294117647 0.02483660130718954
6 0.4551470588235294 0.2934640522875817 0.013235294117647059 0.022222222222222223
6 0.4588235294117647 0.27647058823529413 0.013235294117647059 0.022222222222222223
6 0.48713235294117646 0.2699346405228758 0.0125 0.01699346405228758
6 0.4827205882352941 0.2601307189542484 0.0125 0.01568627450980392
6 0.47757352941176473 0.2496732026143791 0.011029411764705883 0.01568627450980392
6 0.48198529411764707 0.25882352941176473 0.011029411764705883 0.01568627450980392
6 0.4753676470588235 0.24248366013071895 0.009558823529411765 0.011764705882352941
6 0.46911764705882353 0.2281045751633987 0.008823529411764706 0.011764705882352941
6 0.47205882352941175 0.23333333333333334 0.008823529411764706 0.009150326797385621
4 0.4625 0.24705882352941178 0.004411764705882353 0.01045751633986928
9 0.46286764705882355 0.2522875816993464 0.006617647058823529 0.013071895424836602