6 0.5077205882352941 0.35947712418300654 0.013970588235294118 0.023529411764705882
7 0.4860294117647059 0.33464052287581697 0.011764705882352941 0.026143790849673203
6 0.4933823529411765 0.2901960784313726 0.010294117647058823 0.018300653594771243
8 0.555514705882353 0.23398692810457516 0.015441176470588236 0.0392156862745098
6 0.5165441176470589 0.21437908496732025 0.006617647058823529 0.01045751633986928
6 0.49558823529411766 0.2673202614379085 0.008823529411764706 0.011764705882352941
6 0.6404411764705882 0.265359477124183 0.008823529411764706 0.01568627450980392
6 0.6136029411764706 0.2549019607843137 0.011029411764705883 0.013071895424836602
7 0.5279411764705882 0.20065359477124184 0.007352941176470588 0.01699346405228758
8 0.6558823529411765 0.22875816993464052 0.011764705882352941 0.02875816993464052
8 0.6426470588235295 0.23137254901960785 0.010294117647058823 0.026143790849673203
8 0.6301470588235294 0.2326797385620915 0.010294117647058823 0.02091503267973856
6 0.6272058823529412 0.24640522875816995 0.008823529411764706 0.011764705882352941
6 0.6205882352941177 0.25098039215686274 0.008823529411764706 0.01045751633986928
0 0.5974264705882353 0.21176470588235294 0.04485294117647059 0.06274509803921569
0 0.6386029411764705 0.20392156862745098 0.03308823529411765 0.018300653594771243
0 0.5338235294117647 0.18562091503267975 0.07941176470588235 0.01045751633986928
0 0.5088235294117647 0.1450980392156863 0.016176470588235296 0.026143790849673203
0 0.4878676470588235 0.14901960784313725 0.0125 0.02875816993464052
0 0.4797794117647059 0.1895424836601307 0.021323529411764706 0.023529411764705882