0 0.4505208333333333 0.17407407407407408 0.014583333333333334 0.016666666666666666
1 0.6260416666666667 0.6884259259259259 0.0125 0.06574074074074074
1 0.6203125 0.6537037037037037 0.017708333333333333 0.07037037037037037
5 0.6223958333333334 0.6597222222222222 0.016666666666666666 0.04537037037037037
8 0.684375 0.687962962962963 0.09375 0.1537037037037037
8 0.6359375 0.5787037037037037 0.06666666666666667 0.1111111111111111
4 0.48671875 0.5893518518518519 0.0109375 0.04722222222222222
2 0.4869791666666667 0.6023148148148149 0.014583333333333334 0.04351851851851852
7 0.3924479166666667 0.549537037037037 0.033854166666666664 0.08981481481481482
5 0.3307291666666667 0.39166666666666666 0.017708333333333333 0.020370370370370372
6 0.47265625 0.4537037037037037 0.0265625 0.046296296296296294
4 0.54140625 0.462037037037037 0.009895833333333333 0.03148148148148148
2 0.5416666666666666 0.4689814814814815 0.010416666666666666 0.030555555555555555
4 0.515625 0.38981481481481484 0.007291666666666667 0.027777777777777776
5 0.5158854166666667 0.39675925925925926 0.0067708333333333336 0.023148148148148147
8 0.53671875 0.362962962962963 0.027604166666666666 0.05925925925925926
8 0.5278645833333333 0.33564814814814814 0.022395833333333334 0.05462962962962963
8 0.5221354166666666 0.324537037037037 0.0234375 0.04537037037037037
7 0.5096354166666667 0.2986111111111111 0.0140625 0.026851851851851852
6 0.47291666666666665 0.2986111111111111 0.013541666666666667 0.019444444444444445
4 0.45677083333333335 0.30185185185185187 0.004166666666666667 0.016666666666666666
2 0.45677083333333335 0.3055555555555556 0.004166666666666667 0.014814814814814815
4 0.44765625 0.2967592592592593 0.0036458333333333334 0.01574074074074074
5 0.4479166666666667 0.29953703703703705 0.003125 0.013888888888888888
0 0.5513020833333333 0.2796296296296296 0.025520833333333333 0.011111111111111112
8 0.49192708333333335 0.2550925925925926 0.016145833333333335 0.03425925925925926
6 0.4627604166666667 0.25833333333333336 0.008854166666666666 0.012962962962962963
8 0.48463541666666665 0.2439814814814815 0.009895833333333333 0.017592592592592594
11 0.48203125 0.23472222222222222 0.0109375 0.025
8 0.48020833333333335 0.22870370370370371 0.011458333333333333 0.024074074074074074
11 0.47604166666666664 0.22083333333333333 0.009375 0.021296296296296296
0 0.2484375 0.2388888888888889 0.014583333333333334 0.016666666666666666
0 0.22942708333333334 0.19907407407407407 0.008854166666666666 0.009259259259259259
0 0.4205729166666667 0.25277777777777777 0.0109375 0.016666666666666666
0 0.228125 0.2162037037037037 0.01875 0.01574074074074074
6 0.22135416666666666 0.2013888888888889 0.010416666666666666 0.008333333333333333
6 0.53515625 0.27546296296296297 0.0265625 0.013888888888888888
6 0.41380208333333335 0.21712962962962962 0.0067708333333333336 0.008333333333333333
6 0.42083333333333334 0.2175925925925926 0.00625 0.009259259259259259
6 0.425 0.22407407407407406 0.010416666666666666 0.009259259259259259
6 0.453125 0.22175925925925927 0.00625 0.010185185185185186
1 0.46796875 0.21666666666666667 0.0015625 0.009259259259259259
8 0.471875 0.21388888888888888 0.007291666666666667 0.014814814814814815
6 0.45390625 0.2152777777777778 0.005729166666666666 0.008333333333333333
6 0.46197916666666666 0.20694444444444443 0.005208333333333333 0.008333333333333333
6 0.45390625 0.2050925925925926 0.0046875 0.006481481481481481
6 0.46015625 0.20416666666666666 0.0067708333333333336 0.006481481481481481
6 0.465625 0.20092592592592592 0.004166666666666667 0.005555555555555556
6 0.46458333333333335 0.19907407407407407 0.005208333333333333 0.005555555555555556
6 0.46145833333333336 0.19583333333333333 0.003125 0.004629629629629629
0 0.46536458333333336 0.18981481481481483 0.0046875 0.005555555555555556
6 0.459375 0.19074074074074074 0.003125 0.005555555555555556
10 0.45625 0.19953703703703704 0.004166666666666667 0.006481481481481481
0 0.45260416666666664 0.18935185185185185 0.008333333333333333 0.008333333333333333
6 0.4513020833333333 0.1962962962962963 0.0046875 0.005555555555555556