6 0.5125 0.5777777777777777 0.020833333333333332 0.037037037037037035
6 0.5098958333333333 0.5351851851851852 0.019791666666666666 0.03333333333333333
6 0.4822916666666667 0.47685185185185186 0.03125 0.024074074074074074
6 0.5140625 0.4388888888888889 0.013541666666666667 0.022222222222222223
6 0.4921875 0.43333333333333335 0.013541666666666667 0.018518518518518517
6 0.49166666666666664 0.3787037037037037 0.010416666666666666 0.020370370370370372
6 0.4979166666666667 0.3148148148148148 0.008333333333333333 0.011111111111111112
6 0.56875 0.5907407407407408 0.022916666666666665 0.037037037037037035
2 0.6208333333333333 0.8453703703703703 0.035416666666666666 0.027777777777777776
2 0.6145833333333334 0.825 0.029166666666666667 0.03518518518518519
2 0.5875 0.9 0.014583333333333334 0.044444444444444446
2 0.4552083333333333 0.7018518518518518 0.008333333333333333 0.02962962962962963
2 0.5401041666666667 0.5842592592592593 0.009375 0.024074074074074074
2 0.5369791666666667 0.5351851851851852 0.005208333333333333 0.022222222222222223
2 0.5317708333333333 0.4925925925925926 0.005208333333333333 0.018518518518518517
2 0.5411458333333333 0.48148148148148145 0.007291666666666667 0.018518518518518517
5 0.4109375 0.6787037037037037 0.023958333333333335 0.024074074074074074
1 0.378125 0.9537037037037037 0.014583333333333334 0.06666666666666667
1 0.5885416666666666 0.9 0.010416666666666666 0.03333333333333333
1 0.5869791666666667 0.8851851851851852 0.013541666666666667 0.040740740740740744
1 0.4557291666666667 0.6898148148148148 0.009375 0.03148148148148148
1 0.5385416666666667 0.5768518518518518 0.00625 0.027777777777777776
1 0.5380208333333333 0.5287037037037037 0.005208333333333333 0.024074074074074074
1 0.53125 0.4861111111111111 0.00625 0.020370370370370372
0 0.5364583333333334 0.4444444444444444 0.0125 0.044444444444444446
6 0.48489583333333336 0.42314814814814816 0.015625 0.024074074074074074
1 0.42135416666666664 0.6453703703703704 0.005208333333333333 0.024074074074074074
9 0.40520833333333334 0.6518518518518519 0.027083333333333334 0.025925925925925925
6 0.565625 0.5185185185185185 0.022916666666666665 0.018518518518518517
6 0.5197916666666667 0.46574074074074073 0.014583333333333334 0.024074074074074074
7 0.5119791666666667 0.4861111111111111 0.015625 0.027777777777777776
7 0.5072916666666667 0.5027777777777778 0.014583333333333334 0.03148148148148148
1 0.4708333333333333 0.45740740740740743 0.004166666666666667 0.014814814814814815
1 0.496875 0.41203703703703703 0.004166666666666667 0.012962962962962963
1 0.4744791666666667 0.3925925925925926 0.003125 0.014814814814814815
1 0.46979166666666666 0.38796296296296295 0.004166666666666667 0.012962962962962963
0 0.46927083333333336 0.42685185185185187 0.011458333333333333 0.024074074074074074
0 0.48489583333333336 0.3194444444444444 0.007291666666666667 0.06111111111111111
0 0.5182291666666666 0.3453703703703704 0.021875 0.024074074074074074
1 0.5265625 0.37222222222222223 0.003125 0.011111111111111112
1 0.5296875 0.37222222222222223 0.003125 0.011111111111111112
0 0.5677083333333334 0.549074074074074 0.01875 0.03518518518518519
8 0.35520833333333335 0.925 0.05625 0.15