0 0.3609375 0.16296296296296298 0.026041666666666668 0.03148148148148148
0 0.41119791666666666 0.17222222222222222 0.027604166666666666 0.014814814814814815
0 0.5130208333333334 0.28425925925925927 0.014583333333333334 0.016666666666666666
0 0.5171875 0.2967592592592593 0.009375 0.021296296296296296
0 0.35572916666666665 0.2300925925925926 0.0125 0.023148148148148147
0 0.371875 0.22407407407407406 0.011458333333333333 0.018518518518518517
0 0.31197916666666664 0.23796296296296296 0.028125 0.012962962962962963
0 0.33880208333333334 0.22777777777777777 0.016145833333333335 0.018518518518518517
0 0.34322916666666664 0.29444444444444445 0.010416666666666666 0.03888888888888889
1 0.35052083333333334 0.29768518518518516 0.004166666666666667 0.021296296296296296
0 0.24739583333333334 0.2935185185185185 0.008333333333333333 0.016666666666666666
0 0.25364583333333335 0.31851851851851853 0.010416666666666666 0.022222222222222223
0 0.26536458333333335 0.3143518518518518 0.0067708333333333336 0.023148148148148147
0 0.14244791666666667 0.39490740740740743 0.024479166666666666 0.03611111111111111
0 0.55 0.21388888888888888 0.014583333333333334 0.016666666666666666
0 0.4875 0.21944444444444444 0.009375 0.037037037037037035
6 0.44140625 0.2 0.005729166666666666 0.009259259259259259
7 0.44921875 0.1986111111111111 0.005729166666666666 0.010185185185185186
11 0.4622395833333333 0.19907407407407407 0.008854166666666666 0.018518518518518517
6 0.459375 0.2074074074074074 0.007291666666666667 0.011111111111111112
6 0.4578125 0.21574074074074073 0.007291666666666667 0.011111111111111112
6 0.4466145833333333 0.2125 0.0067708333333333336 0.010185185185185186
6 0.46770833333333334 0.2175925925925926 0.007291666666666667 0.011111111111111112
6 0.4708333333333333 0.22546296296296298 0.008333333333333333 0.012037037037037037
6 0.45859375 0.2324074074074074 0.0078125 0.011111111111111112
4 0.46536458333333336 0.22083333333333333 0.0026041666666666665 0.008333333333333333
2 0.46510416666666665 0.22407407407407406 0.0020833333333333333 0.007407407407407408
4 0.46953125 0.22916666666666666 0.0036458333333333334 0.010185185185185186
2 0.46927083333333336 0.23055555555555557 0.0020833333333333333 0.009259259259259259
0 0.47734375 0.2439814814814815 0.0109375 0.017592592592592594
1 0.4973958333333333 0.2462962962962963 0.004166666666666667 0.014814814814814815
6 0.44479166666666664 0.23472222222222222 0.008333333333333333 0.010185185185185186
6 0.4453125 0.24166666666666667 0.009375 0.011111111111111112
6 0.4596354166666667 0.24305555555555555 0.008854166666666666 0.008333333333333333
0 0.41744791666666664 0.20277777777777778 0.021354166666666667 0.018518518518518517
6 0.4109375 0.21898148148148147 0.007291666666666667 0.012037037037037037
0 0.42265625 0.2152777777777778 0.0078125 0.006481481481481481
6 0.4203125 0.22453703703703703 0.007291666666666667 0.012037037037037037
6 0.41901041666666666 0.23055555555555557 0.0067708333333333336 0.011111111111111112
6 0.4265625 0.23796296296296296 0.008333333333333333 0.012962962962962963
6 0.4083333333333333 0.22777777777777777 0.007291666666666667 0.011111111111111112
6 0.40625 0.23333333333333334 0.008333333333333333 0.011111111111111112
6 0.4046875 0.23564814814814813 0.008333333333333333 0.010185185185185186
6 0.4046875 0.23981481481481481 0.008333333333333333 0.011111111111111112
6 0.3953125 0.2337962962962963 0.008333333333333333 0.012037037037037037
11 0.40260416666666665 0.20787037037037037 0.008333333333333333 0.021296296296296296
0 0.3890625 0.20694444444444443 0.010416666666666666 0.023148148148148147
11 0.3958333333333333 0.22268518518518518 0.0125 0.025
1 0.3640625 0.24444444444444444 0.004166666666666667 0.018518518518518517
1 0.37109375 0.2439814814814815 0.0046875 0.019444444444444445
0 0.39479166666666665 0.2449074074074074 0.008333333333333333 0.010185185185185186
1 0.5291666666666667 0.24861111111111112 0.004166666666666667 0.019444444444444445
6 0.4161458333333333 0.24212962962962964 0.008333333333333333 0.012037037037037037
1 0.3033854166666667 0.25601851851851853 0.005729166666666666 0.021296296296296296
1 0.29453125 0.25277777777777777 0.005729166666666666 0.022222222222222223
1 0.29661458333333335 0.28425925925925927 0.0046875 0.022222222222222223
1 0.3 0.28379629629629627 0.005208333333333333 0.023148148148148147
0 0.31666666666666665 0.30462962962962964 0.004166666666666667 0.020370370370370372
0 0.32760416666666664 0.3106481481481482 0.005208333333333333 0.021296296296296296
1 0.2908854166666667 0.325 0.0036458333333333334 0.022222222222222223
1 0.29401041666666666 0.32407407407407407 0.0046875 0.024074074074074074
6 0.26458333333333334 0.300462962962963 0.017708333333333333 0.023148148148148147
6 0.2421875 0.3148148148148148 0.019791666666666666 0.027777777777777776
6 0.22578125 0.3162037037037037 0.022395833333333334 0.019444444444444445
6 0.22421875 0.30277777777777776 0.0296875 0.020370370370370372
1 0.21380208333333334 0.3138888888888889 0.0046875 0.020370370370370372
1 0.22135416666666666 0.34074074074074073 0.005208333333333333 0.024074074074074074
1 0.22369791666666666 0.34814814814814815 0.0046875 0.024074074074074074
4 0.228125 0.34814814814814815 0.00625 0.018518518518518517
5 0.22994791666666667 0.3560185185185185 0.0078125 0.01574074074074074
1 0.26875 0.33287037037037037 0.004166666666666667 0.023148148148148147
1 0.2799479166666667 0.35694444444444445 0.0046875 0.025
1 0.2598958333333333 0.36666666666666664 0.005208333333333333 0.025925925925925925
0 0.27005208333333336 0.37453703703703706 0.005729166666666666 0.03611111111111111
1 0.27630208333333334 0.37037037037037035 0.0046875 0.024074074074074074
0 0.30416666666666664 0.34953703703703703 0.008333333333333333 0.021296296296296296
6 0.4049479166666667 0.2791666666666667 0.011979166666666667 0.019444444444444445
6 0.4041666666666667 0.28888888888888886 0.011458333333333333 0.018518518518518517
6 0.41770833333333335 0.3013888888888889 0.0125 0.019444444444444445
6 0.39947916666666666 0.30092592592592593 0.013541666666666667 0.020370370370370372
6 0.39036458333333335 0.28379629629629627 0.0109375 0.017592592592592594
6 0.38307291666666665 0.2912037037037037 0.0140625 0.017592592592592594
6 0.3841145833333333 0.3 0.011979166666666667 0.018518518518518517
6 0.3736979166666667 0.2726851851851852 0.011979166666666667 0.01574074074074074
6 0.3653645833333333 0.2916666666666667 0.013020833333333334 0.022222222222222223
6 0.35598958333333336 0.3111111111111111 0.013020833333333334 0.022222222222222223
6 0.37473958333333335 0.3162037037037037 0.015104166666666667 0.023148148148148147
6 0.3536458333333333 0.33935185185185185 0.014583333333333334 0.025
11 0.39817708333333335 0.32916666666666666 0.030729166666666665 0.058333333333333334
6 0.3375 0.36574074074074076 0.017708333333333333 0.027777777777777776
6 0.34713541666666664 0.387037037037037 0.0203125 0.03148148148148148
6 0.37552083333333336 0.41574074074074074 0.022916666666666665 0.03333333333333333
6 0.2984375 0.4027777777777778 0.023958333333333335 0.03148148148148148
6 0.32786458333333335 0.43333333333333335 0.024479166666666666 0.037037037037037035
6 0.35182291666666665 0.45185185185185184 0.0234375 0.040740740740740744
4 0.25442708333333336 0.3421296296296296 0.005729166666666666 0.019444444444444445
2 0.25494791666666666 0.34814814814814815 0.005729166666666666 0.014814814814814815
4 0.24114583333333334 0.34444444444444444 0.005208333333333333 0.016666666666666666
5 0.24166666666666667 0.3537037037037037 0.005208333333333333 0.014814814814814815
1 0.24010416666666667 0.36435185185185187 0.004166666666666667 0.026851851851851852
4 0.23255208333333333 0.3560185185185185 0.0046875 0.01574074074074074
2 0.23255208333333333 0.36157407407407405 0.0078125 0.013888888888888888
1 0.22994791666666667 0.375 0.005729166666666666 0.024074074074074074
1 0.23463541666666668 0.37407407407407406 0.0046875 0.025925925925925925
1 0.23854166666666668 0.38796296296296295 0.007291666666666667 0.027777777777777776
1 0.24713541666666666 0.4041666666666667 0.005729166666666666 0.026851851851851852
1 0.23984375 0.40370370370370373 0.005729166666666666 0.024074074074074074
4 0.22291666666666668 0.38101851851851853 0.00625 0.025
5 0.22291666666666668 0.3875 0.00625 0.019444444444444445
1 0.22161458333333334 0.4097222222222222 0.005729166666666666 0.025
1 0.22890625 0.40925925925925927 0.0067708333333333336 0.027777777777777776
4 0.19453125 0.3662037037037037 0.0046875 0.019444444444444445
1 0.18333333333333332 0.35648148148148145 0.005208333333333333 0.025925925925925925
1 0.18854166666666666 0.3578703703703704 0.00625 0.025
1 0.178125 0.3648148148148148 0.00625 0.027777777777777776
1 0.16614583333333333 0.36898148148148147 0.00625 0.026851851851851852
1 0.1609375 0.3699074074074074 0.005208333333333333 0.026851851851851852
4 0.19557291666666668 0.412962962962963 0.0067708333333333336 0.025925925925925925
5 0.19583333333333333 0.42083333333333334 0.008333333333333333 0.017592592592592594
1 0.19453125 0.4351851851851852 0.0078125 0.03518518518518519
6 0.2328125 0.4324074074074074 0.05416666666666667 0.040740740740740744
6 0.22760416666666666 0.4564814814814815 0.03229166666666667 0.040740740740740744
6 0.20911458333333333 0.4847222222222222 0.034895833333333334 0.04351851851851852
4 0.1828125 0.4356481481481482 0.008333333333333333 0.028703703703703703
5 0.18229166666666666 0.44351851851851853 0.008333333333333333 0.022222222222222223
4 0.171875 0.43425925925925923 0.008333333333333333 0.027777777777777776
5 0.17213541666666668 0.44351851851851853 0.009895833333333333 0.020370370370370372
1 0.18385416666666668 0.4597222222222222 0.008333333333333333 0.030555555555555555
5 0.18359375 0.4703703703703704 0.008854166666666666 0.024074074074074074
1 0.16640625 0.4597222222222222 0.0078125 0.03425925925925926
4 0.15494791666666666 0.4546296296296296 0.008854166666666666 0.025925925925925925
2 0.15494791666666666 0.4634259259259259 0.0109375 0.026851851851851852
1 0.14583333333333334 0.43842592592592594 0.007291666666666667 0.032407407407407406
6 0.19010416666666666 0.5060185185185185 0.046875 0.04351851851851852
4 0.140625 0.47129629629629627 0.008333333333333333 0.02962962962962963
5 0.140625 0.48009259259259257 0.010416666666666666 0.025
0 0.11276041666666667 0.4726851851851852 0.0203125 0.05092592592592592
4 0.13489583333333333 0.44212962962962965 0.010416666666666666 0.021296296296296296
7 0.17265625 0.5212962962962963 0.0578125 0.05925925925925926
1 0.16067708333333333 0.5217592592592593 0.0109375 0.03611111111111111
6 0.15833333333333333 0.5509259259259259 0.05416666666666667 0.053703703703703705
1 0.07369791666666667 0.46435185185185185 0.009895833333333333 0.03796296296296296
1 0.04765625 0.4703703703703704 0.009895833333333333 0.040740740740740744
1 0.048177083333333336 0.46620370370370373 0.0109375 0.03611111111111111
6 0.13125 0.5768518518518518 0.05520833333333333 0.05555555555555555
1 0.11588541666666667 0.5550925925925926 0.008854166666666666 0.03425925925925926
1 0.12447916666666667 0.5361111111111111 0.007291666666666667 0.04259259259259259
1 0.11901041666666666 0.5328703703703703 0.0078125 0.041666666666666664
1 0.11484375 0.524537037037037 0.009895833333333333 0.04351851851851852
1 0.1046875 0.5231481481481481 0.009375 0.037037037037037035
4 0.07734375 0.537962962962963 0.011979166666666667 0.03333333333333333
5 0.07786458333333333 0.55 0.013020833333333334 0.027777777777777776
1 0.057291666666666664 0.5550925925925926 0.008333333333333333 0.030555555555555555
1 0.052083333333333336 0.5467592592592593 0.011458333333333333 0.041666666666666664
1 0.029427083333333333 0.5601851851851852 0.0109375 0.03888888888888889
1 0.02109375 0.562962962962963 0.008854166666666666 0.04259259259259259
1 0.00390625 0.5263888888888889 0.0078125 0.04351851851851852
1 0.1375 0.6217592592592592 0.008333333333333333 0.04351851851851852
1 0.012760416666666666 0.6976851851851852 0.009895833333333333 0.05092592592592592
6 0.04114583333333333 0.9268518518518518 0.08229166666666667 0.14629629629629629
6 0.22890625 0.8953703703703704 0.0640625 0.13518518518518519
6 0.309375 0.8902777777777777 0.057291666666666664 0.13796296296296295
6 0.3328125 0.7703703703703704 0.04479166666666667 0.10185185185185185
6 0.34427083333333336 0.6828703703703703 0.03958333333333333 0.08796296296296297
6 0.29973958333333334 0.6296296296296297 0.04114583333333333 0.08333333333333333
6 0.3640625 0.6078703703703704 0.036458333333333336 0.06944444444444445
6 0.27317708333333335 0.5958333333333333 0.0390625 0.06388888888888888
6 0.37213541666666666 0.5541666666666667 0.027604166666666666 0.05277777777777778
6 0.3421875 0.5027777777777778 0.027083333333333334 0.04814814814814815
6 0.3028645833333333 0.4962962962962963 0.0265625 0.044444444444444446
6 0.37890625 0.5143518518518518 0.0265625 0.049074074074074076
6 0.39088541666666665 0.48009259259259257 0.0234375 0.03981481481481482
7 0.3924479166666667 0.44675925925925924 0.021354166666666667 0.03796296296296296
6 0.4783854166666667 0.2972222222222222 0.013020833333333334 0.020370370370370372
6 0.4734375 0.2777777777777778 0.009375 0.016666666666666666
6 0.4583333333333333 0.2763888888888889 0.010416666666666666 0.013888888888888888
6 0.44479166666666664 0.2861111111111111 0.011458333333333333 0.020370370370370372
6 0.46067708333333335 0.29814814814814816 0.011979166666666667 0.020370370370370372
6 0.4427083333333333 0.3125 0.013541666666666667 0.023148148148148147
6 0.47630208333333335 0.32037037037037036 0.013020833333333334 0.024074074074074074
11 0.4973958333333333 0.29907407407407405 0.020833333333333332 0.044444444444444446
11 0.5078125 0.31666666666666665 0.023958333333333335 0.05185185185185185
6 0.46171875 0.3351851851851852 0.0140625 0.022222222222222223
6 0.47890625 0.3416666666666667 0.0140625 0.020370370370370372
4 0.4908854166666667 0.32592592592592595 0.0046875 0.014814814814814815
2 0.490625 0.33101851851851855 0.004166666666666667 0.013888888888888888
6 0.46875 0.35509259259259257 0.015625 0.026851851851851852
6 0.44192708333333336 0.3476851851851852 0.015104166666666667 0.023148148148148147
6 0.44296875 0.38472222222222224 0.0171875 0.026851851851851852
6 0.46536458333333336 0.4050925925925926 0.018229166666666668 0.028703703703703703
6 0.4953125 0.39814814814814814 0.01875 0.027777777777777776
6 0.4953125 0.44074074074074077 0.01875 0.03333333333333333
6 0.44453125 0.4601851851851852 0.022395833333333334 0.037037037037037035
6 0.4375 0.525 0.025 0.044444444444444446
6 0.5114583333333333 0.5 0.027083333333333334 0.046296296296296294
6 0.5356770833333333 0.5666666666666667 0.030729166666666665 0.05185185185185185
6 0.5307291666666667 0.6467592592592593 0.03229166666666667 0.062037037037037036
6 0.428125 0.7523148148148148 0.040625 0.08425925925925926
6 0.4875 0.7453703703703703 0.040625 0.08888888888888889
6 0.5611979166666666 0.9569444444444445 0.0578125 0.08611111111111111
1 0.65 0.43425925925925923 0.005208333333333333 0.02962962962962963
4 0.6328125 0.42083333333333334 0.007291666666666667 0.030555555555555555
5 0.6330729166666667 0.4263888888888889 0.0067708333333333336 0.023148148148148147
4 0.6403645833333333 0.45046296296296295 0.0078125 0.026851851851851852
2 0.63984375 0.45694444444444443 0.0078125 0.023148148148148147
1 0.6296875 0.4625 0.007291666666666667 0.03425925925925926
1 0.621875 0.4625 0.007291666666666667 0.03425925925925926
1 0.5958333333333333 0.44212962962962965 0.00625 0.030555555555555555
1 0.6078125 0.44212962962962965 0.00625 0.032407407407407406
1 0.6067708333333334 0.49583333333333335 0.008333333333333333 0.03796296296296296
1 0.58828125 0.5023148148148148 0.009895833333333333 0.03796296296296296
5 0.5979166666666667 0.4962962962962963 0.017708333333333333 0.024074074074074074
2 0.628125 0.5060185185185185 0.016666666666666666 0.03425925925925926
1 0.6567708333333333 0.4601851851851852 0.00625 0.03148148148148148
4 0.6518229166666667 0.4810185185185185 0.0078125 0.032407407407407406
5 0.6520833333333333 0.487962962962963 0.00625 0.027777777777777776
4 0.66796875 0.4912037037037037 0.0078125 0.032407407407407406
5 0.66796875 0.49907407407407406 0.0078125 0.027777777777777776
4 0.6447916666666667 0.5064814814814815 0.008333333333333333 0.03148148148148148
5 0.6453125 0.513425925925926 0.010416666666666666 0.028703703703703703
1 0.6872395833333333 0.5351851851851852 0.008854166666666666 0.040740740740740744
4 0.6010416666666667 0.6041666666666666 0.010416666666666666 0.03796296296296296
5 0.6013020833333333 0.612037037037037 0.008854166666666666 0.037037037037037035
4 0.6934895833333333 0.6050925925925926 0.011979166666666667 0.03611111111111111
5 0.6932291666666667 0.6148148148148148 0.0125 0.03518518518518519
4 0.7140625 0.6523148148148148 0.0125 0.041666666666666664
2 0.7135416666666666 0.6643518518518519 0.0125 0.03796296296296296
1 0.6934895833333333 0.6555555555555556 0.011979166666666667 0.040740740740740744
5 0.6924479166666667 0.6680555555555555 0.009895833333333333 0.041666666666666664
1 0.73984375 0.6699074074074074 0.013020833333333334 0.05462962962962963
1 0.7502604166666667 0.6736111111111112 0.009895833333333333 0.049074074074074076
0 0.66640625 0.6685185185185185 0.030729166666666665 0.05740740740740741
0 0.6846354166666667 0.7226851851851852 0.04010416666666667 0.05277777777777778
4 0.65 0.7666666666666667 0.013541666666666667 0.046296296296296294
5 0.6497395833333334 0.7805555555555556 0.011979166666666667 0.05185185185185185
5 0.7260416666666667 0.8194444444444444 0.03125 0.040740740740740744
1 0.7822916666666667 0.6231481481481481 0.013541666666666667 0.046296296296296294
1 0.78828125 0.6189814814814815 0.009895833333333333 0.04722222222222222
7 0.8302083333333333 0.7425925925925926 0.084375 0.12037037037037036
6 0.8875 0.6986111111111111 0.08020833333333334 0.0712962962962963
7 0.9005208333333333 0.8041666666666667 0.09895833333333333 0.08796296296296297
6 0.9364583333333333 0.8537037037037037 0.10625 0.08703703703703704
6 0.9549479166666667 0.9148148148148149 0.09010416666666667 0.09444444444444444
6 0.9802083333333333 0.9629629629629629 0.03958333333333333 0.07407407407407407
4 0.7549479166666667 0.7689814814814815 0.0140625 0.058333333333333334
5 0.7513020833333334 0.7819444444444444 0.013020833333333334 0.05092592592592592
4 0.784375 0.8384259259259259 0.014583333333333334 0.05648148148148148
5 0.7809895833333333 0.8532407407407407 0.022395833333333334 0.05648148148148148
1 0.8184895833333333 0.836574074074074 0.0140625 0.062037037037037036
4 0.8140625 0.7680555555555556 0.016666666666666666 0.03425925925925926
1 0.8044270833333333 0.7944444444444444 0.015104166666666667 0.05740740740740741
4 0.7955729166666666 0.8050925925925926 0.0171875 0.05092592592592592
2 0.7924479166666667 0.8166666666666667 0.022395833333333334 0.07222222222222222
5 0.7559895833333333 0.8819444444444444 0.033854166666666664 0.04351851851851852
5 0.76171875 0.899074074074074 0.03697916666666667 0.044444444444444446
5 0.7690104166666667 0.925 0.034895833333333334 0.044444444444444446