6 0.3541666666666667 0.012962962962962963 0.014583333333333334 0.025925925925925925
6 0.35572916666666665 0.07222222222222222 0.017708333333333333 0.037037037037037035
8 0.38697916666666665 0.03333333333333333 0.026041666666666668 0.06666666666666667
9 0.5619791666666667 0.2759259259259259 0.017708333333333333 0.05925925925925926
7 0.3890625 0.49444444444444446 0.034375 0.08888888888888889
8 0.278125 0.22777777777777777 0.0625 0.05925925925925926
8 0.27291666666666664 0.21296296296296297 0.06875 0.04814814814814815
8 0.2786458333333333 0.19722222222222222 0.06354166666666666 0.046296296296296294
8 0.19739583333333333 0.6842592592592592 0.071875 0.18703703703703703
6 0.4817708333333333 0.937962962962963 0.059375 0.12407407407407407
5 0.33489583333333334 0.8314814814814815 0.017708333333333333 0.07037037037037037
4 0.334375 0.8101851851851852 0.01875 0.046296296296296294
1 0.10260416666666666 0.35648148148148145 0.015625 0.046296296296296294