0 0.4583333333333333 0.31574074074074077 0.0375 0.10185185185185185
6 0.45625 0.375 0.008333333333333333 0.012962962962962963
6 0.475 0.38425925925925924 0.010416666666666666 0.020370370370370372
6 0.4479166666666667 0.4351851851851852 0.014583333333333334 0.022222222222222223
6 0.4703125 0.46111111111111114 0.017708333333333333 0.025925925925925925
4 0.4859375 0.4537037037037037 0.005208333333333333 0.014814814814814815
2 0.4859375 0.46111111111111114 0.005208333333333333 0.018518518518518517
6 0.27239583333333334 0.7481481481481481 0.071875 0.05925925925925926
6 0.2713541666666667 0.7462962962962963 0.071875 0.05925925925925926
8 0.375 0.6129629629629629 0.0375 0.1111111111111111
6 0.434375 0.7231481481481481 0.03333333333333333 0.07962962962962963
10 0.5114583333333333 0.6925925925925925 0.025 0.05185185185185185
4 0.5098958333333333 0.6768518518518518 0.013541666666666667 0.03888888888888889
8 0.44375 0.8944444444444445 0.041666666666666664 0.10740740740740741