6 0.5325 0.6452380952380953 0.05071428571428571 0.09047619047619047
6 0.12214285714285714 0.035238095238095235 0.017142857142857144 0.024761904761904763
6 0.13392857142857142 0.07952380952380952 0.015 0.023809523809523808
6 0.1407142857142857 0.09904761904761905 0.017142857142857144 0.02666666666666667
6 0.05107142857142857 0.1719047619047619 0.04642857142857143 0.029523809523809525
6 0.053214285714285714 0.18904761904761905 0.04357142857142857 0.023809523809523808
8 0.08392857142857142 0.04238095238095238 0.030714285714285715 0.05238095238095238
8 0.095 0.08190476190476191 0.025714285714285714 0.04
4 0.3846428571428571 0.7433333333333333 0.012142857142857143 0.02761904761904762
4 0.38642857142857145 0.6114285714285714 0.007142857142857143 0.02666666666666667
4 0.25821428571428573 0.7142857142857143 0.015 0.022857142857142857
4 0.4835714285714286 0.5776190476190476 0.008571428571428572 0.01619047619047619
4 0.4907142857142857 0.57 0.008571428571428572 0.01619047619047619
2 0.48642857142857143 0.5766666666666667 0.02142857142857143 0.035238095238095235
2 0.3892857142857143 0.6085714285714285 0.025714285714285714 0.02857142857142857
2 0.34714285714285714 0.7066666666666667 0.027142857142857142 0.01904761904761905
4 0.3432142857142857 0.7076190476190476 0.016428571428571428 0.011428571428571429
4 0.3442857142857143 0.6919047619047619 0.011428571428571429 0.018095238095238095
1 0.45 0.8223809523809524 0.007142857142857143 0.018095238095238095
10 0.3757142857142857 0.7442857142857143 0.055714285714285716 0.04285714285714286
2 0.37642857142857145 0.5947619047619047 0.03428571428571429 0.029523809523809525
4 0.3732142857142857 0.5933333333333334 0.010714285714285714 0.017142857142857144
1 0.13785714285714284 0.8576190476190476 0.017142857142857144 0.012380952380952381
1 0.6007142857142858 0.4147619047619048 0.005714285714285714 0.023809523809523808
1 0.8575 0.4657142857142857 0.016428571428571428 0.030476190476190476
1 0.8385714285714285 0.5142857142857142 0.017142857142857144 0.02095238095238095
4 0.3517857142857143 0.30952380952380953 0.0064285714285714285 0.02095238095238095
2 0.3517857142857143 0.3161904761904762 0.009285714285714286 0.022857142857142857
2 0.22642857142857142 0.035238095238095235 0.007142857142857143 0.01904761904761905
4 0.22535714285714287 0.03428571428571429 0.005 0.013333333333333334
0 0.5257142857142857 0.056666666666666664 0.015714285714285715 0.02761904761904762
0 0.6296428571428572 0.19 0.012142857142857143 0.02
7 0.7153571428571428 0.11952380952380952 0.030714285714285715 0.029523809523809525
2 0.25821428571428573 0.7133333333333334 0.027857142857142858 0.024761904761904763