0 0.45785714285714285 0.023809523809523808 0.02142857142857143 0.03619047619047619
0 0.4925 0.021904761904761906 0.015 0.011428571428571429
1 0.3821428571428571 0.731904761904762 0.011428571428571429 0.035238095238095235
1 0.4585714285714286 0.19 0.002857142857142857 0.008571428571428572
8 0.6171428571428571 0.19428571428571428 0.014285714285714285 0.017142857142857144
8 0.5892857142857143 0.3342857142857143 0.037142857142857144 0.030476190476190476
8 0.5775 0.2542857142857143 0.025 0.022857142857142857
8 0.4614285714285714 0.2619047619047619 0.017142857142857144 0.0419047619047619
6 0.6096428571428572 0.19333333333333333 0.007857142857142858 0.009523809523809525
6 0.6028571428571429 0.19095238095238096 0.005714285714285714 0.008571428571428572
6 0.4446428571428571 0.1061904761904762 0.005 0.010476190476190476
8 0.44571428571428573 0.09095238095238095 0.007142857142857143 0.02
6 0.5939285714285715 0.29904761904761906 0.010714285714285714 0.01904761904761905
6 0.445 0.3233333333333333 0.014285714285714285 0.02
4 0.45607142857142857 0.41333333333333333 0.0035714285714285713 0.009523809523809525
2 0.45607142857142857 0.4180952380952381 0.0035714285714285713 0.013333333333333334
6 0.47464285714285714 0.16380952380952382 0.005 0.007619047619047619
7 0.14285714285714285 0.22428571428571428 0.024285714285714285 0.014285714285714285