0 0.5317857142857143 0.08571428571428572 0.030714285714285715 0.05904761904761905
6 0.5239285714285714 0.12476190476190477 0.005 0.007619047619047619
6 0.5092857142857142 0.15428571428571428 0.004285714285714286 0.005714285714285714
6 0.5139285714285714 0.17095238095238094 0.0035714285714285713 0.004761904761904762
8 0.5039285714285714 0.1676190476190476 0.007857142857142858 0.01904761904761905
3 0.495 0.18857142857142858 0.01 0.017142857142857144
6 0.49642857142857144 0.22142857142857142 0.005714285714285714 0.006666666666666667
8 0.4514285714285714 0.3476190476190476 0.012857142857142857 0.02095238095238095
8 0.46214285714285713 0.37857142857142856 0.012857142857142857 0.02761904761904762
7 0.4689285714285714 0.2876190476190476 0.007857142857142858 0.013333333333333334
6 0.4807142857142857 0.2680952380952381 0.007142857142857143 0.008571428571428572
11 0.4925 0.23142857142857143 0.010714285714285714 0.02095238095238095
6 0.39964285714285713 0.7928571428571428 0.02642857142857143 0.054285714285714284
6 0.42178571428571426 0.4838095238095238 0.012142857142857143 0.024761904761904763
3 0.43464285714285716 0.16952380952380952 0.025 0.011428571428571429
3 0.47464285714285714 0.10523809523809524 0.016428571428571428 0.008571428571428572
8 0.43 0.13857142857142857 0.005714285714285714 0.012380952380952381
1 0.21785714285714286 0.9171428571428571 0.01 0.022857142857142857
1 0.22535714285714287 0.9123809523809524 0.012142857142857143 0.02095238095238095