6 0.6364285714285715 0.7504761904761905 0.1757142857142857 0.11047619047619048
6 0.625 0.6480952380952381 0.15 0.09619047619047619
6 0.5753571428571429 0.44571428571428573 0.11785714285714285 0.07047619047619047
6 0.5614285714285714 0.3942857142857143 0.11571428571428571 0.06857142857142857
6 0.5664285714285714 0.35619047619047617 0.1 0.047619047619047616
6 0.5578571428571428 0.3252380952380952 0.09285714285714286 0.05047619047619047
6 0.5525 0.29 0.08357142857142857 0.04857142857142857
6 0.5407142857142857 0.2671428571428571 0.08714285714285715 0.05047619047619047
6 0.5567857142857143 0.23761904761904762 0.07357142857142857 0.040952380952380955
6 0.5482142857142858 0.21476190476190476 0.060714285714285714 0.02761904761904762
6 0.5432142857142858 0.2 0.06357142857142857 0.03619047619047619
6 0.5032142857142857 0.18476190476190477 0.05928571428571429 0.04380952380952381
6 0.4767857142857143 0.17142857142857143 0.062142857142857146 0.03619047619047619
6 0.4775 0.15476190476190477 0.055 0.02761904761904762
6 0.48892857142857143 0.14333333333333334 0.060714285714285714 0.035238095238095235
6 0.4953571428571429 0.12761904761904763 0.060714285714285714 0.03428571428571429
6 0.46535714285714286 0.10761904761904761 0.055 0.03428571428571429
6 0.46535714285714286 0.09 0.045 0.025714285714285714
6 0.4657142857142857 0.07523809523809524 0.045714285714285714 0.024761904761904763
6 0.4607142857142857 0.058095238095238096 0.04 0.02857142857142857
6 0.15178571428571427 0.5395238095238095 0.15642857142857142 0.08666666666666667
6 0.18857142857142858 0.4766666666666667 0.13285714285714287 0.08285714285714285
6 0.19607142857142856 0.41523809523809524 0.11928571428571429 0.06857142857142857
6 0.21428571428571427 0.3780952380952381 0.11714285714285715 0.06095238095238095
6 0.24535714285714286 0.33714285714285713 0.10357142857142858 0.06285714285714286
6 0.2571428571428571 0.3076190476190476 0.10428571428571429 0.05142857142857143
6 0.2725 0.28476190476190477 0.09928571428571428 0.05142857142857143
6 0.3032142857142857 0.21904761904761905 0.075 0.04
6 0.32285714285714284 0.2038095238095238 0.08 0.04380952380952381
6 0.3264285714285714 0.18571428571428572 0.07285714285714286 0.045714285714285714
6 0.31285714285714283 0.15761904761904763 0.06714285714285714 0.035238095238095235
6 0.3246428571428571 0.14285714285714285 0.062142857142857146 0.02857142857142857
6 0.33 0.13523809523809524 0.06571428571428571 0.03238095238095238
6 0.33 0.12523809523809523 0.06285714285714286 0.029523809523809525
6 0.34285714285714286 0.11476190476190476 0.05714285714285714 0.02761904761904762
6 0.3414285714285714 0.10476190476190476 0.05714285714285714 0.030476190476190476
6 0.030714285714285715 0.38761904761904764 0.06 0.08190476190476191
6 0.03571428571428571 0.30095238095238097 0.07142857142857142 0.07238095238095238
6 0.07678571428571429 0.31238095238095237 0.075 0.06285714285714286
6 0.18071428571428572 0.19380952380952382 0.04428571428571428 0.040952380952380955
6 0.21428571428571427 0.16142857142857142 0.03571428571428571 0.029523809523809525
6 0.35678571428571426 0.07523809523809524 0.04928571428571429 0.022857142857142857
6 0.36142857142857143 0.06952380952380953 0.04285714285714286 0.02095238095238095
6 0.3725 0.045714285714285714 0.045 0.022857142857142857
6 0.2742857142857143 0.07476190476190477 0.02 0.023809523809523808
6 0.2814285714285714 0.05476190476190476 0.018571428571428572 0.01619047619047619
6 0.30142857142857143 0.030952380952380953 0.012857142857142857 0.021904761904761906
6 0.38107142857142856 0.02238095238095238 0.025 0.014285714285714285
1 0.6157142857142858 0.929047619047619 0.03 0.06761904761904762
1 0.5842857142857143 0.9042857142857142 0.02142857142857143 0.07142857142857142
1 0.6253571428571428 0.8547619047619047 0.030714285714285715 0.08857142857142856
1 0.7496428571428572 0.8195238095238095 0.02642857142857143 0.07333333333333333
5 0.4110714285714286 0.5223809523809524 0.017857142857142856 0.06952380952380953
1 0.41035714285714286 0.5133333333333333 0.015 0.04380952380952381
1 0.3317857142857143 0.4328571428571429 0.016428571428571428 0.06380952380952382
1 0.36392857142857143 0.4185714285714286 0.017857142857142856 0.054285714285714284
1 0.4232142857142857 0.26857142857142857 0.012142857142857143 0.03428571428571429
1 0.4382142857142857 0.2695238095238095 0.012142857142857143 0.045714285714285714
1 0.43107142857142855 0.17047619047619048 0.012142857142857143 0.03619047619047619
1 0.5603571428571429 0.15 0.009285714285714286 0.039047619047619046
6 0.5182142857142857 0.07523809523809524 0.017857142857142856 0.02857142857142857
7 0.03892857142857143 0.5185714285714286 0.075 0.11523809523809524
5 0.7985714285714286 0.9604761904761905 0.06571428571428571 0.06380952380952382
5 0.7792857142857142 0.6742857142857143 0.03428571428571429 0.06857142857142857
7 0.2935714285714286 0.24428571428571427 0.07857142857142857 0.06190476190476191
7 0.1225 0.24047619047619048 0.06928571428571428 0.06952380952380953
3 0.39571428571428574 0.1680952380952381 0.022857142857142857 0.04857142857142857
6 0.4175 0.047142857142857146 0.02214285714285714 0.02
1 0.21071428571428572 0.20857142857142857 0.011428571428571429 0.03619047619047619
1 0.20642857142857143 0.20809523809523808 0.01 0.037142857142857144
1 0.32357142857142857 0.07047619047619047 0.007142857142857143 0.022857142857142857
1 0.3117857142857143 0.06380952380952382 0.007857142857142858 0.024761904761904763
0 0.33321428571428574 0.04476190476190476 0.007857142857142858 0.022857142857142857