6 0.16925 0.864 0.1525 0.09066666666666667
6 0.652 0.8456666666666667 0.087 0.12733333333333333
6 0.46225 0.513 0.0365 0.06333333333333334
7 0.46825 0.306 0.0195 0.042666666666666665
1 0.4805 0.6523333333333333 0.016 0.054
8 0.5325 0.5113333333333333 0.024 0.058666666666666666
4 0.629 0.4236666666666667 0.008 0.019333333333333334
2 0.6285 0.43933333333333335 0.009 0.014666666666666666
6 0.469 0.24766666666666667 0.017 0.020666666666666667
6 0.4835 0.181 0.01 0.018
6 0.51725 0.20933333333333334 0.0135 0.013333333333333334
7 0.5235 0.19133333333333333 0.014 0.018666666666666668
1 0.971 0.6396666666666667 0.02 0.042
6 0.9435 0.42533333333333334 0.041 0.02266666666666667
6 0.95975 0.441 0.0415 0.014
6 0.89075 0.31433333333333335 0.0245 0.019333333333333334
1 0.872 0.313 0.008 0.019333333333333334
1 0.86625 0.297 0.0045 0.018
1 0.87275 0.2966666666666667 0.0065 0.016
6 0.871 0.2886666666666667 0.039 0.02
7 0.808 0.267 0.023 0.022
0 0.829 0.26966666666666667 0.016 0.018
0 0.7735 0.301 0.061 0.05
0 0.7295 0.2613333333333333 0.045 0.034666666666666665
6 0.73325 0.22833333333333333 0.0175 0.016666666666666666
6 0.7085 0.20566666666666666 0.014 0.016666666666666666
6 0.68875 0.18466666666666667 0.0225 0.012
7 0.70975 0.191 0.0185 0.012666666666666666
0 0.67675 0.21466666666666667 0.0415 0.02266666666666667
0 0.63925 0.15666666666666668 0.0475 0.028
6 0.609 0.13966666666666666 0.009 0.007333333333333333
8 0.5195 0.15666666666666668 0.01 0.021333333333333333
8 0.50525 0.16266666666666665 0.0165 0.028
1 0.53575 0.17366666666666666 0.0035 0.011333333333333334
6 0.501 0.134 0.006 0.006666666666666667
6 0.4995 0.12666666666666668 0.005 0.005333333333333333
6 0.4725 0.136 0.006 0.006666666666666667
6 0.4775 0.12333333333333334 0.005 0.006666666666666667
6 0.49075 0.12166666666666667 0.0055 0.006
6 0.49625 0.118 0.0045 0.005333333333333333
6 0.47675 0.09866666666666667 0.0035 0.005333333333333333
6 0.472 0.101 0.003 0.0033333333333333335
6 0.471 0.117 0.004 0.0033333333333333335
6 0.47 0.12533333333333332 0.007 0.010666666666666666
6 0.4935 0.10433333333333333 0.003 0.004666666666666667
6 0.49475 0.11166666666666666 0.0075 0.006
0 0.479 0.08466666666666667 0.023 0.018666666666666668
0 0.77275 0.241 0.0375 0.03666666666666667