2 0.40035714285714286 0.8961904761904762 0.045 0.0380952380952381
2 0.5357142857142857 0.38904761904761903 0.027142857142857142 0.029523809523809525
0 0.5460714285714285 0.4066666666666667 0.017857142857142856 0.03238095238095238
6 0.8739285714285714 0.4114285714285714 0.03785714285714286 0.0761904761904762
6 0.6660714285714285 0.3442857142857143 0.07214285714285715 0.05238095238095238
7 0.6282142857142857 0.4776190476190476 0.10357142857142858 0.06761904761904762
10 0.6625 0.2538095238095238 0.03642857142857143 0.05047619047619047
1 0.6453571428571429 0.31238095238095237 0.009285714285714286 0.02666666666666667
1 0.6675 0.30523809523809525 0.009285714285714286 0.03142857142857143
1 0.6639285714285714 0.2947619047619048 0.009285714285714286 0.02761904761904762
1 0.9314285714285714 0.4990476190476191 0.018571428571428572 0.03238095238095238
6 0.6396428571428572 0.8676190476190476 0.06785714285714285 0.18095238095238095