6 0.3028571428571429 0.5142857142857142 0.054285714285714284 0.14285714285714285
6 0.4925 0.49952380952380954 0.04071428571428572 0.12476190476190477
1 0.33964285714285714 0.22 0.015 0.03428571428571429
6 0.39357142857142857 0.1457142857142857 0.03857142857142857 0.10095238095238095
6 0.33464285714285713 0.1419047619047619 0.04214285714285714 0.09714285714285714
7 0.4367857142857143 0.07285714285714286 0.03214285714285714 0.08095238095238096
6 0.4875 0.062380952380952384 0.04214285714285714 0.09047619047619047
6 0.595 0.049523809523809526 0.07285714285714286 0.07809523809523809
6 0.7775 0.06285714285714286 0.07357142857142857 0.08952380952380952
7 0.7546428571428572 0.10095238095238095 0.08214285714285714 0.11238095238095239
2 0.8735714285714286 0.06428571428571428 0.02 0.04285714285714286
2 0.7189285714285715 0.25476190476190474 0.03357142857142857 0.04285714285714286
1 0.6982142857142857 0.30523809523809525 0.020714285714285713 0.03142857142857143
1 0.7178571428571429 0.2923809523809524 0.018571428571428572 0.03619047619047619
5 0.5339285714285714 0.2342857142857143 0.027857142857142858 0.02666666666666667
5 0.535 0.2219047619047619 0.03142857142857143 0.022857142857142857
6 0.4942857142857143 0.33666666666666667 0.04285714285714286 0.11142857142857143
4 0.5592857142857143 0.34809523809523807 0.02142857142857143 0.03333333333333333
6 0.5914285714285714 0.47714285714285715 0.045714285714285714 0.12
2 0.6925 0.4661904761904762 0.020714285714285713 0.05619047619047619
4 0.3514285714285714 0.4085714285714286 0.018571428571428572 0.03238095238095238
2 0.3510714285714286 0.4123809523809524 0.02214285714285714 0.05523809523809524
4 0.3289285714285714 0.589047619047619 0.019285714285714285 0.02761904761904762
5 0.3289285714285714 0.5957142857142858 0.020714285714285713 0.05238095238095238
5 0.7717857142857143 0.6961904761904761 0.012142857142857143 0.045714285714285714
2 0.02 0.16 0.02 0.0419047619047619
6 0.5707142857142857 0.27 0.06714285714285714 0.11523809523809524