6 0.52 0.824238578680203 0.024285714285714285 0.05456852791878172
7 0.7289285714285715 0.6161167512690355 0.029285714285714286 0.06218274111675127
7 0.6753571428571429 0.559010152284264 0.02642857142857143 0.05456852791878172
6 0.6478571428571429 0.45558375634517767 0.02142857142857143 0.03807106598984772
6 0.5925 0.23604060913705585 0.009285714285714286 0.02284263959390863
6 0.47035714285714286 0.44352791878172587 0.017857142857142856 0.024111675126903553
0 0.3375 0.06091370558375635 0.02642857142857143 0.04568527918781726
6 0.6039285714285715 0.19606598984771573 0.010714285714285714 0.01649746192893401
6 0.6760714285714285 0.1319796954314721 0.010714285714285714 0.01015228426395939
0 0.7960714285714285 0.23730964467005075 0.04357142857142857 0.03299492385786802
6 0.7807142857142857 0.09263959390862944 0.01 0.01015228426395939
8 0.8185714285714286 0.20812182741116753 0.032857142857142856 0.025380710659898477
6 0.8482142857142857 0.217005076142132 0.013571428571428571 0.015228426395939087
8 0.8321428571428572 0.17956852791878172 0.018571428571428572 0.024111675126903553
8 0.7989285714285714 0.1802030456852792 0.03214285714285714 0.025380710659898477
8 0.8032142857142858 0.17639593908629442 0.03214285714285714 0.025380710659898477
8 0.8164285714285714 0.1732233502538071 0.03 0.024111675126903553
8 0.8264285714285714 0.16687817258883247 0.03142857142857143 0.021573604060913704
6 0.8646428571428572 0.1567258883248731 0.007857142857142858 0.011421319796954314
6 0.875 0.15355329949238578 0.007142857142857143 0.01015228426395939
6 0.8728571428571429 0.09771573604060914 0.008571428571428572 0.01015228426395939
6 0.8925 0.08565989847715735 0.007857142857142858 0.008883248730964468
6 0.8735714285714286 0.06662436548223351 0.008571428571428572 0.011421319796954314
6 0.8885714285714286 0.06345177664974619 0.007142857142857143 0.01015228426395939
0 0.9121428571428571 0.02728426395939086 0.08857142857142856 0.05456852791878172
0 0.9285714285714286 0.2848984771573604 0.04285714285714286 0.04187817258883249
7 0.9710714285714286 0.2315989847715736 0.020714285714285713 0.01903553299492386