8 0.5757142857142857 0.37142857142857144 0.02 0.045714285714285714
8 0.6182142857142857 0.19142857142857142 0.0064285714285714285 0.013333333333333334
8 0.6317857142857143 0.18476190476190477 0.0064285714285714285 0.013333333333333334
0 0.6382142857142857 0.16523809523809524 0.020714285714285713 0.025714285714285714
8 0.6146428571428572 0.2061904761904762 0.0064285714285714285 0.018095238095238095
3 0.6514285714285715 0.259047619047619 0.018571428571428572 0.07809523809523809
0 0.8628571428571429 0.5461904761904762 0.012857142857142857 0.025714285714285714
0 0.795 0.40523809523809523 0.017142857142857144 0.021904761904761906
0 0.7567857142857143 0.3457142857142857 0.02642857142857143 0.030476190476190476
8 0.7396428571428572 0.28809523809523807 0.009285714285714286 0.012380952380952381
8 0.7303571428571428 0.26904761904761904 0.009285714285714286 0.01619047619047619
8 0.6260714285714286 0.19047619047619047 0.005 0.011428571428571429
8 0.6128571428571429 0.22095238095238096 0.007142857142857143 0.011428571428571429
6 0.625 0.20047619047619047 0.004285714285714286 0.006666666666666667
6 0.6446428571428572 0.20142857142857143 0.007857142857142858 0.006666666666666667
6 0.5796428571428571 0.2357142857142857 0.012142857142857143 0.006666666666666667
0 0.5942857142857143 0.25 0.017142857142857144 0.029523809523809525
0 0.6182142857142857 0.37857142857142856 0.0064285714285714285 0.021904761904761906
2 0.6232142857142857 0.3595238095238095 0.0064285714285714285 0.008571428571428572
2 0.5303571428571429 0.4480952380952381 0.005 0.012380952380952381
2 0.5057142857142857 0.5485714285714286 0.004285714285714286 0.017142857142857144
5 0.47285714285714286 0.6485714285714286 0.004285714285714286 0.01904761904761905
5 0.4367857142857143 0.8057142857142857 0.007857142857142858 0.024761904761904763
5 0.42678571428571427 0.8828571428571429 0.0064285714285714285 0.02857142857142857
4 0.42607142857142855 0.8766666666666667 0.007857142857142858 0.01619047619047619
4 0.43607142857142855 0.7980952380952381 0.009285714285714286 0.015238095238095238
4 0.47214285714285714 0.6419047619047619 0.005714285714285714 0.013333333333333334
4 0.5057142857142857 0.5419047619047619 0.004285714285714286 0.011428571428571429
4 0.5303571428571429 0.44333333333333336 0.005 0.010476190476190476
4 0.6603571428571429 0.7666666666666667 0.010714285714285714 0.02095238095238095
2 0.6592857142857143 0.7719047619047619 0.01 0.04285714285714286
0 0.6732142857142858 0.14952380952380953 0.020714285714285713 0.02095238095238095