7 0.124 0.799 0.062 0.06466666666666666
6 0.25675 0.6496666666666666 0.0345 0.03666666666666667
6 0.30675 0.592 0.0275 0.025333333333333333
6 0.318 0.606 0.024 0.028
7 0.5655 0.802 0.1 0.06533333333333333
7 0.55025 0.7416666666666667 0.0715 0.043333333333333335
6 0.553 0.7203333333333334 0.075 0.028666666666666667
6 0.86175 0.9743333333333334 0.1255 0.051333333333333335
6 0.81925 0.9076666666666666 0.1335 0.07
6 0.8415 0.8696666666666667 0.113 0.07266666666666667
0 0.44725 0.45266666666666666 0.0295 0.032
0 0.509 0.5033333333333333 0.029 0.064
3 0.3635 0.556 0.027 0.04933333333333333
8 0.34 0.535 0.019 0.019333333333333334
7 0.3495 0.552 0.012 0.021333333333333333
3 0.37675 0.5273333333333333 0.0245 0.03333333333333333
8 0.39825 0.5133333333333333 0.0175 0.032
3 0.40875 0.5026666666666667 0.0155 0.028
8 0.41375 0.49066666666666664 0.0125 0.02
4 0.421 0.507 0.003 0.006
2 0.42025 0.51 0.0045 0.008
7 0.53175 0.4776666666666667 0.0145 0.01
6 0.52925 0.48733333333333334 0.0095 0.008
1 0.52875 0.488 0.0035 0.008
6 0.5395 0.499 0.016 0.008666666666666666
1 0.564 0.5543333333333333 0.006 0.015333333333333332
7 0.5165 0.5443333333333333 0.031 0.016666666666666666
6 0.52025 0.5556666666666666 0.0275 0.015333333333333332
6 0.5205 0.5833333333333334 0.037 0.017333333333333333
7 0.51375 0.5906666666666667 0.0205 0.032
6 0.53925 0.664 0.0405 0.025333333333333333
6 0.539 0.6803333333333333 0.055 0.03266666666666666
5 0.59825 0.5633333333333334 0.0135 0.013333333333333334
6 0.60875 0.581 0.0305 0.020666666666666667
6 0.60075 0.6033333333333334 0.0385 0.02266666666666667
6 0.6935 0.7246666666666667 0.042 0.04533333333333334
6 0.85475 0.814 0.1165 0.04933333333333333
6 0.86225 0.8463333333333334 0.1155 0.06333333333333334
5 0.9055 0.9143333333333333 0.023 0.056666666666666664