8 0.3442857142857143 0.925761421319797 0.11571428571428571 0.14593908629441624
6 0.42428571428571427 0.8128172588832487 0.05714285714285714 0.10786802030456853
8 0.47 0.7036802030456852 0.06857142857142857 0.12309644670050761
6 0.5025 0.567258883248731 0.03214285714285714 0.07868020304568528
6 0.43464285714285716 0.48286802030456855 0.05928571428571429 0.0850253807106599
6 0.35642857142857143 0.4118020304568528 0.06285714285714286 0.0799492385786802
6 0.5496428571428571 0.41751269035532995 0.05071428571428571 0.0583756345177665
6 0.585 0.3623096446700508 0.03 0.08756345177664974
6 0.5571428571428572 0.35786802030456855 0.03142857142857143 0.08883248730964467
6 0.5921428571428572 0.2684010152284264 0.024285714285714285 0.06979695431472081
6 0.3289285714285714 0.28616751269035534 0.04071428571428572 0.04949238578680203
6 0.39 0.16243654822335024 0.03 0.06852791878172589