1 0.25285714285714284 0.7595238095238095 0.01 0.012380952380952381
1 0.32142857142857145 0.4757142857142857 0.004285714285714286 0.012380952380952381
1 0.3182142857142857 0.47619047619047616 0.0035714285714285713 0.013333333333333334
1 0.33321428571428574 0.2776190476190476 0.0035714285714285713 0.012380952380952381
1 0.38392857142857145 0.16 0.0035714285714285713 0.011428571428571429
1 0.3792857142857143 0.15761904761904763 0.002857142857142857 0.010476190476190476
1 0.37642857142857145 0.15666666666666668 0.002857142857142857 0.010476190476190476
1 0.3507142857142857 0.29285714285714287 0.007142857142857143 0.023809523809523808
6 0.43892857142857145 0.8638095238095238 0.035 0.11238095238095239
6 0.5253571428571429 0.39571428571428574 0.02214285714285714 0.04476190476190476
2 0.4446428571428571 0.3780952380952381 0.007857142857142858 0.02666666666666667
6 0.5417857142857143 0.16095238095238096 0.013571428571428571 0.02666666666666667
6 0.5146428571428572 0.16952380952380952 0.019285714285714285 0.0380952380952381
6 0.4425 0.05904761904761905 0.012142857142857143 0.017142857142857144
2 0.5142857142857142 0.04666666666666667 0.005714285714285714 0.01904761904761905
4 0.5142857142857142 0.041428571428571426 0.002857142857142857 0.008571428571428572
4 0.5953571428571428 0.4938095238095238 0.0064285714285714285 0.014285714285714285
2 0.5925 0.5052380952380953 0.016428571428571428 0.04285714285714286
1 0.5764285714285714 0.32142857142857145 0.005714285714285714 0.025714285714285714
2 0.56 0.22666666666666666 0.005714285714285714 0.02095238095238095
4 0.56 0.22047619047619046 0.004285714285714286 0.010476190476190476
1 0.6039285714285715 0.20476190476190476 0.005 0.017142857142857144
1 0.6271428571428571 0.23142857142857143 0.004285714285714286 0.017142857142857144
6 0.5571428571428572 0.04523809523809524 0.014285714285714285 0.018095238095238095
6 0.6603571428571429 0.29 0.013571428571428571 0.02761904761904762
1 0.6667857142857143 0.38904761904761903 0.005 0.01619047619047619
1 0.6489285714285714 0.46 0.005 0.022857142857142857
1 0.6235714285714286 0.7671428571428571 0.007142857142857143 0.02761904761904762