0 0.5539285714285714 0.1319047619047619 0.016428571428571428 0.025714285714285714
0 0.45714285714285713 0.1980952380952381 0.004285714285714286 0.009523809523809525
0 0.49892857142857144 0.1661904761904762 0.009285714285714286 0.035238095238095235
0 0.4860714285714286 0.10523809523809524 0.039285714285714285 0.03333333333333333
0 0.5346428571428572 0.0719047619047619 0.009285714285714286 0.01619047619047619
0 0.40464285714285714 0.10238095238095238 0.02642857142857143 0.023809523809523808
8 0.4725 0.13047619047619047 0.0064285714285714285 0.017142857142857144
8 0.475 0.15523809523809523 0.008571428571428572 0.01904761904761905
2 0.27964285714285714 0.3838095238095238 0.0035714285714285713 0.017142857142857144
2 0.5089285714285714 0.37666666666666665 0.0035714285714285713 0.010476190476190476
4 0.5092857142857142 0.37285714285714283 0.002857142857142857 0.008571428571428572
4 0.2792857142857143 0.3838095238095238 0.005714285714285714 0.009523809523809525
6 0.7442857142857143 0.34809523809523807 0.014285714285714285 0.01619047619047619
6 0.6982142857142857 0.2976190476190476 0.017857142857142856 0.012380952380952381
6 0.6882142857142857 0.2938095238095238 0.015 0.010476190476190476
6 0.6821428571428572 0.28523809523809524 0.02 0.014285714285714285
6 0.6917857142857143 0.3514285714285714 0.025 0.015238095238095238
8 0.25607142857142856 0.26476190476190475 0.027857142857142858 0.017142857142857144
7 0.35285714285714287 0.14095238095238094 0.005714285714285714 0.007619047619047619
8 0.5660714285714286 0.15761904761904763 0.015 0.012380952380952381
8 0.04 0.40190476190476193 0.045714285714285714 0.0419047619047619
8 0.3817857142857143 0.13238095238095238 0.015 0.011428571428571429