6 0.46425 0.7416666666666667 0.0815 0.058
6 0.4745 0.7003333333333334 0.077 0.04733333333333333
6 0.48525 0.6626666666666666 0.0755 0.050666666666666665
6 0.49175 0.625 0.0695 0.04066666666666666
6 0.49875 0.5943333333333334 0.0675 0.03933333333333333
6 0.49525 0.566 0.0675 0.03866666666666667
6 0.49775 0.5393333333333333 0.0585 0.03333333333333333
6 0.497 0.5093333333333333 0.06 0.03333333333333333
6 0.50575 0.488 0.0555 0.029333333333333333
6 0.504 0.4666666666666667 0.058 0.030666666666666665
6 0.498 0.446 0.049 0.030666666666666665
6 0.4895 0.38766666666666666 0.021 0.026
6 0.54375 0.12366666666666666 0.0085 0.01
6 0.54125 0.06433333333333334 0.0055 0.007333333333333333
6 0.5295 0.04 0.007 0.006666666666666667
6 0.58725 0.05266666666666667 0.0075 0.006666666666666667
6 0.5955 0.058666666666666666 0.006 0.008
7 0.59175 0.043333333333333335 0.0105 0.006666666666666667
6 0.519 0.03866666666666667 0.007 0.006666666666666667
0 0.54375 0.018 0.0645 0.032
6 0.52825 0.04733333333333333 0.0115 0.006666666666666667
6 0.55175 0.04566666666666667 0.0065 0.006
6 0.53875 0.07 0.0065 0.009333333333333334
1 0.54425 0.137 0.0025 0.007333333333333333
7 0.54175 0.13066666666666665 0.0075 0.010666666666666666
8 0.53425 0.08433333333333333 0.0085 0.018
6 0.53125 0.12266666666666666 0.0105 0.012
6 0.53025 0.13666666666666666 0.0075 0.010666666666666666
1 0.47525 0.09166666666666666 0.0025 0.008666666666666666
6 0.48825 0.41333333333333333 0.0205 0.029333333333333333
6 0.45225 0.49766666666666665 0.0245 0.048666666666666664
6 0.39075 0.5246666666666666 0.0325 0.050666666666666665
6 0.37225 0.5846666666666667 0.0395 0.06266666666666666
1 0.3915 0.40066666666666667 0.007 0.025333333333333333
1 0.3985 0.4076666666666667 0.006 0.022
1 0.405 0.423 0.01 0.024666666666666667
1 0.671 0.6456666666666667 0.009 0.03266666666666666
1 0.67825 0.6706666666666666 0.0125 0.034666666666666665
4 0.70475 0.589 0.0115 0.03
4 0.4455 0.41233333333333333 0.007 0.015333333333333332
2 0.44525 0.417 0.0085 0.022
5 0.70175 0.5946666666666667 0.0245 0.02666666666666667