0 0.24642857142857144 0.6047619047619047 0.03142857142857143 0.06095238095238095
0 0.3264285714285714 0.6819047619047619 0.05142857142857143 0.03619047619047619
0 0.31285714285714283 0.789047619047619 0.04428571428571428 0.14
6 0.1125 0.8733333333333333 0.06928571428571428 0.14285714285714285
6 0.07142857142857142 0.8519047619047619 0.045714285714285714 0.11523809523809524
6 0.016428571428571428 0.9376190476190476 0.032857142857142856 0.12095238095238095
1 0.5696428571428571 0.6247619047619047 0.012142857142857143 0.04380952380952381
6 0.5139285714285714 0.7076190476190476 0.03642857142857143 0.1180952380952381
6 0.5257142857142857 0.5938095238095238 0.03571428571428571 0.10380952380952381
6 0.535 0.4942857142857143 0.027142857142857142 0.08571428571428572
6 0.5410714285714285 0.3904761904761905 0.027857142857142858 0.08
6 0.5485714285714286 0.30857142857142855 0.02857142857142857 0.06857142857142857
6 0.5535714285714286 0.2342857142857143 0.02857142857142857 0.06095238095238095
6 0.5617857142857143 0.15095238095238095 0.027857142857142858 0.05238095238095238
6 0.5717857142857142 0.09523809523809523 0.020714285714285713 0.05142857142857143
6 0.5725 0.043333333333333335 0.02214285714285714 0.04666666666666667
7 0.5817857142857142 0.2823809523809524 0.023571428571428573 0.06952380952380953
7 0.44035714285714284 0.13142857142857142 0.02214285714285714 0.04380952380952381
6 0.45 0.08952380952380952 0.017142857142857144 0.04
1 0.5035714285714286 0.07714285714285714 0.004285714285714286 0.01904761904761905
1 0.49714285714285716 0.07523809523809524 0.004285714285714286 0.017142857142857144
1 0.4928571428571429 0.09714285714285714 0.004285714285714286 0.017142857142857144
1 0.4882142857142857 0.08333333333333333 0.005 0.02
1 0.48035714285714287 0.08285714285714285 0.005 0.017142857142857144
1 0.4732142857142857 0.09238095238095238 0.005 0.015238095238095238
1 0.5160714285714286 0.11238095238095239 0.005 0.024761904761904763
1 0.5221428571428571 0.11333333333333333 0.002857142857142857 0.015238095238095238
1 0.41464285714285715 0.17904761904761904 0.005 0.02666666666666667
1 0.40464285714285714 0.17285714285714285 0.005 0.02
1 0.3975 0.1742857142857143 0.005 0.02095238095238095
1 0.3921428571428571 0.1595238095238095 0.004285714285714286 0.02
6 0.5760714285714286 0.01 0.019285714285714285 0.018095238095238095
1 0.6121428571428571 0.24952380952380954 0.007142857142857143 0.03428571428571429
1 0.3939285714285714 0.22714285714285715 0.0035714285714285713 0.01619047619047619
1 0.4010714285714286 0.2180952380952381 0.0035714285714285713 0.009523809523809525
6 0.7367857142857143 0.9585714285714285 0.039285714285714285 0.08095238095238096
6 0.7317857142857143 0.8376190476190476 0.03785714285714286 0.11142857142857143
6 0.7185714285714285 0.5504761904761905 0.03428571428571429 0.08952380952380952
6 0.7242857142857143 0.67 0.03857142857142857 0.10571428571428572
6 0.6107142857142858 0.40476190476190477 0.03 0.08
6 0.7096428571428571 0.30714285714285716 0.02642857142857143 0.06190476190476191
6 0.7117857142857142 0.4095238095238095 0.029285714285714286 0.07428571428571429
6 0.7028571428571428 0.22523809523809524 0.025714285714285714 0.05238095238095238
6 0.7003571428571429 0.16666666666666666 0.023571428571428573 0.05333333333333334
6 0.6567857142857143 0.15476190476190477 0.02214285714285714 0.05047619047619047
6 0.6932142857142857 0.021904761904761906 0.020714285714285713 0.0419047619047619
7 0.78 0.013333333333333334 0.041428571428571426 0.02666666666666667
7 0.7842857142857143 0.009523809523809525 0.03857142857142857 0.01904761904761905
7 0.7832142857142858 0.04619047619047619 0.047857142857142855 0.025714285714285714
7 0.7942857142857143 0.0880952380952381 0.045714285714285714 0.040952380952380955
6 0.7921428571428571 0.06619047619047619 0.04428571428571428 0.029523809523809525
6 0.7867857142857143 0.15476190476190477 0.04928571428571429 0.037142857142857144
6 0.7889285714285714 0.17904761904761904 0.047857142857142855 0.03428571428571429
6 0.7885714285714286 0.20095238095238097 0.05 0.03238095238095238
6 0.7925 0.2338095238095238 0.04928571428571429 0.035238095238095235
7 0.8 0.26285714285714284 0.06142857142857143 0.049523809523809526
6 0.9035714285714286 0.07666666666666666 0.027142857142857142 0.04476190476190476
6 0.8835714285714286 0.025714285714285714 0.024285714285714285 0.04380952380952381
1 0.8428571428571429 0.08952380952380952 0.007142857142857143 0.022857142857142857
1 0.8503571428571428 0.08571428571428572 0.005 0.01904761904761905
0 0.8792857142857143 0.16380952380952382 0.04285714285714286 0.047619047619047616
6 0.7989285714285714 0.2938095238095238 0.045 0.035238095238095235
6 0.8121428571428572 0.32761904761904764 0.06285714285714286 0.03619047619047619
6 0.825 0.3661904761904762 0.05142857142857143 0.04666666666666667
6 0.8192857142857143 0.4166666666666667 0.06714285714285714 0.054285714285714284
6 0.8235714285714286 0.45476190476190476 0.06571428571428571 0.05047619047619047
7 0.8203571428571429 0.49333333333333335 0.06357142857142857 0.05142857142857143
7 0.8257142857142857 0.549047619047619 0.07285714285714286 0.05238095238095238
6 0.84 0.6166666666666667 0.08142857142857143 0.07142857142857142
6 0.8482142857142857 0.6780952380952381 0.08357142857142857 0.07809523809523809
6 0.8525 0.7476190476190476 0.08928571428571429 0.06095238095238095
6 0.8703571428571428 0.83 0.10071428571428571 0.09238095238095238
6 0.8889285714285714 0.9395238095238095 0.10785714285714286 0.09047619047619047
0 0.8796428571428572 0.23714285714285716 0.017857142857142856 0.0380952380952381