6 0.41535714285714287 0.7552380952380953 0.13785714285714284 0.10666666666666667
7 0.3757142857142857 0.8528571428571429 0.14285714285714285 0.13047619047619047
7 0.3275 0.9371428571428572 0.1492857142857143 0.12571428571428572
3 0.5128571428571429 0.4928571428571429 0.06428571428571428 0.07904761904761905
7 0.5535714285714286 0.4723809523809524 0.07571428571428572 0.07238095238095238
6 0.5585714285714286 0.4419047619047619 0.09 0.06476190476190476
6 0.575 0.4095238095238095 0.07857142857142857 0.05333333333333334
6 0.5882142857142857 0.38333333333333336 0.08214285714285714 0.05047619047619047
7 0.5964285714285714 0.35333333333333333 0.07 0.05142857142857143
7 0.6032142857142857 0.3314285714285714 0.06928571428571428 0.045714285714285714
6 0.6167857142857143 0.3142857142857143 0.07214285714285715 0.047619047619047616
6 0.6235714285714286 0.2938095238095238 0.07142857142857142 0.039047619047619046
6 0.6346428571428572 0.27476190476190476 0.065 0.03333333333333333
6 0.6407142857142857 0.25666666666666665 0.06285714285714286 0.04285714285714286
7 0.6482142857142857 0.23238095238095238 0.06642857142857143 0.047619047619047616
6 0.6614285714285715 0.21142857142857144 0.05 0.02666666666666667
6 0.6639285714285714 0.19476190476190477 0.05071428571428571 0.025714285714285714
6 0.6721428571428572 0.18904761904761905 0.047142857142857146 0.029523809523809525
6 0.6732142857142858 0.17714285714285713 0.052142857142857144 0.02666666666666667
6 0.6789285714285714 0.16380952380952382 0.052142857142857144 0.02666666666666667
6 0.6803571428571429 0.1538095238095238 0.04642857142857143 0.02761904761904762
6 0.6853571428571429 0.14666666666666667 0.047857142857142855 0.030476190476190476
6 0.6914285714285714 0.14142857142857143 0.04857142857142857 0.035238095238095235
6 0.6989285714285715 0.12047619047619047 0.04928571428571429 0.025714285714285714
6 0.7014285714285714 0.10666666666666667 0.045714285714285714 0.022857142857142857
6 0.6764285714285714 0.09142857142857143 0.017142857142857144 0.02666666666666667
6 0.6571428571428571 0.08761904761904762 0.017142857142857144 0.02666666666666667
6 0.6257142857142857 0.10666666666666667 0.022857142857142857 0.03238095238095238
6 0.6364285714285715 0.09619047619047619 0.02142857142857143 0.022857142857142857
6 0.635 0.08047619047619048 0.02 0.021904761904761906
1 0.3557142857142857 0.6628571428571428 0.017142857142857144 0.047619047619047616
1 0.4417857142857143 0.6538095238095238 0.010714285714285714 0.05047619047619047
1 0.42928571428571427 0.6080952380952381 0.015714285714285715 0.04476190476190476
2 0.2382142857142857 0.6733333333333333 0.04357142857142857 0.05904761904761905
1 0.5153571428571428 0.31666666666666665 0.010714285714285714 0.03142857142857143
6 0.5678571428571428 0.259047619047619 0.037142857142857144 0.04380952380952381
5 0.4967857142857143 0.30952380952380953 0.016428571428571428 0.02095238095238095
2 0.48142857142857143 0.34285714285714286 0.011428571428571429 0.030476190476190476
2 0.4878571428571429 0.3357142857142857 0.008571428571428572 0.03142857142857143
9 0.6807142857142857 0.4276190476190476 0.017142857142857144 0.04
1 0.63 0.18619047619047618 0.007142857142857143 0.02761904761904762
4 0.6025 0.21714285714285714 0.009285714285714286 0.01904761904761905
5 0.6010714285714286 0.22904761904761906 0.007857142857142858 0.02761904761904762
5 0.5957142857142858 0.17904761904761904 0.015714285714285715 0.022857142857142857
2 0.5578571428571428 0.21142857142857144 0.01 0.02095238095238095
0 0.6025 0.1457142857142857 0.029285714285714286 0.030476190476190476
1 0.7089285714285715 0.08476190476190476 0.007857142857142858 0.01904761904761905
1 0.7160714285714286 0.07333333333333333 0.0064285714285714285 0.01904761904761905
0 0.8078571428571428 0.12047619047619047 0.007142857142857143 0.02
6 0.7903571428571429 0.15285714285714286 0.030714285714285715 0.02761904761904762
7 0.7071428571428572 0.03190476190476191 0.027142857142857142 0.02
7 0.8967857142857143 0.1976190476190476 0.02642857142857143 0.03333333333333333
7 0.9232142857142858 0.15714285714285714 0.025 0.02857142857142857
0 0.9128571428571428 0.09952380952380953 0.04 0.02
6 0.9425 0.22904761904761906 0.03214285714285714 0.039047619047619046
7 0.9789285714285715 0.18142857142857144 0.03357142857142857 0.039047619047619046
4 0.9864285714285714 0.2538095238095238 0.011428571428571429 0.014285714285714285
2 0.9817857142857143 0.26285714285714284 0.010714285714285714 0.024761904761904763
2 0.9028571428571428 0.1261904761904762 0.017142857142857144 0.012380952380952381
4 0.9025 0.12142857142857143 0.005 0.012380952380952381
1 0.9521428571428572 0.1219047619047619 0.01 0.02095238095238095
0 0.985 0.1319047619047619 0.03 0.05047619047619047
1 0.9503571428571429 0.09238095238095238 0.007857142857142858 0.02095238095238095
1 0.9385714285714286 0.07523809523809524 0.005714285714285714 0.017142857142857144
1 0.9339285714285714 0.06476190476190476 0.0064285714285714285 0.015238095238095238
1 0.9471428571428572 0.06666666666666667 0.007142857142857143 0.01904761904761905
1 0.9542857142857143 0.06619047619047619 0.007142857142857143 0.01619047619047619
1 0.9757142857142858 0.07428571428571429 0.007142857142857143 0.01904761904761905
1 0.9639285714285715 0.09285714285714286 0.0064285714285714285 0.018095238095238095
1 0.9607142857142857 0.08523809523809524 0.005714285714285714 0.01619047619047619
1 0.9725 0.09571428571428571 0.0064285714285714285 0.02
1 0.9846428571428572 0.11619047619047619 0.009285714285714286 0.01904761904761905
0 0.8310714285714286 0.05857142857142857 0.016428571428571428 0.02
0 0.7460714285714286 0.035238095238095235 0.0035714285714285713 0.015238095238095238
6 0.7792857142857142 0.029523809523809525 0.014285714285714285 0.022857142857142857
6 0.7982142857142858 0.035238095238095235 0.010714285714285714 0.02095238095238095
6 0.82 0.034761904761904765 0.012857142857142857 0.025714285714285714
6 0.8425 0.04285714285714286 0.016428571428571428 0.01904761904761905
7 0.8235714285714286 0.017619047619047618 0.011428571428571429 0.021904761904761906
6 0.7346428571428572 0.025714285714285714 0.012142857142857143 0.017142857142857144
1 0.7328571428571429 0.029523809523809525 0.004285714285714286 0.013333333333333334
1 0.7307142857142858 0.017142857142857144 0.004285714285714286 0.011428571428571429
0 0.6942857142857143 0.05238095238095238 0.015714285714285715 0.01904761904761905
6 0.8375 0.007619047619047619 0.010714285714285714 0.015238095238095238
1 0.9025 0.005714285714285714 0.005 0.011428571428571429
7 0.9175 0.02095238095238095 0.027857142857142858 0.017142857142857144