0 0.53925 0.483 0.0215 0.026
0 0.52225 0.48633333333333334 0.0115 0.019333333333333334
0 0.4765 0.518 0.009 0.006666666666666667
6 0.156 0.8446666666666667 0.056 0.058666666666666666
2 0.2315 0.829 0.016 0.028666666666666667
2 0.33125 0.7096666666666667 0.0085 0.015333333333333332
2 0.38475 0.6596666666666666 0.0065 0.012666666666666666
2 0.37675 0.6596666666666666 0.0065 0.01
2 0.369 0.6576666666666666 0.006 0.011333333333333334
2 0.29575 0.699 0.0055 0.016666666666666666
2 0.37175 0.6306666666666667 0.0105 0.010666666666666666
6 0.32525 0.6793333333333333 0.0345 0.024
6 0.3485 0.6526666666666666 0.025 0.021333333333333333
6 0.3845 0.6146666666666667 0.015 0.016
6 0.3915 0.6046666666666667 0.013 0.013333333333333334
6 0.41025 0.5973333333333334 0.0195 0.013333333333333334
4 0.23175 0.8213333333333334 0.0115 0.02266666666666667
4 0.331 0.7033333333333334 0.006 0.017333333333333333
4 0.369 0.6536666666666666 0.005 0.012666666666666666
4 0.3765 0.6543333333333333 0.004 0.012666666666666666
4 0.38425 0.6546666666666666 0.0055 0.013333333333333334
6 0.4335 0.5666666666666667 0.014 0.010666666666666666
6 0.44225 0.5523333333333333 0.0105 0.01
6 0.45125 0.543 0.0095 0.007333333333333333
0 0.525 0.506 0.015 0.008
7 0.534 0.5153333333333333 0.004 0.008
6 0.51375 0.5426666666666666 0.0075 0.009333333333333334
11 0.4965 0.516 0.007 0.014666666666666666
8 0.5415 0.539 0.012 0.015333333333333332
8 0.5475 0.542 0.009 0.016
6 0.5465 0.553 0.008 0.007333333333333333
8 0.5435 0.6486666666666666 0.024 0.06666666666666667
8 0.54625 0.6026666666666667 0.0175 0.04
8 0.54725 0.5776666666666667 0.0165 0.03
7 0.54925 0.5586666666666666 0.0085 0.006666666666666667
7 0.5545 0.6876666666666666 0.015 0.028666666666666667
8 0.54675 0.7836666666666666 0.0435 0.15
1 0.617 0.673 0.006 0.018
4 0.445 0.5746666666666667 0.004 0.010666666666666666
6 0.46175 0.534 0.0085 0.008
6 0.466 0.531 0.006 0.007333333333333333
6 0.47175 0.527 0.0105 0.007333333333333333
6 0.47725 0.525 0.0095 0.006