6 0.90225 0.49366666666666664 0.0355 0.04466666666666667
6 0.69425 0.5163333333333333 0.0315 0.054
6 0.45775 0.9523333333333334 0.0775 0.09533333333333334
7 0.521 0.789 0.068 0.13666666666666666
6 0.23575 0.654 0.0595 0.08
7 0.27325 0.6686666666666666 0.0615 0.08266666666666667
6 0.3165 0.6866666666666666 0.06 0.09066666666666667
6 0.362 0.7143333333333334 0.057 0.086
6 0.41675 0.7203333333333334 0.0545 0.078
6 0.4945 0.5553333333333333 0.036 0.068
6 0.4735 0.496 0.06 0.037333333333333336
1 0.521 0.481 0.008 0.027333333333333334
7 0.48625 0.463 0.0755 0.05533333333333333
7 0.61 0.547 0.044 0.094
5 0.64775 0.514 0.0075 0.024
4 0.649 0.5063333333333333 0.01 0.026
7 0.64075 0.448 0.0285 0.056
6 0.5425 0.4036666666666667 0.056 0.03266666666666666
6 0.56025 0.38566666666666666 0.0465 0.028666666666666667
7 0.659 0.369 0.023 0.042
9 0.691 0.34833333333333333 0.013 0.016666666666666666
4 0.68925 0.3446666666666667 0.0075 0.018666666666666668
9 0.7085 0.31866666666666665 0.013 0.024
4 0.70775 0.31766666666666665 0.0075 0.016666666666666666
11 0.6755 0.31333333333333335 0.027 0.048
6 0.51925 0.321 0.0215 0.028666666666666667
6 0.51075 0.30033333333333334 0.0205 0.028666666666666667
6 0.59475 0.33466666666666667 0.0215 0.028
6 0.58 0.31266666666666665 0.022 0.028
6 0.55875 0.30466666666666664 0.0215 0.030666666666666665
6 0.5515 0.3273333333333333 0.023 0.029333333333333333
6 0.53825 0.2633333333333333 0.0165 0.025333333333333333
6 0.55825 0.26566666666666666 0.0145 0.022
6 0.59575 0.2703333333333333 0.0155 0.020666666666666667
6 0.59 0.252 0.014 0.02
6 0.59575 0.22966666666666666 0.0285 0.015333333333333332
6 0.6015 0.218 0.027 0.013333333333333334
6 0.62875 0.25366666666666665 0.0145 0.022
1 0.616 0.107 0.002 0.01
1 0.6205 0.097 0.003 0.01
6 0.57 0.14233333333333334 0.012 0.012666666666666666
6 0.5915 0.14366666666666666 0.01 0.011333333333333334
6 0.604 0.14366666666666666 0.009 0.01
6 0.6725 0.060333333333333336 0.007 0.007333333333333333
6 0.63925 0.122 0.0155 0.009333333333333334
6 0.638 0.11266666666666666 0.012 0.008
6 0.63475 0.11033333333333334 0.0135 0.007333333333333333
6 0.63075 0.10433333333333333 0.0145 0.008666666666666666
6 0.636 0.107 0.015 0.01
6 0.656 0.06266666666666666 0.011 0.008
0 0.66375 0.066 0.0015 0.006666666666666667
1 0.03075 0.498 0.0105 0.030666666666666665
7 0.098 0.43566666666666665 0.035 0.04733333333333333
1 0.02675 0.421 0.0095 0.026
1 0.02175 0.42 0.0095 0.028
6 0.033 0.33 0.031 0.028
6 0.0455 0.2886666666666667 0.042 0.02266666666666667
1 0.065 0.2826666666666667 0.006 0.02
1 0.075 0.27666666666666667 0.008 0.021333333333333333
1 0.08225 0.2786666666666667 0.0065 0.02
1 0.0705 0.27466666666666667 0.006 0.02