0 0.46 0.1757142857142857 0.037142857142857144 0.06
7 0.535 0.22095238095238096 0.005714285714285714 0.007619047619047619
6 0.5521428571428572 0.25285714285714284 0.007142857142857143 0.008571428571428572
7 0.5857142857142857 0.21857142857142858 0.005714285714285714 0.008571428571428572
0 0.75 0.4185714285714286 0.05285714285714286 0.03333333333333333
6 0.6317857142857143 0.5028571428571429 0.016428571428571428 0.024761904761904763
8 0.6057142857142858 0.4185714285714286 0.011428571428571429 0.02
2 0.6589285714285714 0.53 0.007857142857142858 0.018095238095238095
2 0.6085714285714285 0.38095238095238093 0.005714285714285714 0.013333333333333334
7 0.5014285714285714 0.5428571428571428 0.014285714285714285 0.03619047619047619
7 0.4975 0.6333333333333333 0.015 0.047619047619047616
6 0.5032142857142857 0.7690476190476191 0.019285714285714285 0.05047619047619047
6 0.37464285714285717 0.46904761904761905 0.027857142857142858 0.01619047619047619
8 0.36357142857142855 0.5095238095238095 0.04285714285714286 0.02857142857142857
8 0.32107142857142856 0.530952380952381 0.07642857142857143 0.054285714285714284
11 0.3585714285714286 0.5290476190476191 0.03 0.03333333333333333
6 0.3432142857142857 0.570952380952381 0.03357142857142857 0.021904761904761906
8 0.2914285714285714 0.55 0.03 0.025714285714285714
10 0.23285714285714285 0.5880952380952381 0.02142857142857143 0.02
2 0.25857142857142856 0.5504761904761905 0.012857142857142857 0.009523809523809525
2 0.25642857142857145 0.5766666666666667 0.014285714285714285 0.012380952380952381
0 0.3535714285714286 0.69 0.037142857142857144 0.04666666666666667
0 0.32571428571428573 0.8452380952380952 0.03571428571428571 0.06761904761904762
6 0.38107142857142856 0.41523809523809524 0.025 0.013333333333333334
6 0.4967857142857143 0.3380952380952381 0.009285714285714286 0.015238095238095238
0 0.46035714285714285 0.4480952380952381 0.017857142857142856 0.029523809523809525
2 0.4575 0.5652380952380952 0.009285714285714286 0.02
6 0.8914285714285715 0.3504761904761905 0.02 0.011428571428571429
6 0.8867857142857143 0.3438095238095238 0.02214285714285714 0.011428571428571429
6 0.8278571428571428 0.3271428571428571 0.014285714285714285 0.014285714285714285
6 0.8514285714285714 0.3295238095238095 0.014285714285714285 0.011428571428571429
6 0.8617857142857143 0.32904761904761903 0.012142857142857143 0.010476190476190476
6 0.8307142857142857 0.3538095238095238 0.015714285714285715 0.014285714285714285
6 0.7803571428571429 0.33476190476190476 0.015 0.010476190476190476
6 0.735 0.3352380952380952 0.012857142857142857 0.007619047619047619
6 0.7107142857142857 0.33476190476190476 0.012857142857142857 0.010476190476190476
0 0.5835714285714285 0.2776190476190476 0.014285714285714285 0.023809523809523808