2 0.2125 0.310952380952381 0.013571428571428571 0.010476190476190476
2 0.28035714285714286 0.30333333333333334 0.012142857142857143 0.008571428571428572
11 0.2667857142857143 0.36428571428571427 0.08214285714285714 0.04285714285714286
8 0.06142857142857143 0.3861904761904762 0.09714285714285714 0.04857142857142857
8 0.16607142857142856 0.3742857142857143 0.10642857142857143 0.047619047619047616
8 0.03785714285714286 0.3233333333333333 0.05 0.03142857142857143
8 0.6171428571428571 0.2785714285714286 0.055714285714285716 0.039047619047619046
8 0.9932142857142857 0.21761904761904763 0.013571428571428571 0.03142857142857143
8 0.5428571428571428 0.8871428571428571 0.08142857142857143 0.2257142857142857
8 0.5453571428571429 0.6485714285714286 0.04928571428571429 0.1180952380952381
8 0.49357142857142855 0.5861904761904762 0.03428571428571429 0.07333333333333333
8 0.47535714285714287 0.42333333333333334 0.025 0.05047619047619047
8 0.5082142857142857 0.4319047619047619 0.025 0.05047619047619047
6 0.585 0.8942857142857142 0.04 0.09142857142857143
6 0.5617857142857143 0.7776190476190477 0.03214285714285714 0.07142857142857142
6 0.5089285714285714 0.670952380952381 0.02642857142857143 0.058095238095238096
6 0.7135714285714285 0.8066666666666666 0.06714285714285714 0.049523809523809526
6 0.48464285714285715 0.5304761904761904 0.020714285714285713 0.03428571428571429
6 0.5542857142857143 0.38666666666666666 0.025714285714285714 0.03238095238095238
6 0.4714285714285714 0.33904761904761904 0.018571428571428572 0.024761904761904763
6 0.27 0.4185714285714286 0.03571428571428571 0.023809523809523808
6 0.3067857142857143 0.4014285714285714 0.03642857142857143 0.021904761904761906
6 0.2057142857142857 0.39666666666666667 0.037142857142857144 0.01619047619047619
6 0.25142857142857145 0.40523809523809523 0.03857142857142857 0.02
6 0.29428571428571426 0.3861904761904762 0.041428571428571426 0.021904761904761906
6 0.6135714285714285 0.23857142857142857 0.01 0.02
6 0.6010714285714286 0.2180952380952381 0.02214285714285714 0.011428571428571429
6 0.5864285714285714 0.23952380952380953 0.011428571428571429 0.02
6 0.5864285714285714 0.27904761904761904 0.022857142857142857 0.02095238095238095
8 0.5710714285714286 0.24523809523809523 0.015 0.021904761904761906
6 0.9282142857142858 0.2195238095238095 0.017857142857142856 0.018095238095238095
7 0.9475 0.2276190476190476 0.025 0.024761904761904763
7 0.6725 0.2866666666666667 0.03214285714285714 0.017142857142857144
7 0.5432142857142858 0.2423809523809524 0.013571428571428571 0.021904761904761906
7 0.5585714285714286 0.24285714285714285 0.012857142857142857 0.01904761904761905
6 0.6021428571428571 0.24095238095238095 0.015714285714285715 0.01904761904761905
6 0.4810714285714286 0.16428571428571428 0.010714285714285714 0.01619047619047619
6 0.46464285714285714 0.1 0.009285714285714286 0.011428571428571429
6 0.4735714285714286 0.08714285714285715 0.007142857142857143 0.010476190476190476
7 0.4692857142857143 0.7433333333333333 0.025714285714285714 0.07714285714285714
2 0.4575 0.5076190476190476 0.017857142857142856 0.015238095238095238
2 0.31035714285714283 0.47333333333333333 0.0064285714285714285 0.015238095238095238
2 0.7671428571428571 0.35904761904761906 0.011428571428571429 0.009523809523809525
2 0.6982142857142857 0.2695238095238095 0.010714285714285714 0.009523809523809525
2 0.45 0.29285714285714287 0.012857142857142857 0.010476190476190476
2 0.49964285714285717 0.24666666666666667 0.0064285714285714285 0.011428571428571429
1 0.4575 0.28 0.0035714285714285713 0.013333333333333334
1 0.4546428571428571 0.28285714285714286 0.0035714285714285713 0.009523809523809525
1 0.5092857142857142 0.2761904761904762 0.004285714285714286 0.013333333333333334
1 0.5217857142857143 0.27476190476190476 0.0035714285714285713 0.012380952380952381
1 0.4682142857142857 0.2704761904761905 0.0064285714285714285 0.015238095238095238
1 0.5271428571428571 0.24285714285714285 0.004285714285714286 0.013333333333333334
1 0.5810714285714286 0.22523809523809524 0.0035714285714285713 0.006666666666666667
1 0.42464285714285716 0.26 0.005 0.017142857142857144
1 0.47285714285714286 0.14238095238095239 0.002857142857142857 0.010476190476190476
1 0.4714285714285714 0.16047619047619047 0.004285714285714286 0.010476190476190476
1 0.4789285714285714 0.14285714285714285 0.0035714285714285713 0.011428571428571429
1 0.47535714285714287 0.1438095238095238 0.0035714285714285713 0.007619047619047619
4 0.4517857142857143 0.28904761904761905 0.0035714285714285713 0.010476190476190476
4 0.21107142857142858 0.3061904761904762 0.0035714285714285713 0.008571428571428572
4 0.21357142857142858 0.3076190476190476 0.004285714285714286 0.013333333333333334
4 0.2817857142857143 0.2995238095238095 0.0035714285714285713 0.010476190476190476
4 0.3107142857142857 0.4685714285714286 0.005714285714285714 0.017142857142857144
4 0.45714285714285713 0.5052380952380953 0.01 0.01619047619047619
4 0.7675 0.3538095238095238 0.005 0.012380952380952381
4 0.49964285714285717 0.2438095238095238 0.005 0.007619047619047619