6 0.3985714285714286 0.9682741116751269 0.045714285714285714 0.06091370558375635
7 0.46 0.9352791878172588 0.03857142857142857 0.11421319796954314
4 0.9425 0.9682741116751269 0.025 0.02284263959390863
1 0.10428571428571429 0.030456852791878174 0.008571428571428572 0.030456852791878174
7 0.05821428571428571 0.0266497461928934 0.030714285714285715 0.0532994923857868
7 0.04928571428571429 0.07487309644670051 0.03571428571428571 0.09644670050761421
1 0.045 0.157994923857868 0.01 0.031725888324873094
7 0.1725 0.1199238578680203 0.05785714285714286 0.05456852791878172
1 0.12214285714285714 0.005710659898477157 0.008571428571428572 0.011421319796954314
6 0.13392857142857142 0.025380710659898477 0.023571428571428573 0.050761421319796954
6 0.2125 0.02601522842639594 0.023571428571428573 0.05203045685279188
6 0.2625 0.020939086294416244 0.020714285714285713 0.04187817258883249
7 0.2892857142857143 0.01903553299492386 0.018571428571428572 0.03807106598984772
7 0.18392857142857144 0.02982233502538071 0.02642857142857143 0.05964467005076142
1 0.06321428571428571 0.37119289340101524 0.013571428571428571 0.031725888324873094
7 0.030357142857142857 0.45114213197969544 0.060714285714285714 0.05710659898477157
6 0.11 0.43718274111675126 0.07285714285714286 0.05710659898477157
7 0.18642857142857142 0.41814720812182743 0.07571428571428572 0.06218274111675127
6 0.30142857142857143 0.501269035532995 0.07571428571428572 0.06345177664974619
1 0.2067857142857143 0.6624365482233503 0.009285714285714286 0.030456852791878174
1 0.29035714285714287 0.35786802030456855 0.012142857142857143 0.030456852791878174
2 0.2392857142857143 0.4156091370558376 0.011428571428571429 0.05456852791878172
2 0.25821428571428573 0.4086294416243655 0.012142857142857143 0.050761421319796954
2 0.2664285714285714 0.41116751269035534 0.011428571428571429 0.04314720812182741
2 0.2767857142857143 0.4003807106598985 0.013571428571428571 0.05710659898477157
2 0.2882142857142857 0.39847715736040606 0.010714285714285714 0.0583756345177665
2 0.29928571428571427 0.4035532994923858 0.01 0.03807106598984772
2 0.31035714285714283 0.4010152284263959 0.009285714285714286 0.03553299492385787
2 0.32071428571428573 0.3946700507614213 0.012857142857142857 0.050761421319796954
2 0.33035714285714285 0.39276649746192893 0.009285714285714286 0.05710659898477157
2 0.34214285714285714 0.39720812182741116 0.01 0.0532994923857868
2 0.3525 0.3953045685279188 0.013571428571428571 0.05203045685279188
2 0.3607142857142857 0.3889593908629442 0.011428571428571429 0.046954314720812185
2 0.3703571428571429 0.3883248730964467 0.010714285714285714 0.0532994923857868
2 0.3821428571428571 0.39086294416243655 0.012857142857142857 0.050761421319796954
2 0.39071428571428574 0.383248730964467 0.012857142857142857 0.05583756345177665
2 0.4010714285714286 0.3895939086294416 0.010714285714285714 0.048223350253807105
2 0.4232142857142857 0.3813451776649746 0.012142857142857143 0.05710659898477157
2 0.4328571428571429 0.37753807106598986 0.007142857142857143 0.05203045685279188
2 0.44535714285714284 0.37753807106598986 0.013571428571428571 0.05203045685279188
1 0.4392857142857143 0.616751269035533 0.011428571428571429 0.030456852791878174
1 0.4275 0.6789340101522843 0.009285714285714286 0.025380710659898477
1 0.49714285714285716 0.5736040609137056 0.008571428571428572 0.025380710659898477
1 0.5164285714285715 0.5958121827411168 0.008571428571428572 0.02918781725888325
1 0.6257142857142857 0.5818527918781726 0.012857142857142857 0.0266497461928934
1 0.7332142857142857 0.5272842639593909 0.010714285714285714 0.031725888324873094
1 0.8485714285714285 0.5133248730964467 0.014285714285714285 0.0266497461928934
1 0.8825 0.5285532994923858 0.010714285714285714 0.024111675126903553
1 0.9485714285714286 0.5209390862944162 0.014285714285714285 0.031725888324873094
11 0.9667857142857142 0.30076142131979694 0.06642857142857143 0.06598984771573604
1 0.7764285714285715 0.28616751269035534 0.012857142857142857 0.02918781725888325
1 0.7735714285714286 0.27284263959390864 0.011428571428571429 0.030456852791878174
11 0.8432142857142857 0.31916243654822335 0.09928571428571428 0.07233502538071065
11 0.6825 0.33756345177664976 0.1392857142857143 0.09898477157360407
1 0.7417857142857143 0.18908629441624367 0.0064285714285714285 0.025380710659898477
1 0.4875 0.11421319796954314 0.005 0.027918781725888325
1 0.5064285714285715 0.13071065989847716 0.005714285714285714 0.025380710659898477
1 0.48857142857142855 0.10913705583756345 0.005714285714285714 0.025380710659898477
1 0.49392857142857144 0.10596446700507614 0.007857142857142858 0.0266497461928934
1 0.49892857142857144 0.108502538071066 0.005 0.01649746192893401
1 0.4957142857142857 0.07233502538071065 0.004285714285714286 0.02284263959390863
1 0.4992857142857143 0.041243654822335024 0.004285714285714286 0.021573604060913704
1 0.5021428571428571 0.04314720812182741 0.004285714285714286 0.02284263959390863
1 0.5064285714285715 0.05456852791878172 0.007142857142857143 0.025380710659898477
1 0.5146428571428572 0.05520304568527919 0.005 0.0266497461928934
1 0.5207142857142857 0.050761421319796954 0.004285714285714286 0.02284263959390863
1 0.5196428571428572 0.00951776649746193 0.0035714285714285713 0.01903553299492386
1 0.5217857142857143 0.29885786802030456 0.0064285714285714285 0.031725888324873094
11 0.5239285714285714 0.36484771573604063 0.10214285714285715 0.0799492385786802
2 0.8632142857142857 0.9467005076142132 0.012142857142857143 0.04568527918781726
2 0.7910714285714285 0.8711928934010152 0.010714285714285714 0.04187817258883249
2 0.8025 0.8661167512690355 0.010714285714285714 0.044416243654822336
5 0.8217857142857142 0.8857868020304569 0.009285714285714286 0.0532994923857868
1 0.7439285714285714 0.9822335025380711 0.012142857142857143 0.03299492385786802
1 0.8578571428571429 0.7214467005076142 0.011428571428571429 0.031725888324873094
1 0.8003571428571429 0.7595177664974619 0.010714285714285714 0.021573604060913704
1 0.7328571428571429 0.866751269035533 0.01 0.025380710659898477
1 0.7392857142857143 0.8648477157360406 0.007142857142857143 0.021573604060913704
1 0.6864285714285714 0.8083756345177665 0.007142857142857143 0.025380710659898477
1 0.6646428571428571 0.7836294416243654 0.009285714285714286 0.024111675126903553
1 0.6635714285714286 0.7557106598984772 0.01 0.024111675126903553
2 0.7578571428571429 0.6186548223350253 0.012857142857142857 0.046954314720812185
1 0.5296428571428572 0.7836294416243654 0.007857142857142858 0.021573604060913704
1 0.5467857142857143 0.7468274111675127 0.009285714285714286 0.0266497461928934
2 0.7692857142857142 0.8515228426395939 0.011428571428571429 0.06091370558375635
2 0.78 0.8565989847715736 0.011428571428571429 0.0583756345177665