6 0.022857142857142857 0.043333333333333335 0.045714285714285714 0.04285714285714286
6 0.015357142857142857 0.19142857142857142 0.030714285714285715 0.04380952380952381
7 0.11428571428571428 0.04238095238095238 0.07142857142857142 0.05047619047619047
6 0.09464285714285714 0.12571428571428572 0.07357142857142857 0.045714285714285714
6 0.10428571428571429 0.1957142857142857 0.07857142857142857 0.04857142857142857
6 0.1025 0.24 0.07928571428571428 0.04
6 0.21892857142857142 0.19904761904761906 0.075 0.045714285714285714
6 0.26142857142857145 0.051904761904761905 0.07142857142857142 0.04476190476190476
7 0.36214285714285716 0.19904761904761906 0.05857142857142857 0.04380952380952381
9 0.37535714285714283 0.24714285714285714 0.030714285714285715 0.014285714285714285
4 0.375 0.2423809523809524 0.012857142857142857 0.01619047619047619
8 0.3960714285714286 0.04 0.08785714285714286 0.0761904761904762
8 0.5357142857142857 0.11666666666666667 0.09571428571428571 0.07333333333333333
2 0.5089285714285714 0.08238095238095237 0.025 0.02
4 0.5103571428571428 0.07809523809523809 0.009285714285714286 0.017142857142857144
4 0.5167857142857143 0.07904761904761905 0.007857142857142858 0.022857142857142857
9 0.4492857142857143 0.3057142857142857 0.04857142857142857 0.03619047619047619
9 0.5071428571428571 0.32095238095238093 0.03857142857142857 0.0419047619047619
9 0.5546428571428571 0.2638095238095238 0.047857142857142855 0.0419047619047619
1 0.45714285714285713 0.969047619047619 0.011428571428571429 0.023809523809523808
1 0.5121428571428571 0.95 0.008571428571428572 0.006666666666666667
1 0.5135714285714286 0.9585714285714285 0.005714285714285714 0.010476190476190476
1 0.5489285714285714 0.9638095238095238 0.0064285714285714285 0.017142857142857144
1 0.48214285714285715 0.849047619047619 0.01 0.018095238095238095
1 0.5278571428571428 0.9519047619047619 0.008571428571428572 0.01619047619047619
1 0.5382142857142858 0.9528571428571428 0.007857142857142858 0.012380952380952381
4 0.5396428571428571 0.9519047619047619 0.009285714285714286 0.006666666666666667
3 0.5225 0.8819047619047619 0.012142857142857143 0.024761904761904763
3 0.5364285714285715 0.8814285714285715 0.017142857142857144 0.018095238095238095
3 0.4857142857142857 0.7404761904761905 0.011428571428571429 0.025714285714285714
3 0.5046428571428572 0.7028571428571428 0.013571428571428571 0.024761904761904763
3 0.47 0.6242857142857143 0.012857142857142857 0.029523809523809525
1 0.45821428571428574 0.6180952380952381 0.009285714285714286 0.015238095238095238
1 0.5132142857142857 0.6304761904761905 0.010714285714285714 0.011428571428571429
1 0.5167857142857143 0.5757142857142857 0.009285714285714286 0.018095238095238095
1 0.5471428571428572 0.6095238095238096 0.014285714285714285 0.011428571428571429
1 0.5575 0.6261904761904762 0.009285714285714286 0.012380952380952381
1 0.5685714285714286 0.6666666666666666 0.007142857142857143 0.013333333333333334
1 0.6085714285714285 0.6980952380952381 0.011428571428571429 0.015238095238095238
1 0.5728571428571428 0.5876190476190476 0.01 0.015238095238095238
5 0.6021428571428571 0.5761904761904761 0.01 0.04
5 0.6389285714285714 0.7133333333333334 0.02214285714285714 0.03238095238095238
6 0.6517857142857143 0.579047619047619 0.03642857142857143 0.10095238095238095
7 0.6635714285714286 0.9585714285714285 0.03571428571428571 0.08095238095238096
7 0.64 0.44904761904761903 0.03428571428571429 0.08666666666666667
6 0.7757142857142857 0.2957142857142857 0.06571428571428571 0.06380952380952382
6 0.8521428571428571 0.2438095238095238 0.06714285714285714 0.04380952380952381
6 0.9203571428571429 0.05761904761904762 0.07071428571428572 0.040952380952380955
8 0.8421428571428572 0.09904761904761905 0.09857142857142857 0.06476190476190476
5 0.6025 0.33714285714285713 0.020714285714285713 0.024761904761904763
4 0.6017857142857143 0.3304761904761905 0.010714285714285714 0.01904761904761905
4 0.5614285714285714 0.490952380952381 0.011428571428571429 0.01619047619047619
4 0.5035714285714286 0.45666666666666667 0.011428571428571429 0.021904761904761906
1 0.6085714285714285 0.40714285714285714 0.008571428571428572 0.025714285714285714
1 0.5917857142857142 0.5119047619047619 0.009285714285714286 0.02
2 0.5375 0.4666666666666667 0.016428571428571428 0.0419047619047619
2 0.4882142857142857 0.47285714285714286 0.007857142857142858 0.039047619047619046
2 0.4714285714285714 0.4638095238095238 0.012857142857142857 0.0380952380952381
2 0.4425 0.4747619047619048 0.02642857142857143 0.023809523809523808
1 0.49357142857142855 0.5042857142857143 0.008571428571428572 0.012380952380952381
3 0.4975 0.5090476190476191 0.010714285714285714 0.02
1 0.7692857142857142 0.5795238095238096 0.012857142857142857 0.018095238095238095
1 0.7885714285714286 0.5666666666666667 0.018571428571428572 0.02095238095238095
5 0.7910714285714285 0.5685714285714286 0.009285714285714286 0.03428571428571429
5 0.8446428571428571 0.5519047619047619 0.02642857142857143 0.01619047619047619
2 0.8464285714285714 0.6123809523809524 0.02857142857142857 0.013333333333333334
2 0.8560714285714286 0.5866666666666667 0.03214285714285714 0.017142857142857144
1 0.8475 0.5804761904761905 0.019285714285714285 0.018095238095238095
2 0.8814285714285715 0.6076190476190476 0.02857142857142857 0.013333333333333334
1 0.8671428571428571 0.2719047619047619 0.012857142857142857 0.02
1 0.7707142857142857 0.40714285714285714 0.012857142857142857 0.018095238095238095
1 0.7171428571428572 0.40285714285714286 0.011428571428571429 0.02095238095238095
4 0.7192857142857143 0.38142857142857145 0.017142857142857144 0.01619047619047619
2 0.7192857142857143 0.3842857142857143 0.015714285714285715 0.035238095238095235
1 0.6410714285714286 0.6638095238095238 0.009285714285714286 0.015238095238095238