6 0.665 0.6304761904761905 0.12571428571428572 0.29904761904761906
6 0.6357142857142857 0.31761904761904763 0.09285714285714286 0.22
6 0.4139285714285714 0.6657142857142857 0.15785714285714286 0.2057142857142857
6 0.18142857142857144 0.710952380952381 0.11428571428571428 0.2866666666666667
6 0.40214285714285714 0.18047619047619048 0.13 0.17809523809523808
6 0.415 0.38952380952380955 0.12428571428571429 0.22285714285714286
6 0.2889285714285714 0.5380952380952381 0.085 0.22666666666666666
6 0.2867857142857143 0.08476190476190476 0.07071428571428572 0.16952380952380952
7 0.27285714285714285 0.2957142857142857 0.08428571428571428 0.1838095238095238
6 0.2714285714285714 0.8942857142857142 0.10857142857142857 0.21142857142857144
6 0.5953571428571428 0.08 0.07642857142857143 0.16
8 0.955 0.4895238095238095 0.09 0.31238095238095237
1 0.5557142857142857 0.3976190476190476 0.027142857142857142 0.06380952380952382
6 0.42964285714285716 0.9185714285714286 0.11785714285714285 0.16285714285714287
6 0.6978571428571428 0.900952380952381 0.11285714285714285 0.18857142857142858