6 0.9303571428571429 0.27 0.1392857142857143 0.12095238095238095
8 0.6817857142857143 0.02857142857142857 0.04214285714285714 0.05142857142857143
8 0.6592857142857143 0.06523809523809523 0.017142857142857144 0.02
6 0.6446428571428572 0.08238095238095237 0.012142857142857143 0.014285714285714285
7 0.6564285714285715 0.07952380952380952 0.014285714285714285 0.02
6 0.63 0.11095238095238096 0.012857142857142857 0.018095238095238095
6 0.6703571428571429 0.10428571428571429 0.02214285714285714 0.02761904761904762
8 0.5832142857142857 0.20095238095238097 0.07214285714285715 0.10285714285714286
6 0.585 0.2342857142857143 0.024285714285714285 0.02857142857142857
3 0.5892857142857143 0.18523809523809523 0.027142857142857142 0.04285714285714286
8 0.5728571428571428 0.18476190476190477 0.015714285714285715 0.022857142857142857
7 0.5385714285714286 0.22333333333333333 0.014285714285714285 0.014285714285714285
6 0.5425 0.22380952380952382 0.012142857142857143 0.015238095238095238
6 0.5360714285714285 0.24333333333333335 0.016428571428571428 0.02
6 0.5128571428571429 0.26 0.008571428571428572 0.011428571428571429
6 0.5032142857142857 0.2795238095238095 0.015 0.021904761904761906
6 0.49214285714285716 0.2780952380952381 0.012857142857142857 0.01904761904761905
7 0.535 0.2814285714285714 0.02 0.03142857142857143
6 0.5292857142857142 0.2876190476190476 0.02 0.02666666666666667
6 0.5317857142857143 0.3028571428571429 0.027857142857142858 0.030476190476190476
6 0.5253571428571429 0.32142857142857145 0.02642857142857143 0.03142857142857143
6 0.5117857142857143 0.31857142857142856 0.020714285714285713 0.02761904761904762
1 0.48678571428571427 0.29523809523809524 0.0064285714285714285 0.007619047619047619
6 0.4828571428571429 0.29095238095238096 0.011428571428571429 0.006666666666666667
8 0.4767857142857143 0.31666666666666665 0.029285714285714286 0.03142857142857143
8 0.4442857142857143 0.3476190476190476 0.024285714285714285 0.02857142857142857
8 0.4382142857142857 0.3376190476190476 0.029285714285714286 0.035238095238095235
6 0.4925 0.3519047619047619 0.023571428571428573 0.029523809523809525
6 0.48214285714285715 0.36047619047619045 0.022857142857142857 0.029523809523809525
8 0.4725 0.35714285714285715 0.03214285714285714 0.049523809523809526
6 0.4625 0.39476190476190476 0.023571428571428573 0.03333333333333333
6 0.45357142857142857 0.3980952380952381 0.022857142857142857 0.030476190476190476
8 0.4425 0.4038095238095238 0.025 0.03619047619047619
8 0.4035714285714286 0.38047619047619047 0.04428571428571428 0.06
6 0.43857142857142856 0.43 0.024285714285714285 0.03142857142857143
6 0.425 0.4380952380952381 0.024285714285714285 0.03619047619047619
7 0.41714285714285715 0.4438095238095238 0.022857142857142857 0.03238095238095238
6 0.43214285714285716 0.4542857142857143 0.03 0.0380952380952381
4 0.3917857142857143 0.4738095238095238 0.009285714285714286 0.010476190476190476
2 0.3939285714285714 0.4747619047619048 0.012142857142857143 0.018095238095238095
6 0.43714285714285717 0.5366666666666666 0.03571428571428571 0.037142857142857144
6 0.42678571428571427 0.57 0.03785714285714286 0.040952380952380955
6 0.35892857142857143 0.5438095238095239 0.030714285714285715 0.0380952380952381
6 0.32857142857142857 0.5957142857142858 0.032857142857142856 0.040952380952380955
6 0.29392857142857143 0.6247619047619047 0.030714285714285715 0.0380952380952381
8 0.3275 0.679047619047619 0.05785714285714286 0.06476190476190476
6 0.275 0.7119047619047619 0.03142857142857143 0.040952380952380955
6 0.24428571428571427 0.6766666666666666 0.024285714285714285 0.02761904761904762
6 0.22714285714285715 0.7104761904761905 0.025714285714285714 0.030476190476190476
6 0.2 0.7171428571428572 0.015714285714285715 0.01904761904761905
6 0.18178571428571427 0.7438095238095238 0.016428571428571428 0.02095238095238095
6 0.15571428571428572 0.7723809523809524 0.018571428571428572 0.02095238095238095
6 0.1432142857142857 0.7947619047619048 0.016428571428571428 0.018095238095238095
6 0.12321428571428572 0.8214285714285714 0.017857142857142856 0.021904761904761906
6 0.175 0.8104761904761905 0.03428571428571429 0.045714285714285714
6 0.17892857142857144 0.7266666666666667 0.015 0.015238095238095238
6 0.16464285714285715 0.7480952380952381 0.015 0.018095238095238095
6 0.15321428571428572 0.7466666666666667 0.013571428571428571 0.015238095238095238
6 0.13857142857142857 0.7642857142857142 0.014285714285714285 0.01619047619047619
6 0.1332142857142857 0.75 0.010714285714285714 0.012380952380952381
6 0.13392857142857142 0.7938095238095239 0.012142857142857143 0.018095238095238095
6 0.12571428571428572 0.7904761904761904 0.011428571428571429 0.017142857142857144
7 0.08214285714285714 0.8304761904761905 0.017142857142857144 0.01904761904761905
6 0.08214285714285714 0.9357142857142857 0.041428571428571426 0.06
6 0.027142857142857142 0.9557142857142857 0.027142857142857142 0.04285714285714286
6 0.055 0.9033333333333333 0.02 0.03333333333333333
6 0.06857142857142857 0.8685714285714285 0.014285714285714285 0.02095238095238095
6 0.06857142857142857 0.8533333333333334 0.011428571428571429 0.013333333333333334
6 0.15857142857142856 0.6871428571428572 0.007142857142857143 0.008571428571428572
6 0.15178571428571427 0.6876190476190476 0.005 0.005714285714285714
6 0.1332142857142857 0.7061904761904761 0.005 0.004761904761904762
0 0.07321428571428572 0.7533333333333333 0.04357142857142857 0.05523809523809524
6 0.1075 0.7247619047619047 0.005 0.005714285714285714