0 0.5789285714285715 0.13238095238095238 0.016428571428571428 0.04
6 0.9803571428571428 0.6190476190476191 0.03357142857142857 0.03428571428571429
6 0.7403571428571428 0.2557142857142857 0.0064285714285714285 0.008571428571428572
8 0.7578571428571429 0.26285714285714284 0.02 0.009523809523809525
8 0.7292857142857143 0.2419047619047619 0.014285714285714285 0.009523809523809525
8 0.6103571428571428 0.30095238095238097 0.020714285714285713 0.024761904761904763
8 0.6507142857142857 0.27714285714285714 0.024285714285714285 0.024761904761904763
8 0.5985714285714285 0.3261904761904762 0.011428571428571429 0.02
6 0.5617857142857143 0.2561904761904762 0.005 0.007619047619047619
0 0.5603571428571429 0.2419047619047619 0.0035714285714285713 0.005714285714285714
6 0.5971428571428572 0.36904761904761907 0.008571428571428572 0.012380952380952381
8 0.5846428571428571 0.47095238095238096 0.012142857142857143 0.029523809523809525
11 0.5907142857142857 0.5495238095238095 0.018571428571428572 0.06285714285714286
2 0.6189285714285714 0.6519047619047619 0.0064285714285714285 0.02
4 0.6192857142857143 0.6480952380952381 0.005714285714285714 0.014285714285714285
6 0.4064285714285714 0.3661904761904762 0.024285714285714285 0.014285714285714285
8 0.38821428571428573 0.4033333333333333 0.035 0.02761904761904762
6 0.3296428571428571 0.5009523809523809 0.029285714285714286 0.01904761904761905
6 0.3192857142857143 0.5214285714285715 0.03 0.02
6 0.3075 0.540952380952381 0.030714285714285715 0.01904761904761905
6 0.2953571428571429 0.5628571428571428 0.030714285714285715 0.02095238095238095
6 0.22428571428571428 0.659047619047619 0.04285714285714286 0.02666666666666667
6 0.11785714285714285 0.7123809523809523 0.03857142857142857 0.05142857142857143
6 0.1392857142857143 0.6728571428571428 0.03428571428571429 0.035238095238095235
6 0.19285714285714287 0.6128571428571429 0.03142857142857143 0.03333333333333333
6 0.19464285714285715 0.7114285714285714 0.035 0.03619047619047619
6 0.1682142857142857 0.7490476190476191 0.039285714285714285 0.03333333333333333
6 0.08392857142857142 0.8733333333333333 0.06785714285714285 0.047619047619047616
6 0.02892857142857143 0.9752380952380952 0.05785714285714286 0.045714285714285714
8 0.9810714285714286 0.6823809523809524 0.02642857142857143 0.035238095238095235