1 0.21107142857142858 0.13333333333333333 0.030714285714285715 0.05904761904761905
11 0.4 0.054285714285714284 0.07285714285714286 0.10857142857142857
6 0.48464285714285715 0.03333333333333333 0.04357142857142857 0.06666666666666667
1 0.05357142857142857 0.21523809523809523 0.025714285714285714 0.045714285714285714
1 0.06321428571428571 0.26285714285714284 0.035 0.05142857142857143
1 0.060714285714285714 0.30047619047619045 0.032857142857142856 0.039047619047619046
9 0.24678571428571427 0.32904761904761903 0.027857142857142858 0.08857142857142856
6 0.24357142857142858 0.4876190476190476 0.07571428571428572 0.17714285714285713
6 0.037142857142857144 0.4004761904761905 0.07428571428571429 0.10952380952380952
1 0.09892857142857144 0.6623809523809524 0.02642857142857143 0.04285714285714286
6 0.21392857142857144 0.6957142857142857 0.07642857142857143 0.19714285714285715
6 0.08107142857142857 0.9376190476190476 0.10214285714285715 0.12476190476190477
6 0.17035714285714285 0.9480952380952381 0.08071428571428571 0.1
10 0.30714285714285716 0.9533333333333334 0.05 0.08571428571428572
1 0.3364285714285714 0.4757142857142857 0.025714285714285714 0.054285714285714284
1 0.31642857142857145 0.44142857142857145 0.022857142857142857 0.04666666666666667
6 0.6357142857142857 0.2 0.06142857142857143 0.13904761904761906
6 0.7475 0.17142857142857143 0.047857142857142855 0.09904761904761905
1 0.7839285714285714 0.2876190476190476 0.020714285714285713 0.047619047619047616
6 0.5825 0.6357142857142857 0.06642857142857143 0.2123809523809524
6 0.68 0.6952380952380952 0.08 0.2038095238095238
6 0.8042857142857143 0.5395238095238095 0.08142857142857143 0.1742857142857143
6 0.885 0.520952380952381 0.08714285714285715 0.17333333333333334
6 0.8464285714285714 0.7590476190476191 0.08714285714285715 0.19238095238095237
7 0.945 0.8085714285714286 0.10571428571428572 0.23809523809523808
6 0.8853571428571428 0.9633333333333334 0.085 0.07333333333333333
7 0.9346428571428571 0.029523809523809525 0.10214285714285715 0.05904761904761905
6 0.9539285714285715 0.10476190476190476 0.09214285714285714 0.06095238095238095
6 0.9678571428571429 0.19047619047619047 0.06428571428571428 0.06285714285714286
6 0.9796428571428571 0.27 0.03785714285714286 0.06380952380952382
6 0.9846428571428572 0.3414285714285714 0.02642857142857143 0.06571428571428571