1 0.07142857142857142 0.31 0.005714285714285714 0.02
1 0.07642857142857143 0.30952380952380953 0.005714285714285714 0.01904761904761905
1 0.08071428571428571 0.30714285714285716 0.007142857142857143 0.01619047619047619
1 0.25785714285714284 0.37333333333333335 0.007142857142857143 0.02095238095238095
3 0.18035714285714285 0.33476190476190476 0.020714285714285713 0.02761904761904762
5 0.05821428571428571 0.5671428571428572 0.035 0.02
5 0.07607142857142857 0.5214285714285715 0.029285714285714286 0.02
7 0.45607142857142857 0.4723809523809524 0.025 0.05714285714285714
6 0.43464285714285716 0.6171428571428571 0.030714285714285715 0.05904761904761905
6 0.44535714285714284 0.6742857142857143 0.056428571428571425 0.08190476190476191
1 0.4635714285714286 0.42 0.005714285714285714 0.022857142857142857
1 0.4717857142857143 0.41714285714285715 0.0064285714285714285 0.024761904761904763
1 0.3939285714285714 0.3423809523809524 0.0064285714285714285 0.02
1 0.5017857142857143 0.34714285714285714 0.005 0.018095238095238095
1 0.5025 0.3380952380952381 0.0064285714285714285 0.01904761904761905
1 0.2592857142857143 0.20809523809523808 0.002857142857142857 0.010476190476190476
5 0.185 0.4 0.007142857142857143 0.01904761904761905
5 0.17785714285714285 0.4004761904761905 0.005714285714285714 0.014285714285714285
5 0.20535714285714285 0.41523809523809524 0.012142857142857143 0.013333333333333334
0 0.22285714285714286 0.39714285714285713 0.008571428571428572 0.01904761904761905
0 0.2571428571428571 0.39714285714285713 0.012857142857142857 0.017142857142857144
5 0.19464285714285715 0.3976190476190476 0.007857142857142858 0.018095238095238095
5 0.2057142857142857 0.3980952380952381 0.004285714285714286 0.015238095238095238
5 0.21535714285714286 0.39571428571428574 0.0064285714285714285 0.014285714285714285
6 0.4139285714285714 0.3333333333333333 0.039285714285714285 0.02095238095238095
7 0.5167857142857143 0.3342857142857143 0.02214285714285714 0.05142857142857143
6 0.47535714285714287 0.16666666666666666 0.007857142857142858 0.009523809523809525
1 0.47035714285714286 0.17761904761904762 0.002142857142857143 0.006666666666666667
1 0.4735714285714286 0.17761904761904762 0.002857142857142857 0.006666666666666667
1 0.5457142857142857 0.45714285714285713 0.005714285714285714 0.02095238095238095
1 0.5517857142857143 0.44904761904761903 0.0035714285714285713 0.021904761904761906
2 0.5296428571428572 0.4623809523809524 0.015 0.023809523809523808
4 0.53 0.45571428571428574 0.008571428571428572 0.018095238095238095
5 0.6839285714285714 0.9038095238095238 0.02642857142857143 0.05142857142857143
2 0.6514285714285715 0.8242857142857143 0.03428571428571429 0.06380952380952382
2 0.6503571428571429 0.7852380952380953 0.016428571428571428 0.04857142857142857
1 0.5989285714285715 0.7861904761904762 0.009285714285714286 0.02761904761904762
2 0.6260714285714286 0.7723809523809524 0.010714285714285714 0.02857142857142857
2 0.64 0.7452380952380953 0.014285714285714285 0.035238095238095235
10 0.6332142857142857 0.7166666666666667 0.013571428571428571 0.02761904761904762
1 0.5953571428571428 0.6333333333333333 0.009285714285714286 0.030476190476190476
1 0.6303571428571428 0.6261904761904762 0.010714285714285714 0.023809523809523808
5 0.6010714285714286 0.5852380952380952 0.010714285714285714 0.029523809523809525
1 0.5842857142857143 0.4642857142857143 0.004285714285714286 0.021904761904761906
1 0.5917857142857142 0.4723809523809524 0.005 0.01904761904761905
1 0.5960714285714286 0.4666666666666667 0.005 0.022857142857142857