2 0.08559498956158663 0.42393320964749537 0.019832985386221295 0.02411873840445269
5 0.08872651356993737 0.4165120593692022 0.019832985386221295 0.01855287569573284
2 0.13230688935281837 0.4155844155844156 0.01722338204592902 0.02040816326530612
4 0.16988517745302714 0.4044526901669759 0.008872651356993737 0.022263450834879406
4 0.1761482254697286 0.39888682745825604 0.008872651356993737 0.014842300556586271
10 0.27426931106471814 0.44109461966604824 0.03288100208768267 0.038033395176252316
7 0.29879958246346555 0.41697588126159557 0.043319415448851775 0.041743970315398886
10 0.35568893528183715 0.3784786641929499 0.02870563674321503 0.029684601113172542
6 0.357776617954071 0.4109461966604824 0.04645093945720251 0.03710575139146568
4 0.38230688935281837 0.4605751391465677 0.008872651356993737 0.021335807050092765
2 0.38308977035490605 0.46660482374768086 0.016701461377870562 0.022263450834879406
2 0.45563674321503134 0.3682745825602968 0.013569937369519834 0.022263450834879406
2 0.6236951983298539 0.3645640074211503 0.014613778705636743 0.01855287569573284
1 0.6203027139874739 0.3344155844155844 0.007828810020876827 0.02504638218923933
1 0.5394050104384134 0.34183673469387754 0.008872651356993737 0.026901669758812616
1 0.5117432150313153 0.349721706864564 0.006784968684759917 0.027829313543599257
4 0.5542797494780793 0.39471243042671617 0.007306889352818371 0.02504638218923933
5 0.5542797494780793 0.40120593692022266 0.014613778705636743 0.017625231910946195
8 0.5341858037578288 0.3780148423005566 0.048538622129436326 0.039888682745825604
4 0.48512526096033404 0.4025974025974026 0.009916492693110648 0.02040816326530612
4 0.45668058455114824 0.3654916512059369 0.008350730688935281 0.027829313543599257
1 0.4517223382045929 0.3562152133580705 0.006784968684759917 0.029684601113172542
1 0.4459812108559499 0.3432282003710575 0.006784968684759917 0.022263450834879406
4 0.4373695198329854 0.47031539888682744 0.009394572025052192 0.022263450834879406
4 0.43997912317327764 0.45918367346938777 0.009394572025052192 0.022263450834879406
1 0.4744258872651357 0.5069573283858998 0.007306889352818371 0.032467532467532464
1 0.4932150313152401 0.5811688311688312 0.008350730688935281 0.038033395176252316
1 0.5054801670146137 0.6261595547309833 0.012004175365344467 0.04267161410018553
4 0.43815240083507306 0.7119666048237476 0.015135699373695199 0.02504638218923933
1 0.4188413361169102 0.849721706864564 0.015135699373695199 0.05009276437847866
1 0.39744258872651356 0.8710575139146568 0.012004175365344467 0.04638218923933209
2 0.4112734864300626 0.74860853432282 0.012526096033402923 0.04081632653061224
9 0.4201461377870564 0.7653061224489796 0.019832985386221295 0.061224489795918366
9 0.3948329853862213 0.634508348794063 0.02244258872651357 0.061224489795918366
9 0.48982254697286015 0.40630797773654914 0.02244258872651357 0.01855287569573284
2 0.31967640918580376 0.6846011131725418 0.013048016701461378 0.05380333951762523
5 0.31289144050104384 0.7388682745825603 0.014091858037578288 0.04359925788497217
4 0.2927974947807933 0.7249536178107606 0.016701461377870562 0.026901669758812616
2 0.4253653444676409 0.9550092764378478 0.027139874739039668 0.03432282003710575
2 0.4279749478079332 0.9387755102040817 0.029227557411273485 0.03525046382189239
2 0.42693110647181626 0.9267161410018553 0.031315240083507306 0.029684601113172542
2 0.45876826722338204 0.9322820037105751 0.025052192066805846 0.03339517625231911
5 0.45798538622129437 0.9489795918367347 0.029749478079331943 0.02411873840445269
2 0.45694154488517746 0.9661410018552876 0.031837160751565764 0.0287569573283859
2 0.4616388308977035 0.975417439703154 0.031837160751565764 0.02504638218923933
2 0.4660751565762004 0.9842300556586271 0.033402922755741124 0.029684601113172542
1 0.7231210855949896 0.3937847866419295 0.006784968684759917 0.026901669758812616
6 0.7163361169102297 0.3520408163265306 0.04018789144050104 0.0287569573283859
10 0.8178496868475992 0.33812615955473097 0.030271398747390398 0.03432282003710575
10 0.8830897703549061 0.31539888682745826 0.026096033402922755 0.029684601113172542
2 0.982776617954071 0.3302411873840445 0.013569937369519834 0.014842300556586271
4 0.982776617954071 0.33070500927643787 0.008350730688935281 0.02504638218923933
2 0.956419624217119 0.29267161410018555 0.013048016701461378 0.023191094619666047
2 0.9491127348643006 0.310760667903525 0.01826722338204593 0.022263450834879406
9 0.8011482254697286 0.2940630797773655 0.012526096033402923 0.02411873840445269
2 0.793580375782881 0.3362708719851577 0.012004175365344467 0.01948051948051948
2 0.7586116910229646 0.35064935064935066 0.014091858037578288 0.01855287569573284
2 0.7667014613778705 0.34461966604823746 0.013569937369519834 0.015769944341372914
2 0.7471294363256785 0.3450834879406308 0.006784968684759917 0.01855287569573284
2 0.7246868475991649 0.3385899814471243 0.012004175365344467 0.016697588126159554
2 0.7296450939457203 0.3339517625231911 0.011482254697286013 0.014842300556586271
9 0.6985908141962421 0.323747680890538 0.014091858037578288 0.03153988868274583
9 0.7048538622129437 0.32421150278293137 0.012004175365344467 0.0287569573283859
2 0.7111169102296451 0.32189239332096475 0.009916492693110648 0.01855287569573284
2 0.7150313152400835 0.3205009276437848 0.007306889352818371 0.01948051948051948
2 0.7194676409185804 0.31910946196660483 0.009916492693110648 0.02411873840445269
2 0.7262526096033403 0.3163265306122449 0.006784968684759917 0.022263450834879406
4 0.7335594989561587 0.31261595547309834 0.005741127348643006 0.012987012987012988
4 0.7319937369519833 0.3038033395176252 0.006784968684759917 0.01948051948051948
4 0.735125260960334 0.3209647495361781 0.005741127348643006 0.016697588126159554
4 0.7387787056367432 0.31493506493506496 0.004697286012526096 0.013914656771799629
2 0.744258872651357 0.3344155844155844 0.009394572025052192 0.017625231910946195
2 0.7486951983298539 0.3325602968460111 0.009916492693110648 0.015769944341372914
2 0.7541753653444676 0.3320964749536178 0.009394572025052192 0.01855287569573284
2 0.7593945720250522 0.32792207792207795 0.009394572025052192 0.021335807050092765
1 0.75 0.3140074211502783 0.005219206680584551 0.01948051948051948
2 0.7896659707724426 0.3070500927643785 0.010438413361169102 0.016697588126159554
2 0.7980167014613778 0.3070500927643785 0.012526096033402923 0.01855287569573284
2 0.5652400835073069 0.3538961038961039 0.013569937369519834 0.021335807050092765
9 0.872651356993737 0.6906307977736549 0.04279749478079332 0.039888682745825604