6 0.24857142857142858 0.7233333333333334 0.21 0.14761904761904762
6 0.4442857142857143 0.5914285714285714 0.08428571428571428 0.1676190476190476
6 0.7253571428571428 0.44476190476190475 0.105 0.13333333333333333
6 0.6410714285714286 0.2857142857142857 0.07928571428571428 0.09523809523809523
6 0.4635714285714286 0.4438095238095238 0.07142857142857142 0.14095238095238094
6 0.4610714285714286 0.30523809523809525 0.060714285714285714 0.09238095238095238
6 0.4425 0.21523809523809523 0.05785714285714286 0.10666666666666667
6 0.3967857142857143 0.1361904761904762 0.060714285714285714 0.06857142857142857
6 0.3675 0.09571428571428571 0.03785714285714286 0.04476190476190476
6 0.5296428571428572 0.18857142857142858 0.05357142857142857 0.07809523809523809
7 0.5992857142857143 0.1980952380952381 0.05857142857142857 0.08
7 0.8567857142857143 0.8604761904761905 0.175 0.27904761904761904
6 0.9489285714285715 0.3657142857142857 0.10214285714285715 0.08952380952380952
6 0.9264285714285714 0.3238095238095238 0.13857142857142857 0.08190476190476191
6 0.8814285714285715 0.27904761904761904 0.13 0.07428571428571429
6 0.7175 0.1538095238095238 0.09642857142857143 0.04857142857142857
6 0.7010714285714286 0.13333333333333333 0.085 0.049523809523809526
6 0.5342857142857143 0.12333333333333334 0.05 0.04285714285714286
6 0.5757142857142857 0.08047619047619048 0.05285714285714286 0.04285714285714286
6 0.5467857142857143 0.05523809523809524 0.035 0.0380952380952381
6 0.6114285714285714 0.06904761904761905 0.06714285714285714 0.037142857142857144
6 0.5067857142857143 0.09619047619047619 0.04071428571428572 0.0419047619047619
6 0.48928571428571427 0.07047619047619047 0.032857142857142856 0.0380952380952381
6 0.42642857142857143 0.034761904761904765 0.032857142857142856 0.035238095238095235
6 0.4542857142857143 0.03 0.027142857142857142 0.035238095238095235
6 0.4975 0.01380952380952381 0.027857142857142858 0.02761904761904762
6 0.4142857142857143 0.012857142857142857 0.03 0.025714285714285714