6 0.10928571428571429 0.7361904761904762 0.10285714285714286 0.06285714285714286
6 0.07892857142857143 0.700952380952381 0.12214285714285714 0.06476190476190476
6 0.07535714285714286 0.6642857142857143 0.11928571428571429 0.054285714285714284
6 0.23 0.6871428571428572 0.08571428571428572 0.05047619047619047
6 0.21392857142857144 0.6542857142857142 0.07357142857142857 0.05142857142857143
6 0.21285714285714286 0.6247619047619047 0.07428571428571429 0.0380952380952381
6 0.21785714285714286 0.5957142857142858 0.07285714285714286 0.039047619047619046
6 0.8139285714285714 0.9561904761904761 0.10071428571428571 0.08761904761904762
6 0.8328571428571429 0.8561904761904762 0.08142857142857143 0.08761904761904762
1 0.5271428571428571 0.7776190476190477 0.014285714285714285 0.04476190476190476
1 0.4957142857142857 0.7476190476190476 0.008571428571428572 0.04
1 0.5307142857142857 0.741904761904762 0.012857142857142857 0.04
5 0.4903571428571429 0.7057142857142857 0.020714285714285713 0.045714285714285714
2 0.5203571428571429 0.6828571428571428 0.027857142857142858 0.04
2 0.49714285714285716 0.6566666666666666 0.03142857142857143 0.035238095238095235
1 0.36142857142857143 0.6985714285714286 0.014285714285714285 0.040952380952380955
1 0.38571428571428573 0.59 0.011428571428571429 0.03333333333333333
1 0.39964285714285713 0.5876190476190476 0.013571428571428571 0.03238095238095238
1 0.39964285714285713 0.540952380952381 0.007857142857142858 0.02857142857142857
1 0.385 0.5295238095238095 0.007142857142857143 0.02666666666666667
1 0.3775 0.53 0.007857142857142858 0.02761904761904762
1 0.3767857142857143 0.5157142857142857 0.0064285714285714285 0.021904761904761906
1 0.37357142857142855 0.5138095238095238 0.005714285714285714 0.021904761904761906
6 0.6332142857142857 0.599047619047619 0.07214285714285715 0.06285714285714286
7 0.48142857142857143 0.5076190476190476 0.04 0.05333333333333334
2 0.5264285714285715 0.46714285714285714 0.02 0.023809523809523808
7 0.8182142857142857 0.9552380952380952 0.10071428571428571 0.08952380952380952
6 0.9864285714285714 0.47523809523809524 0.027142857142857142 0.02666666666666667
5 0.5692857142857143 0.7171428571428572 0.032857142857142856 0.0419047619047619
6 0.4585714285714286 0.44285714285714284 0.025714285714285714 0.02095238095238095
6 0.6321428571428571 0.44857142857142857 0.041428571428571426 0.024761904761904763
0 0.33321428571428574 0.31047619047619046 0.025 0.02095238095238095
0 0.30178571428571427 0.29428571428571426 0.020714285714285713 0.01904761904761905
0 0.2760714285714286 0.28809523809523807 0.015 0.01619047619047619
0 0.22607142857142856 0.2642857142857143 0.017857142857142856 0.02
0 0.7592857142857142 0.3538095238095238 0.015714285714285715 0.02
0 0.6792857142857143 0.3676190476190476 0.024285714285714285 0.01904761904761905
6 0.04964285714285714 0.3519047619047619 0.02214285714285714 0.010476190476190476
6 0.03321428571428572 0.3657142857142857 0.017857142857142856 0.013333333333333334
6 0.07928571428571428 0.3719047619047619 0.02857142857142857 0.012380952380952381
0 0.055714285714285716 0.3423809523809524 0.022857142857142857 0.012380952380952381
1 0.955 0.4533333333333333 0.007142857142857143 0.02857142857142857
1 0.9660714285714286 0.4576190476190476 0.0064285714285714285 0.018095238095238095
1 0.9853571428571428 0.4480952380952381 0.0064285714285714285 0.025714285714285714
1 0.995 0.4519047619047619 0.008571428571428572 0.025714285714285714
6 0.9732142857142857 0.3647619047619048 0.030714285714285715 0.017142857142857144
4 0.5282142857142857 0.4657142857142857 0.010714285714285714 0.01904761904761905
1 0.49357142857142855 0.7028571428571428 0.011428571428571429 0.03619047619047619
4 0.5685714285714286 0.7166666666666667 0.018571428571428572 0.037142857142857144
4 0.5192857142857142 0.6823809523809524 0.015714285714285715 0.040952380952380955
4 0.49714285714285716 0.6566666666666666 0.014285714285714285 0.035238095238095235