0 0.49607142857142855 0.2719047619047619 0.012142857142857143 0.021904761904761906
0 0.6607142857142857 0.07380952380952381 0.011428571428571429 0.04666666666666667
0 0.6603571428571429 0.14904761904761904 0.016428571428571428 0.039047619047619046
7 0.5414285714285715 0.13380952380952382 0.004285714285714286 0.006666666666666667
6 0.5135714285714286 0.27095238095238094 0.007142857142857143 0.012380952380952381
6 0.49607142857142855 0.3661904761904762 0.010714285714285714 0.021904761904761906
8 0.49357142857142855 0.30523809523809525 0.01 0.023809523809523808
1 0.4425 0.44571428571428573 0.002142857142857143 0.013333333333333334
1 0.46035714285714285 0.42904761904761907 0.002142857142857143 0.010476190476190476
1 0.45821428571428574 0.40095238095238095 0.002142857142857143 0.009523809523809525
1 0.5660714285714286 0.28904761904761905 0.002142857142857143 0.008571428571428572
8 0.6128571428571429 0.12 0.007142857142857143 0.013333333333333334
8 0.6460714285714285 0.07 0.005 0.006666666666666667
8 0.6510714285714285 0.08095238095238096 0.005 0.007619047619047619
6 0.6085714285714285 0.11714285714285715 0.002857142857142857 0.0038095238095238095
6 0.4407142857142857 0.2280952380952381 0.011428571428571429 0.008571428571428572
6 0.42464285714285716 0.19 0.012142857142857143 0.006666666666666667
8 0.40035714285714286 0.2338095238095238 0.016428571428571428 0.012380952380952381
8 0.46 0.24333333333333335 0.017142857142857144 0.023809523809523808
7 0.4496428571428571 0.22 0.015 0.009523809523809525
7 0.4539285714285714 0.21523809523809523 0.010714285714285714 0.009523809523809525
7 0.42714285714285716 0.20666666666666667 0.014285714285714285 0.009523809523809525
8 0.43714285714285717 0.20142857142857143 0.018571428571428572 0.010476190476190476
3 0.4382142857142857 0.20952380952380953 0.017857142857142856 0.02095238095238095
8 0.45035714285714284 0.18904761904761905 0.025 0.010476190476190476
8 0.8928571428571429 0.4895238095238095 0.03571428571428571 0.022857142857142857
8 0.7578571428571429 0.35904761904761906 0.02857142857142857 0.013333333333333334
6 0.7778571428571428 0.3519047619047619 0.01 0.014285714285714285
6 0.8092857142857143 0.32857142857142857 0.011428571428571429 0.013333333333333334
6 0.8235714285714286 0.32904761904761903 0.012857142857142857 0.014285714285714285
3 0.8525 0.3952380952380952 0.06357142857142857 0.03238095238095238
3 0.8425 0.37333333333333335 0.056428571428571425 0.024761904761904763
8 0.865 0.4276190476190476 0.02 0.015238095238095238
4 0.6853571428571429 0.4066666666666667 0.0035714285714285713 0.007619047619047619
2 0.6857142857142857 0.41 0.004285714285714286 0.010476190476190476
7 0.26857142857142857 0.27 0.03142857142857143 0.021904761904761906
7 0.23714285714285716 0.2780952380952381 0.02857142857142857 0.022857142857142857
4 0.3607142857142857 0.7447619047619047 0.007142857142857143 0.01904761904761905
5 0.3610714285714286 0.7480952380952381 0.009285714285714286 0.02