6 0.8725 0.9517766497461929 0.025 0.07614213197969544
6 0.8642857142857143 0.751269035532995 0.02857142857142857 0.05583756345177665
6 0.8410714285714286 0.6522842639593909 0.02214285714285714 0.04314720812182741
6 0.8239285714285715 0.6065989847715736 0.017857142857142856 0.04060913705583756
6 0.5864285714285714 0.807741116751269 0.022857142857142857 0.0901015228426396
6 0.5646428571428571 0.7296954314720813 0.02214285714285714 0.07360406091370558
6 0.5325 0.6440355329949239 0.02642857142857143 0.06218274111675127
6 0.48642857142857143 0.708756345177665 0.027142857142857142 0.06979695431472081
11 0.35892857142857143 0.925761421319797 0.065 0.0901015228426396
8 0.36428571428571427 0.8610406091370558 0.08142857142857143 0.12055837563451777
11 0.31357142857142856 0.5602791878172588 0.05142857142857143 0.05710659898477157
8 0.36428571428571427 0.5120558375634517 0.06571428571428571 0.06218274111675127
11 0.4160714285714286 0.47081218274111675 0.03357142857142857 0.04314720812182741
8 0.645 0.3895939086294416 0.024285714285714285 0.07868020304568528
6 0.5953571428571428 0.25951776649746194 0.015 0.02918781725888325
6 0.6667857142857143 0.29378172588832485 0.015 0.03680203045685279
6 0.6535714285714286 0.24555837563451777 0.014285714285714285 0.03426395939086294
6 0.6789285714285714 0.22208121827411167 0.012142857142857143 0.02284263959390863
6 0.6382142857142857 0.18527918781725888 0.013571428571428571 0.027918781725888325
7 0.6985714285714286 0.1446700507614213 0.022857142857142857 0.06345177664974619
6 0.655 0.1313451776649746 0.012857142857142857 0.024111675126903553
8 0.6525 0.08692893401015228 0.019285714285714285 0.03680203045685279
6 0.6967857142857142 0.08185279187817258 0.015 0.0266497461928934
6 0.7314285714285714 0.05139593908629442 0.012857142857142857 0.0266497461928934
6 0.47714285714285715 0.35279187817258884 0.02142857142857143 0.030456852791878174
1 0.1575 0.5710659898477157 0.007857142857142858 0.017766497461928935
6 0.6303571428571428 0.9441624365482234 0.02214285714285714 0.06852791878172589
6 0.6271428571428571 0.876269035532995 0.018571428571428572 0.06725888324873096
7 0.6542857142857142 0.6618020304568528 0.047142857142857146 0.03934010152284264
6 0.6535714285714286 0.6421319796954315 0.037142857142857144 0.030456852791878174
6 0.6517857142857143 0.6275380710659898 0.035 0.02918781725888325
6 0.6485714285714286 0.6034263959390863 0.025714285714285714 0.024111675126903553
6 0.6507142857142857 0.5894670050761421 0.02857142857142857 0.031725888324873094
6 0.6503571428571429 0.5685279187817259 0.023571428571428573 0.025380710659898477
6 0.65 0.550761421319797 0.02142857142857143 0.025380710659898477
1 0.7535714285714286 0.2151015228426396 0.004285714285714286 0.01649746192893401
1 0.22107142857142856 0.682741116751269 0.007857142857142858 0.02284263959390863
1 0.22392857142857142 0.6618020304568528 0.007857142857142858 0.024111675126903553
1 0.21714285714285714 0.6713197969543148 0.008571428571428572 0.030456852791878174
1 0.2125 0.6802030456852792 0.009285714285714286 0.027918781725888325