11 0.7217857142857143 0.7276190476190476 0.10357142857142858 0.2914285714285714
8 0.8367857142857142 0.7923809523809524 0.16785714285714284 0.34095238095238095
8 0.6664285714285715 0.48904761904761906 0.03 0.07142857142857142
8 0.7107142857142857 0.4742857142857143 0.054285714285714284 0.12
0 0.9760714285714286 0.43714285714285717 0.04357142857142857 0.05523809523809524
10 0.5432142857142858 0.5633333333333334 0.03214285714285714 0.05238095238095238
8 0.62 0.26 0.011428571428571429 0.02666666666666667
7 0.6325 0.29904761904761906 0.013571428571428571 0.02857142857142857
8 0.6510714285714285 0.30952380952380953 0.016428571428571428 0.03238095238095238
6 0.7585714285714286 0.2938095238095238 0.008571428571428572 0.012380952380952381
2 0.22107142857142856 0.6114285714285714 0.02642857142857143 0.030476190476190476
2 0.22785714285714287 0.6 0.025714285714285714 0.030476190476190476
2 0.24928571428571428 0.5828571428571429 0.02857142857142857 0.022857142857142857
2 0.2542857142857143 0.5757142857142857 0.024285714285714285 0.02
2 0.26107142857142857 0.5666666666666667 0.025 0.02095238095238095
2 0.2675 0.6457142857142857 0.029285714285714286 0.02666666666666667
2 0.2789285714285714 0.6361904761904762 0.027857142857142858 0.024761904761904763
2 0.31892857142857145 0.6414285714285715 0.027857142857142858 0.023809523809523808
2 0.3317857142857143 0.6185714285714285 0.030714285714285715 0.02761904761904762
2 0.3382142857142857 0.6142857142857143 0.025 0.022857142857142857
2 0.2975 0.5895238095238096 0.029285714285714286 0.01904761904761905
2 0.32357142857142857 0.5947619047619047 0.02857142857142857 0.02761904761904762
2 0.3053571428571429 0.5738095238095238 0.02642857142857143 0.014285714285714285
2 0.33321428571428574 0.5876190476190476 0.023571428571428573 0.02095238095238095
1 0.6121428571428571 0.3 0.002857142857142857 0.013333333333333334
1 0.6132142857142857 0.3304761904761905 0.0035714285714285713 0.013333333333333334
1 0.6175 0.33 0.0035714285714285713 0.01619047619047619
4 0.6267857142857143 0.3314285714285714 0.005 0.011428571428571429
4 0.6378571428571429 0.32571428571428573 0.004285714285714286 0.013333333333333334
2 0.6375 0.3304761904761905 0.005 0.009523809523809525
2 0.6264285714285714 0.3357142857142857 0.004285714285714286 0.010476190476190476
8 0.6096428571428572 0.2061904761904762 0.007857142857142858 0.02
8 0.6128571428571429 0.20142857142857143 0.008571428571428572 0.021904761904761906
0 0.6039285714285715 0.17761904761904762 0.015 0.025714285714285714
0 0.6032142857142857 0.20238095238095238 0.0064285714285714285 0.02
8 0.7246428571428571 0.2195238095238095 0.0064285714285714285 0.014285714285714285
11 0.7217857142857143 0.2119047619047619 0.04357142857142857 0.01619047619047619