6 0.354384133611691 0.962430426716141 0.030271398747390398 0.07328385899814471
6 0.2651356993736952 0.5871985157699443 0.05219206680584551 0.05009276437847866
6 0.3311586638830898 0.5037105751391465 0.02661795407098121 0.08348794063079777
7 0.33820459290187893 0.3358070500927644 0.025052192066805846 0.07977736549165121
6 0.4068371607515658 0.34833024118738404 0.02139874739039666 0.07328385899814471
6 0.3483820459290188 0.26391465677179965 0.02348643006263048 0.06586270871985157
6 0.28783924843423797 0.23330241187384043 0.024530271398747392 0.02504638218923933
0 0.6351774530271399 0.7333024118738405 0.08455114822546973 0.041743970315398886
0 0.7181628392484343 0.7504638218923934 0.060542797494780795 0.03525046382189239
0 0.8736951983298539 0.7852504638218923 0.09498956158663883 0.045454545454545456
0 0.9697286012526096 0.801948051948052 0.0407098121085595 0.026901669758812616