6 0.48392857142857143 0.8457142857142858 0.07357142857142857 0.12571428571428572
6 0.4092857142857143 0.8128571428571428 0.05857142857142857 0.11523809523809524
6 0.25821428571428573 0.7547619047619047 0.055 0.0980952380952381
6 0.19 0.7161904761904762 0.07142857142857142 0.08571428571428572
6 0.05821428571428571 0.6328571428571429 0.07357142857142857 0.05238095238095238
6 0.14964285714285713 0.56 0.05928571428571429 0.045714285714285714
6 0.6978571428571428 0.9266666666666666 0.16857142857142857 0.13714285714285715
6 0.8 0.7604761904761905 0.12857142857142856 0.08666666666666667
6 0.018214285714285714 0.599047619047619 0.03642857142857143 0.05904761904761905
10 0.4775 0.5185714285714286 0.04642857142857143 0.04285714285714286
2 0.5414285714285715 0.5319047619047619 0.014285714285714285 0.039047619047619046
2 0.5667857142857143 0.5404761904761904 0.023571428571428573 0.039047619047619046
2 0.5846428571428571 0.5452380952380952 0.02214285714285714 0.037142857142857144
2 0.5446428571428571 0.47523809523809524 0.029285714285714286 0.02666666666666667
5 0.6125 0.5452380952380952 0.010714285714285714 0.02761904761904762
5 0.6460714285714285 0.5423809523809524 0.013571428571428571 0.03142857142857143
1 0.5907142857142857 0.5133333333333333 0.008571428571428572 0.03428571428571429
1 0.575 0.4976190476190476 0.008571428571428572 0.029523809523809525
1 0.5857142857142857 0.48428571428571426 0.008571428571428572 0.029523809523809525
1 0.5957142857142858 0.48904761904761906 0.008571428571428572 0.029523809523809525
1 0.5832142857142857 0.5028571428571429 0.007857142857142858 0.030476190476190476
6 0.9603571428571429 0.871904761904762 0.07928571428571428 0.12476190476190477