6 0.15821428571428572 0.19606598984771573 0.013571428571428571 0.01903553299492386
7 0.1725 0.17893401015228427 0.013571428571428571 0.017766497461928935
6 0.16857142857142857 0.24238578680203046 0.014285714285714285 0.02030456852791878
7 0.19678571428571429 0.23096446700507614 0.020714285714285713 0.017766497461928935
7 0.18357142857142858 0.3610406091370558 0.017142857142857144 0.031725888324873094
7 0.23714285714285716 0.2766497461928934 0.018571428571428572 0.017766497461928935
6 0.23964285714285713 0.2633248730964467 0.016428571428571428 0.01649746192893401
7 0.26857142857142857 0.2620558375634518 0.02 0.01903553299492386
6 0.3267857142857143 0.23286802030456852 0.020714285714285713 0.01649746192893401
6 0.27535714285714286 0.233502538071066 0.020714285714285713 0.02030456852791878
6 0.3221428571428571 0.25888324873096447 0.017142857142857144 0.017766497461928935
7 0.31 0.30456852791878175 0.022857142857142857 0.02030456852791878
6 0.20357142857142857 0.39276649746192893 0.02142857142857143 0.01903553299492386
6 0.1975 0.4276649746192893 0.019285714285714285 0.017766497461928935
6 0.2092857142857143 0.45748730964467005 0.018571428571428572 0.024111675126903553
6 0.23392857142857143 0.4860406091370558 0.019285714285714285 0.030456852791878174
1 0.22607142857142856 0.45748730964467005 0.0035714285714285713 0.008883248730964468
1 0.23 0.45241116751269034 0.004285714285714286 0.011421319796954314
7 0.3171428571428571 0.4003807106598985 0.02142857142857143 0.01903553299492386
6 0.3053571428571429 0.43210659898477155 0.017857142857142856 0.01903553299492386
1 0.21964285714285714 0.7925126903553299 0.005 0.008883248730964468
1 0.21571428571428572 0.8032994923857868 0.002857142857142857 0.007614213197969543
1 0.21607142857142858 0.7982233502538071 0.0035714285714285713 0.007614213197969543
11 0.23285714285714285 0.7975888324873096 0.027142857142857142 0.05710659898477157
11 0.2767857142857143 0.7804568527918782 0.03642857142857143 0.07868020304568528
11 0.2885714285714286 0.7982233502538071 0.03142857142857143 0.06852791878172589
1 0.3067857142857143 0.7836294416243654 0.0035714285714285713 0.011421319796954314
11 0.22857142857142856 0.8654822335025381 0.047142857142857146 0.1218274111675127
1 0.3410714285714286 0.9543147208121827 0.005 0.012690355329949238
1 0.3460714285714286 0.9416243654822335 0.005 0.01015228426395939
1 0.35 0.9390862944162437 0.004285714285714286 0.01015228426395939
11 0.3157142857142857 0.8972081218274112 0.047142857142857146 0.08629441624365482
11 0.32 0.8661167512690355 0.05 0.08756345177664974
11 0.3292857142857143 0.8401015228426396 0.05 0.08883248730964467
11 0.3392857142857143 0.8178934010152284 0.03571428571428571 0.06979695431472081
11 0.3532142857142857 0.800761421319797 0.030714285714285715 0.0532994923857868
11 0.32 0.7055837563451777 0.03428571428571429 0.09644670050761421
7 0.295 0.6776649746192893 0.017142857142857144 0.03553299492385787
11 0.3489285714285714 0.6224619289340102 0.02642857142857143 0.06218274111675127
11 0.3892857142857143 0.6376903553299492 0.045714285714285714 0.07741116751269035
11 0.3825 0.6611675126903553 0.03785714285714286 0.06598984771573604
11 0.36892857142857144 0.675761421319797 0.047857142857142855 0.0799492385786802
11 0.36464285714285716 0.7074873096446701 0.045 0.08248730964467005
11 0.35892857142857143 0.7328680203045685 0.04928571428571429 0.0901015228426396
11 0.35428571428571426 0.7607868020304569 0.05142857142857143 0.0901015228426396
11 0.3678571428571429 0.5126903553299492 0.037142857142857144 0.08375634517766498
6 0.445 0.5729695431472082 0.01 0.031725888324873094
1 0.41678571428571426 0.27918781725888325 0.002142857142857143 0.012690355329949238
0 0.3539285714285714 0.2785532994923858 0.005 0.008883248730964468
1 0.4235714285714286 0.2772842639593909 0.002857142857142857 0.011421319796954314
1 0.43357142857142855 0.2519035532994924 0.002857142857142857 0.011421319796954314
1 0.43535714285714283 0.2550761421319797 0.002142857142857143 0.007614213197969543
1 0.4367857142857143 0.2506345177664975 0.002142857142857143 0.008883248730964468
11 0.45035714285714284 0.4600253807106599 0.016428571428571428 0.0901015228426396
6 0.46785714285714286 0.45114213197969544 0.01 0.0266497461928934
11 0.4692857142857143 0.31408629441624364 0.018571428571428572 0.06472081218274112
1 0.5517857142857143 0.2519035532994924 0.002142857142857143 0.008883248730964468
11 0.4446428571428571 0.057741116751269035 0.05071428571428571 0.03426395939086294
6 0.5278571428571428 0.01713197969543147 0.007142857142857143 0.013959390862944163
6 0.5253571428571429 0.05266497461928934 0.0064285714285714285 0.01649746192893401
6 0.485 0.10279187817258884 0.015714285714285715 0.015228426395939087
6 0.5078571428571429 0.1199238578680203 0.007142857142857143 0.01903553299492386
7 0.5007142857142857 0.16751269035532995 0.008571428571428572 0.02284263959390863
6 0.4878571428571429 0.2233502538071066 0.01 0.02030456852791878
6 0.49964285714285717 0.22081218274111675 0.009285714285714286 0.02030456852791878
1 0.49142857142857144 0.04251269035532995 0.0014285714285714286 0.008883248730964468
6 0.005357142857142857 0.8553299492385786 0.010714285714285714 0.03299492385786802