6 0.1407142857142857 0.9266666666666666 0.18571428571428572 0.14666666666666667
6 0.45107142857142857 0.8542857142857143 0.18785714285714286 0.1523809523809524
6 0.5510714285714285 0.6438095238095238 0.13214285714285715 0.10476190476190476
6 0.7239285714285715 0.590952380952381 0.13214285714285715 0.09238095238095238
6 0.9110714285714285 0.6957142857142857 0.15785714285714286 0.10571428571428572
6 0.8782142857142857 0.5328571428571428 0.11928571428571429 0.07904761904761905
6 0.05 0.34476190476190477 0.1 0.06857142857142857
6 0.9760714285714286 0.11619047619047619 0.045 0.0380952380952381
6 0.9278571428571428 0.20809523809523808 0.04857142857142857 0.04666666666666667
6 0.6875 0.19380952380952382 0.05071428571428571 0.040952380952380955
6 0.22 0.1980952380952381 0.06571428571428571 0.045714285714285714
6 0.3325 0.19142857142857142 0.04928571428571429 0.04
6 0.8492857142857143 0.11476190476190476 0.032857142857142856 0.025714285714285714
1 0.09464285714285714 0.22857142857142856 0.016428571428571428 0.03619047619047619
1 0.05142857142857143 0.24333333333333335 0.012857142857142857 0.03142857142857143
1 0.04107142857142857 0.2419047619047619 0.016428571428571428 0.03428571428571429
1 0.021785714285714287 0.15761904761904763 0.010714285714285714 0.029523809523809525
1 0.12714285714285714 0.09095238095238095 0.01 0.021904761904761906
6 0.13035714285714287 0.07523809523809524 0.025 0.02666666666666667
6 0.08178571428571428 0.12142857142857143 0.015 0.023809523809523808
0 0.09107142857142857 0.09095238095238095 0.020714285714285713 0.05047619047619047
6 0.42214285714285715 0.3080952380952381 0.04857142857142857 0.05047619047619047
6 0.4042857142857143 0.2842857142857143 0.07857142857142857 0.05238095238095238
6 0.24285714285714285 0.31047619047619046 0.09571428571428571 0.045714285714285714
6 0.24678571428571427 0.3404761904761905 0.08642857142857142 0.04476190476190476
6 0.24642857142857144 0.3823809523809524 0.10857142857142857 0.06190476190476191
6 0.9828571428571429 0.49333333333333335 0.03428571428571429 0.05714285714285714
2 0.09392857142857143 0.14285714285714285 0.015 0.01904761904761905
8 0.28 0.7228571428571429 0.21571428571428572 0.15619047619047619
11 0.7746428571428572 0.2057142857142857 0.175 0.09333333333333334
11 0.5585714285714286 0.2995238095238095 0.22714285714285715 0.12285714285714286
6 0.5692857142857143 0.25476190476190474 0.07 0.03333333333333333
1 0.6046428571428571 0.17904761904761904 0.007857142857142858 0.03428571428571429
8 0.8632142857142857 0.15428571428571428 0.08214285714285714 0.05333333333333334
6 0.78 0.1742857142857143 0.03571428571428571 0.02666666666666667
1 0.0075 0.18523809523809523 0.015 0.029523809523809525
1 0.21535714285714286 0.22857142857142856 0.015 0.03428571428571429
4 0.15392857142857144 0.709047619047619 0.03785714285714286 0.04857142857142857
5 0.16035714285714286 0.7171428571428572 0.04357142857142857 0.06285714285714286
1 0.008928571428571428 0.45285714285714285 0.017857142857142856 0.05047619047619047
2 0.78 0.13 0.02 0.023809523809523808
2 0.7553571428571428 0.12857142857142856 0.012142857142857143 0.017142857142857144
4 0.7535714285714286 0.12714285714285714 0.007142857142857143 0.02