11 0.6603571428571429 0.5647619047619048 0.03642857142857143 0.14857142857142858
2 0.6317857142857143 0.3719047619047619 0.013571428571428571 0.03333333333333333
1 0.8364285714285714 0.6290476190476191 0.011428571428571429 0.012380952380952381
1 0.835 0.579047619047619 0.011428571428571429 0.009523809523809525
7 0.7825 0.44 0.030714285714285715 0.03619047619047619
6 0.7792857142857142 0.4114285714285714 0.037142857142857144 0.0380952380952381
6 0.775 0.38142857142857145 0.037142857142857144 0.039047619047619046
6 0.7739285714285714 0.3461904761904762 0.03357142857142857 0.04285714285714286
7 0.7678571428571429 0.30142857142857143 0.03428571428571429 0.05238095238095238
6 0.8142857142857143 0.1895238095238095 0.022857142857142857 0.05904761904761905
6 0.7721428571428571 0.21571428571428572 0.03428571428571429 0.035238095238095235
6 0.7760714285714285 0.18476190476190477 0.03785714285714286 0.03619047619047619
6 0.77 0.15523809523809523 0.03 0.03238095238095238
7 0.8571428571428571 0.08476190476190476 0.037142857142857144 0.03238095238095238
6 0.8489285714285715 0.05952380952380952 0.04214285714285714 0.02761904761904762
6 0.6039285714285715 0.17714285714285713 0.04071428571428572 0.05523809523809524
2 0.5610714285714286 0.16428571428571428 0.010714285714285714 0.039047619047619046
6 0.7664285714285715 0.018095238095238095 0.022857142857142857 0.03619047619047619
6 0.5357142857142857 0.23238095238095238 0.04428571428571428 0.03619047619047619
4 0.49964285714285717 0.1961904761904762 0.009285714285714286 0.02666666666666667
2 0.4982142857142857 0.20666666666666667 0.012142857142857143 0.024761904761904763
8 0.42928571428571427 0.2652380952380952 0.06428571428571428 0.07142857142857142
6 0.4125 0.47523809523809524 0.04642857142857143 0.030476190476190476
6 0.41035714285714286 0.51 0.04928571428571429 0.035238095238095235
6 0.40535714285714286 0.540952380952381 0.04642857142857143 0.03619047619047619
7 0.51 0.4461904761904762 0.022857142857142857 0.058095238095238096
7 0.5071428571428571 0.5085714285714286 0.022857142857142857 0.05142857142857143
6 0.4067857142857143 0.5795238095238096 0.052142857142857144 0.03333333333333333
0 0.45285714285714285 0.7980952380952381 0.15571428571428572 0.38285714285714284
2 0.6042857142857143 0.7885714285714286 0.011428571428571429 0.03238095238095238
2 0.6742857142857143 0.8585714285714285 0.01 0.03142857142857143