1 0.2814285714285714 0.789047619047619 0.011428571428571429 0.025714285714285714
1 0.29392857142857143 0.7857142857142857 0.007857142857142858 0.02666666666666667
1 0.3078571428571429 0.8138095238095238 0.01 0.03142857142857143
1 0.31607142857142856 0.8114285714285714 0.012142857142857143 0.02666666666666667
1 0.3196428571428571 0.7233333333333334 0.007857142857142858 0.02761904761904762
1 0.3271428571428571 0.7219047619047619 0.008571428571428572 0.02666666666666667
1 0.33535714285714285 0.7133333333333334 0.010714285714285714 0.02857142857142857
1 0.29892857142857143 0.6695238095238095 0.007857142857142858 0.024761904761904763
1 0.3078571428571429 0.6595238095238095 0.008571428571428572 0.029523809523809525
0 0.2825 0.6657142857142857 0.012142857142857143 0.05333333333333334
0 0.29464285714285715 0.6419047619047619 0.012142857142857143 0.024761904761904763
6 0.46214285714285713 0.6233333333333333 0.025714285714285714 0.05619047619047619
6 0.4967857142857143 0.6204761904761905 0.027857142857142858 0.06571428571428571
6 0.46 0.5576190476190476 0.02142857142857143 0.04666666666666667
6 0.45071428571428573 0.47333333333333333 0.02 0.0419047619047619
6 0.4467857142857143 0.43476190476190474 0.013571428571428571 0.029523809523809525
6 0.43214285714285716 0.3314285714285714 0.017142857142857144 0.02857142857142857
6 0.4278571428571429 0.2780952380952381 0.014285714285714285 0.022857142857142857
6 0.42892857142857144 0.3119047619047619 0.016428571428571428 0.025714285714285714
6 0.4232142857142857 0.2623809523809524 0.013571428571428571 0.02
6 0.4992857142857143 0.4142857142857143 0.02 0.03428571428571429
6 0.49107142857142855 0.38333333333333336 0.020714285714285713 0.03142857142857143
6 0.4835714285714286 0.3576190476190476 0.017142857142857144 0.02761904761904762
6 0.47785714285714287 0.3295238095238095 0.017142857142857144 0.024761904761904763
6 0.4757142857142857 0.31333333333333335 0.017142857142857144 0.02095238095238095
6 0.47035714285714286 0.2923809523809524 0.016428571428571428 0.024761904761904763
0 0.4625 0.2776190476190476 0.010714285714285714 0.023809523809523808
0 0.4632142857142857 0.26476190476190475 0.009285714285714286 0.015238095238095238
0 0.43642857142857144 0.21333333333333335 0.02857142857142857 0.0380952380952381
0 0.42928571428571427 0.17904761904761904 0.022857142857142857 0.030476190476190476
0 0.4257142857142857 0.15285714285714286 0.02 0.023809523809523808
6 0.6582142857142858 0.34095238095238095 0.017857142857142856 0.02095238095238095
11 0.6178571428571429 0.25476190476190474 0.03571428571428571 0.040952380952380955
6 0.5989285714285715 0.28 0.010714285714285714 0.015238095238095238
6 0.6142857142857143 0.28 0.012857142857142857 0.015238095238095238
6 0.5760714285714286 0.22666666666666666 0.010714285714285714 0.013333333333333334
6 0.5417857142857143 0.20666666666666667 0.009285714285714286 0.009523809523809525
0 0.5689285714285715 0.2671428571428571 0.010714285714285714 0.01619047619047619
6 0.9139285714285714 0.4847619047619048 0.029285714285714286 0.0380952380952381
6 0.9742857142857143 0.5 0.04285714285714286 0.03619047619047619
6 0.9417857142857143 0.4747619047619048 0.03214285714285714 0.02761904761904762
6 0.8489285714285715 0.38095238095238093 0.02642857142857143 0.03428571428571429
6 0.8767857142857143 0.40904761904761905 0.02642857142857143 0.03333333333333333
1 0.9792857142857143 0.6661904761904762 0.012857142857142857 0.023809523809523808
0 0.38392857142857145 0.3047619047619048 0.023571428571428573 0.03428571428571429
0 0.3939285714285714 0.27666666666666667 0.015 0.03142857142857143