6 0.4755 0.664 0.051 0.052
6 0.49325 0.6326666666666667 0.0475 0.04533333333333334
6 0.6845 0.7433333333333333 0.062 0.056
6 0.626 0.6943333333333334 0.052 0.06066666666666667
6 0.66075 0.7636666666666667 0.0545 0.05266666666666667
6 0.607 0.7193333333333334 0.051 0.05466666666666667
6 0.5925 0.7493333333333333 0.047 0.04933333333333333
6 0.652 0.799 0.057 0.05533333333333333
6 0.641 0.831 0.036 0.035333333333333335
6 0.42425 0.6973333333333334 0.0615 0.058666666666666666
6 0.176 0.432 0.041 0.032
0 0.21575 0.45366666666666666 0.0735 0.05533333333333333
6 0.15275 0.409 0.0405 0.034
0 0.06425 0.507 0.0425 0.05
0 0.02475 0.5266666666666666 0.0435 0.048
6 0.07325 0.555 0.0515 0.048666666666666664
6 0.09525 0.5873333333333334 0.0545 0.04933333333333333
6 0.11325 0.61 0.0565 0.05466666666666667
6 0.12475 0.6363333333333333 0.0525 0.051333333333333335
6 0.1415 0.691 0.049 0.05266666666666667
6 0.16225 0.704 0.0545 0.06266666666666666
6 0.1845 0.73 0.051 0.058666666666666666
6 0.20075 0.748 0.0535 0.05733333333333333
6 0.2205 0.7796666666666666 0.048 0.06066666666666667
1 0.7875 0.6866666666666666 0.009 0.02266666666666667
5 0.76725 0.5013333333333333 0.0185 0.02
5 0.68775 0.43633333333333335 0.0135 0.015333333333333332
0 0.6735 0.40166666666666667 0.038 0.046
0 0.7245 0.427 0.061 0.058
0 0.7645 0.454 0.043 0.05466666666666667
5 0.791 0.48333333333333334 0.015 0.021333333333333333
5 0.84875 0.49233333333333335 0.0155 0.012666666666666666
5 0.84675 0.5006666666666667 0.0165 0.012
5 0.845 0.5106666666666667 0.017 0.014666666666666666
5 0.8215 0.5453333333333333 0.019 0.02
0 0.83575 0.524 0.0285 0.034666666666666665
6 0.81575 0.358 0.0265 0.03333333333333333
6 0.85875 0.391 0.0245 0.04066666666666666
6 0.8875 0.408 0.028 0.04133333333333333
6 0.9115 0.41333333333333333 0.03 0.034666666666666665
6 0.94275 0.42833333333333334 0.0285 0.035333333333333335
6 0.643 0.6213333333333333 0.039 0.06
6 0.864 0.9313333333333333 0.053 0.052
6 0.91475 0.978 0.0615 0.044
6 0.96425 0.44466666666666665 0.0295 0.03866666666666667