8 0.55225 0.75 0.1445 0.128
1 0.67425 0.7816666666666666 0.0215 0.05
1 0.50075 0.7643333333333333 0.0185 0.051333333333333335
6 0.4275 0.72 0.08 0.06266666666666666
6 0.33725 0.697 0.0915 0.058
6 0.45275 0.6293333333333333 0.0835 0.06533333333333333
6 0.5425 0.6643333333333333 0.083 0.054
6 0.2475 0.5886666666666667 0.05 0.04933333333333333
7 0.34025 0.5456666666666666 0.0585 0.04466666666666667
7 0.3555 0.5206666666666667 0.053 0.04133333333333333
6 0.48025 0.49466666666666664 0.0365 0.029333333333333333
6 0.5045 0.572 0.072 0.04666666666666667
7 0.53 0.547 0.044 0.05266666666666667
6 0.57 0.5246666666666666 0.057 0.03333333333333333
2 0.222 0.5573333333333333 0.031 0.028
2 0.30225 0.5403333333333333 0.0155 0.023333333333333334
5 0.31275 0.537 0.0115 0.016666666666666666
2 0.503 0.467 0.01 0.016666666666666666
6 0.64025 0.47 0.0445 0.02266666666666667
6 0.67075 0.452 0.0385 0.02266666666666667
6 0.6875 0.443 0.042 0.026
6 0.69975 0.436 0.0345 0.024
6 0.70225 0.43166666666666664 0.0405 0.022
0 0.71825 0.405 0.0465 0.03266666666666666
6 0.662 0.399 0.023 0.020666666666666667
2 0.646 0.40066666666666667 0.007 0.010666666666666666
2 0.63175 0.4076666666666667 0.0135 0.011333333333333334
7 0.68125 0.38033333333333336 0.0225 0.023333333333333334
6 0.6745 0.366 0.03 0.013333333333333334
6 0.7115 0.3576666666666667 0.023 0.014
9 0.76475 0.3463333333333333 0.0115 0.016666666666666666
1 0.78275 0.35633333333333334 0.0045 0.01
6 0.93925 0.498 0.0315 0.04133333333333333
6 0.971 0.4246666666666667 0.022 0.025333333333333333
6 0.991 0.4583333333333333 0.018 0.034
6 0.9945 0.378 0.011 0.02
6 0.9935 0.3476666666666667 0.013 0.014
7 0.98575 0.31966666666666665 0.0285 0.016666666666666666
8 0.991 0.30333333333333334 0.012 0.017333333333333333
0 0.8175 0.3443333333333333 0.061 0.042