6 0.38142857142857145 0.7855329949238579 0.02857142857142857 0.11421319796954314
6 0.43535714285714283 0.5983502538071066 0.029285714285714286 0.11294416243654823
6 0.45107142857142857 0.37944162436548223 0.025 0.09137055837563451
6 0.48892857142857143 0.3629441624365482 0.023571428571428573 0.08629441624365482
6 0.4957142857142857 0.1713197969543147 0.02142857142857143 0.08121827411167512
6 0.465 0.15101522842639595 0.024285714285714285 0.07614213197969544
6 0.4282142857142857 0.10977157360406091 0.025 0.07487309644670051
6 0.38285714285714284 0.1802030456852792 0.025714285714285714 0.07868020304568528
6 0.7639285714285714 0.25253807106598986 0.05785714285714286 0.048223350253807105
6 0.7678571428571429 0.19289340101522842 0.05714285714285714 0.04314720812182741
7 0.8607142857142858 0.7068527918781726 0.07 0.07360406091370558
6 0.7717857142857143 0.04251269035532995 0.05357142857142857 0.046954314720812185
7 0.3917857142857143 0.550761421319797 0.02642857142857143 0.09390862944162437
8 0.40464285714285714 0.4010152284263959 0.023571428571428573 0.09137055837563451
8 0.48964285714285716 0.8217005076142132 0.055 0.35406091370558374
8 0.4275 0.8642131979695431 0.05357142857142857 0.26903553299492383