0 0.4717857142857143 0.0980952380952381 0.025 0.045714285714285714
0 0.4832142857142857 0.05095238095238095 0.02214285714285714 0.04285714285714286
8 0.45785714285714285 0.3380952380952381 0.02 0.047619047619047616
8 0.7042857142857143 0.7671428571428571 0.08142857142857143 0.06380952380952382
6 0.6935714285714286 0.6376190476190476 0.022857142857142857 0.05238095238095238
6 0.4675 0.41 0.012142857142857143 0.023809523809523808
8 0.6521428571428571 0.5052380952380953 0.04285714285714286 0.035238095238095235
8 0.6928571428571428 0.3719047619047619 0.018571428571428572 0.03142857142857143
0 0.44 0.27714285714285714 0.005714285714285714 0.015238095238095238
8 0.45535714285714285 0.16523809523809524 0.007857142857142858 0.021904761904761906
6 0.6785714285714286 0.36333333333333334 0.01 0.018095238095238095
9 0.6685714285714286 0.35714285714285715 0.008571428571428572 0.017142857142857144
1 0.4278571428571429 0.9542857142857143 0.01 0.03428571428571429
8 0.8060714285714285 0.15523809523809523 0.013571428571428571 0.02095238095238095
6 0.485 0.3047619047619048 0.008571428571428572 0.013333333333333334
8 0.5375 0.09 0.012142857142857143 0.006666666666666667
0 0.5346428571428572 0.11095238095238096 0.016428571428571428 0.021904761904761906
1 0.5314285714285715 0.22857142857142856 0.0014285714285714286 0.007619047619047619