2 0.26875 0.5733333333333334 0.0455 0.05733333333333333
6 0.5515 0.7456666666666667 0.121 0.114
6 0.5705 0.6393333333333333 0.137 0.092
6 0.582 0.455 0.113 0.07
6 0.59625 0.4166666666666667 0.0985 0.064
6 0.36925 0.4206666666666667 0.0715 0.08133333333333333
7 0.60475 0.30566666666666664 0.0955 0.06466666666666666
7 0.61675 0.194 0.0725 0.042666666666666665
6 0.3705 0.2703333333333333 0.051 0.054
6 0.38675 0.25133333333333335 0.0665 0.050666666666666665
6 0.42325 0.24266666666666667 0.0665 0.04533333333333334
6 0.45925 0.23133333333333334 0.0665 0.04533333333333334
6 0.479 0.20133333333333334 0.074 0.037333333333333336
6 0.6145 0.18166666666666667 0.063 0.03133333333333333
6 0.6235 0.16833333333333333 0.057 0.03
6 0.6285 0.13 0.057 0.030666666666666665
6 0.62025 0.11466666666666667 0.0465 0.028
6 0.6285 0.08866666666666667 0.043 0.02666666666666667
0 0.63075 0.03766666666666667 0.0565 0.07533333333333334
7 0.561 0.01 0.024 0.02
2 0.548 0.08533333333333333 0.01 0.017333333333333333
9 0.523 0.09433333333333334 0.026 0.026
7 0.95 0.15866666666666668 0.05 0.06266666666666666
8 0.838 0.052333333333333336 0.034 0.054
8 0.914 0.041 0.04 0.046
7 0.8085 0.012333333333333333 0.019 0.024666666666666667