6 0.2425 0.7652380952380953 0.09071428571428572 0.06380952380952382
7 0.3578571428571429 0.9547619047619048 0.11285714285714285 0.09047619047619047
6 0.35035714285714287 0.7528571428571429 0.09642857142857143 0.06571428571428571
6 0.6207142857142857 0.9552380952380952 0.1 0.08952380952380952
6 0.6353571428571428 0.8690476190476191 0.09928571428571428 0.07904761904761905
6 0.8085714285714286 0.820952380952381 0.10857142857142857 0.06666666666666667
6 0.9571428571428572 0.8085714285714286 0.08428571428571428 0.06666666666666667
6 0.6278571428571429 0.73 0.08 0.07714285714285714
6 0.6014285714285714 0.6866666666666666 0.08571428571428572 0.06857142857142857
6 0.5892857142857143 0.5852380952380952 0.07428571428571429 0.06
6 0.3989285714285714 0.6676190476190477 0.04357142857142857 0.09333333333333334
6 0.4082142857142857 0.5847619047619048 0.03642857142857143 0.07047619047619047
6 0.415 0.4990476190476191 0.032857142857142856 0.06285714285714286
6 0.4164285714285714 0.44 0.03 0.05142857142857143
6 0.4210714285714286 0.39380952380952383 0.027857142857142858 0.04476190476190476
6 0.3807142857142857 0.37047619047619046 0.027142857142857142 0.047619047619047616
6 0.42678571428571427 0.30714285714285716 0.045 0.04285714285714286
6 0.5767857142857142 0.5495238095238095 0.07071428571428572 0.04380952380952381
6 0.5792857142857143 0.5128571428571429 0.07142857142857142 0.04666666666666667
6 0.5710714285714286 0.4847619047619048 0.06642857142857143 0.04380952380952381
6 0.5760714285714286 0.45666666666666667 0.06642857142857143 0.04476190476190476
6 0.5717857142857142 0.4238095238095238 0.060714285714285714 0.0419047619047619
7 0.5603571428571429 0.38666666666666666 0.065 0.05904761904761905
6 0.555 0.35904761904761906 0.05714285714285714 0.03238095238095238
6 0.5560714285714285 0.3304761904761905 0.055 0.03428571428571429
6 0.4407142857142857 0.2509523809523809 0.032857142857142856 0.03333333333333333
6 0.4425 0.22285714285714286 0.03214285714285714 0.03428571428571429
6 0.43785714285714283 0.19095238095238096 0.022857142857142857 0.023809523809523808
6 0.5571428571428572 0.30904761904761907 0.05142857142857143 0.03142857142857143
6 0.5532142857142858 0.29 0.04214285714285714 0.02761904761904762
6 0.55 0.2719047619047619 0.04428571428571428 0.035238095238095235
6 0.5425 0.24952380952380954 0.04357142857142857 0.02857142857142857
6 0.5375 0.23238095238095238 0.04071428571428572 0.024761904761904763
6 0.5389285714285714 0.21619047619047618 0.045 0.030476190476190476
6 0.5385714285714286 0.19428571428571428 0.04285714285714286 0.024761904761904763
6 0.5364285714285715 0.1742857142857143 0.04428571428571428 0.02857142857142857
6 0.5242857142857142 0.14333333333333334 0.041428571428571426 0.023809523809523808
6 0.5285714285714286 0.1261904761904762 0.04285714285714286 0.021904761904761906
6 0.5125 0.07904761904761905 0.017857142857142856 0.022857142857142857
6 0.51 0.06428571428571428 0.017142857142857144 0.01619047619047619
6 0.5053571428571428 0.05047619047619047 0.019285714285714285 0.017142857142857144
6 0.4982142857142857 0.0380952380952381 0.015 0.015238095238095238
6 0.4907142857142857 0.025714285714285714 0.014285714285714285 0.015238095238095238
6 0.48642857142857143 0.016666666666666666 0.015714285714285715 0.014285714285714285
0 0.43 0.055714285714285716 0.02857142857142857 0.09238095238095238
0 0.43892857142857145 0.14 0.02642857142857143 0.049523809523809526
6 0.525 0.0880952380952381 0.017142857142857144 0.023809523809523808
6 0.12285714285714286 0.3961904761904762 0.037142857142857144 0.05142857142857143
6 0.12964285714285714 0.48333333333333334 0.07071428571428572 0.05238095238095238
6 0.09321428571428571 0.5966666666666667 0.10928571428571429 0.07142857142857142
6 0.06607142857142857 0.659047619047619 0.09928571428571428 0.06666666666666667
6 0.05 0.7057142857142857 0.09428571428571429 0.06095238095238095
6 0.09785714285714285 0.7604761904761905 0.09428571428571429 0.05619047619047619