6 0.13642857142857143 0.21446700507614214 0.01 0.007614213197969543
6 0.11928571428571429 0.20558375634517767 0.01 0.007614213197969543
6 0.165 0.1998730964467005 0.01 0.008883248730964468
6 0.18107142857142858 0.2100253807106599 0.009285714285714286 0.006345177664974619
6 0.02892857142857143 0.20875634517766498 0.009285714285714286 0.006345177664974619
7 0.2507142857142857 0.19035532994923857 0.011428571428571429 0.007614213197969543
11 0.22892857142857143 0.21446700507614214 0.017857142857142856 0.012690355329949238
11 0.2475 0.21573604060913706 0.015 0.012690355329949238
11 0.30357142857142855 0.21446700507614214 0.027142857142857142 0.017766497461928935
7 0.3375 0.18210659898477158 0.009285714285714286 0.008883248730964468
6 0.4110714285714286 0.2036802030456853 0.010714285714285714 0.008883248730964468
11 0.4407142857142857 0.22271573604060912 0.024285714285714285 0.0266497461928934
11 0.4682142857142857 0.27093908629441626 0.0064285714285714285 0.03680203045685279
7 0.4657142857142857 0.25253807106598986 0.004285714285714286 0.01015228426395939
11 0.455 0.3381979695431472 0.01 0.04187817258883249
6 0.4539285714285714 0.4022842639593909 0.005 0.015228426395939087
1 0.4342857142857143 0.4352791878172589 0.002857142857142857 0.007614213197969543
1 0.43464285714285716 0.4098984771573604 0.002142857142857143 0.01015228426395939
0 0.4357142857142857 0.38071065989847713 0.004285714285714286 0.007614213197969543
1 0.43607142857142855 0.4003807106598985 0.002142857142857143 0.008883248730964468
1 0.44392857142857145 0.3236040609137056 0.002142857142857143 0.007614213197969543
1 0.4417857142857143 0.3597715736040609 0.002142857142857143 0.008883248730964468
1 0.445 0.35406091370558374 0.002857142857142857 0.01015228426395939
11 0.5225 0.44225888324873097 0.009285714285714286 0.044416243654822336
6 0.4685714285714286 0.5076142131979695 0.007142857142857143 0.02030456852791878
11 0.5017857142857143 0.5025380710659898 0.009285714285714286 0.050761421319796954
11 0.565 0.4860406091370558 0.03571428571428571 0.02284263959390863
11 0.5617857142857143 0.5621827411167513 0.010714285714285714 0.05583756345177665
11 0.5732142857142857 0.6211928934010152 0.04214285714285714 0.0266497461928934
11 0.5735714285714286 0.6097715736040609 0.04285714285714286 0.02918781725888325
11 0.5225 0.5342639593908629 0.023571428571428573 0.02284263959390863
11 0.5182142857142857 0.5469543147208121 0.025 0.025380710659898477
11 0.5235714285714286 0.5558375634517766 0.02857142857142857 0.02284263959390863
11 0.5196428571428572 0.5691624365482234 0.029285714285714286 0.02918781725888325
8 0.6560714285714285 0.557741116751269 0.025 0.021573604060913704
6 0.6546428571428572 0.5323604060913706 0.015 0.011421319796954314
7 0.6560714285714285 0.5152284263959391 0.013571428571428571 0.017766497461928935
7 0.6557142857142857 0.5209390862944162 0.015714285714285715 0.01649746192893401
7 0.6046428571428571 0.5552030456852792 0.015 0.013959390862944163
3 0.5985714285714285 0.5107868020304569 0.011428571428571429 0.011421319796954314
6 0.6014285714285714 0.5355329949238579 0.014285714285714285 0.012690355329949238
6 0.6014285714285714 0.5266497461928934 0.015714285714285715 0.012690355329949238
8 0.8878571428571429 0.27982233502538073 0.015714285714285715 0.0266497461928934
8 0.8739285714285714 0.3229695431472081 0.02214285714285714 0.021573604060913704
8 0.9110714285714285 0.258248730964467 0.017857142857142856 0.011421319796954314
8 0.9675 0.2626903553299492 0.019285714285714285 0.015228426395939087
8 0.9807142857142858 0.24936548223350255 0.011428571428571429 0.013959390862944163
3 0.9446428571428571 0.26015228426395937 0.02642857142857143 0.017766497461928935
11 0.8010714285714285 0.12436548223350254 0.017857142857142856 0.015228426395939087
11 0.8271428571428572 0.13769035532994925 0.02142857142857143 0.021573604060913704
11 0.8192857142857143 0.16116751269035534 0.014285714285714285 0.025380710659898477
11 0.7842857142857143 0.13642131979695432 0.008571428571428572 0.021573604060913704
11 0.7989285714285714 0.16687817258883247 0.012142857142857143 0.01903553299492386
0 0.8360714285714286 0.16307106598984772 0.013571428571428571 0.01903553299492386
0 0.8475 0.15736040609137056 0.010714285714285714 0.02030456852791878
1 0.7907142857142857 0.5209390862944162 0.002857142857142857 0.008883248730964468
1 0.7875 0.559010152284264 0.002142857142857143 0.008883248730964468
4 0.7828571428571428 0.5856598984771574 0.004285714285714286 0.0038071065989847717
1 0.75 0.5564720812182741 0.002857142857142857 0.008883248730964468
1 0.7592857142857142 0.5520304568527918 0.0014285714285714286 0.007614213197969543
4 0.765 0.5615482233502538 0.002857142857142857 0.006345177664974619
1 0.6760714285714285 0.5171319796954315 0.002142857142857143 0.006345177664974619
7 0.67 0.6725888324873096 0.017142857142857144 0.015228426395939087
7 0.6496428571428572 0.6700507614213198 0.017857142857142856 0.015228426395939087
6 0.6307142857142857 0.6681472081218274 0.017142857142857144 0.013959390862944163
3 0.96 0.8940355329949239 0.03428571428571429 0.031725888324873094
8 0.9196428571428571 0.8908629441624365 0.04071428571428572 0.03553299492385787
8 0.8632142857142857 0.8845177664974619 0.05357142857142857 0.03807106598984772
3 0.8471428571428572 0.9321065989847716 0.018571428571428572 0.0266497461928934
8 0.6953571428571429 0.9054568527918782 0.02214285714285714 0.024111675126903553
3 0.6985714285714286 0.9574873096446701 0.017142857142857144 0.0266497461928934
6 0.6921428571428572 0.9352791878172588 0.02 0.02030456852791878
6 0.7971428571428572 0.8908629441624365 0.02142857142857143 0.015228426395939087
7 0.7242857142857143 0.9644670050761421 0.012857142857142857 0.03807106598984772
7 0.7996428571428571 0.9270304568527918 0.02214285714285714 0.021573604060913704
7 0.7975 0.9092639593908629 0.020714285714285713 0.021573604060913704
6 0.415 0.9175126903553299 0.011428571428571429 0.03299492385786802
6 0.4282142857142857 0.7887055837563451 0.009285714285714286 0.0266497461928934
7 0.4375 0.8578680203045685 0.009285714285714286 0.03299492385786802
6 0.4278571428571429 0.7062182741116751 0.011428571428571429 0.024111675126903553
6 0.4357142857142857 0.6059644670050761 0.012857142857142857 0.021573604060913704
6 0.4125 0.625 0.016428571428571428 0.01903553299492386
6 0.35964285714285715 0.6472081218274112 0.019285714285714285 0.015228426395939087
6 0.3367857142857143 0.6281725888324873 0.017857142857142856 0.015228426395939087
7 0.3582142857142857 0.5532994923857868 0.009285714285714286 0.02030456852791878
7 0.3485714285714286 0.5539340101522843 0.01 0.01903553299492386
7 0.33964285714285714 0.5520304568527918 0.009285714285714286 0.02284263959390863
7 0.3182142857142857 0.5513959390862944 0.010714285714285714 0.01903553299492386
7 0.245 0.5469543147208121 0.011428571428571429 0.02030456852791878
6 0.2882142857142857 0.6218274111675127 0.017857142857142856 0.012690355329949238
8 0.37107142857142855 0.7189086294416244 0.025 0.024111675126903553
6 0.2307142857142857 0.6230964467005076 0.017142857142857144 0.015228426395939087
7 0.23142857142857143 0.5469543147208121 0.011428571428571429 0.017766497461928935
6 0.22 0.5469543147208121 0.01 0.017766497461928935
6 0.20642857142857143 0.5456852791878173 0.011428571428571429 0.017766497461928935
7 0.19 0.5431472081218274 0.012857142857142857 0.02030456852791878
6 0.18178571428571427 0.5431472081218274 0.012142857142857143 0.02030456852791878
7 0.32071428571428573 0.9676395939086294 0.022857142857142857 0.021573604060913704
0 0.26357142857142857 0.8553299492385786 0.007142857142857143 0.012690355329949238
7 0.135 0.9822335025380711 0.024285714285714285 0.02284263959390863
0 0.09464285714285714 0.8204314720812182 0.007857142857142858 0.011421319796954314
0 0.0825 0.815989847715736 0.005 0.01015228426395939
11 0.0525 0.817258883248731 0.05357142857142857 0.04060913705583756
0 0.025357142857142856 0.800761421319797 0.002142857142857143 0.01015228426395939
0 0.009285714285714286 0.7963197969543148 0.002857142857142857 0.006345177664974619
6 0.14107142857142857 0.618020304568528 0.016428571428571428 0.012690355329949238
11 0.12535714285714286 0.6021573604060914 0.029285714285714286 0.021573604060913704
7 0.16142857142857142 0.5399746192893401 0.012857142857142857 0.01903553299492386
7 0.1367857142857143 0.5393401015228426 0.013571428571428571 0.02030456852791878
6 0.1525 0.5399746192893401 0.010714285714285714 0.01649746192893401
6 0.14464285714285716 0.541243654822335 0.012142857142857143 0.01649746192893401
7 0.09821428571428571 0.5406091370558376 0.017857142857142856 0.015228426395939087
7 0.07535714285714286 0.5406091370558376 0.017857142857142856 0.015228426395939087
7 0.014285714285714285 0.5361675126903553 0.018571428571428572 0.013959390862944163
7 0.12107142857142857 0.5380710659898477 0.013571428571428571 0.02030456852791878
7 0.03464285714285714 0.5368020304568528 0.017857142857142856 0.015228426395939087
6 0.05678571428571429 0.5393401015228426 0.015 0.012690355329949238
6 0.006071428571428571 0.5260152284263959 0.012142857142857143 0.011421319796954314
6 0.021785714285714287 0.501269035532995 0.010714285714285714 0.017766497461928935
6 0.030357142857142857 0.501269035532995 0.012142857142857143 0.02030456852791878
6 0.035 0.5031725888324873 0.01 0.021573604060913704
7 0.048928571428571425 0.4993654822335025 0.009285714285714286 0.02918781725888325
7 0.05678571428571429 0.4993654822335025 0.010714285714285714 0.0266497461928934
7 0.06428571428571428 0.501269035532995 0.008571428571428572 0.025380710659898477
7 0.07428571428571429 0.5006345177664975 0.01 0.0266497461928934
7 0.1025 0.5044416243654822 0.010714285714285714 0.024111675126903553
6 0.0875 0.506979695431472 0.012142857142857143 0.021573604060913704
6 0.07142857142857142 0.4714467005076142 0.017142857142857144 0.011421319796954314
7 0.11107142857142857 0.4593908629441624 0.016428571428571428 0.015228426395939087
7 0.10714285714285714 0.440989847715736 0.015714285714285715 0.011421319796954314
7 0.11464285714285714 0.35406091370558374 0.017857142857142856 0.017766497461928935
6 0.10321428571428572 0.37944162436548223 0.015 0.015228426395939087
6 0.13142857142857142 0.3197969543147208 0.018571428571428572 0.015228426395939087
7 0.15071428571428572 0.2836294416243655 0.015714285714285715 0.01649746192893401
6 0.1575 0.2753807106598985 0.012142857142857143 0.017766497461928935
0 0.16142857142857142 0.2969543147208122 0.005714285714285714 0.007614213197969543
0 0.15142857142857144 0.31725888324873097 0.005714285714285714 0.007614213197969543
0 0.13464285714285715 0.37246192893401014 0.0064285714285714285 0.011421319796954314
0 0.1417857142857143 0.35596446700507617 0.007857142857142858 0.013959390862944163
0 0.15071428571428572 0.33883248730964466 0.008571428571428572 0.017766497461928935
0 0.16714285714285715 0.30774111675126903 0.005714285714285714 0.013959390862944163
0 0.12142857142857143 0.4219543147208122 0.007142857142857143 0.0266497461928934
0 0.12821428571428573 0.4086294416243655 0.0064285714285714285 0.012690355329949238
0 0.12464285714285714 0.44225888324873097 0.0064285714285714285 0.011421319796954314
0 0.12928571428571428 0.43083756345177665 0.004285714285714286 0.008883248730964468
0 0.1357142857142857 0.3953045685279188 0.008571428571428572 0.01903553299492386
0 0.14392857142857143 0.37880710659898476 0.005 0.013959390862944163
0 0.13392857142857142 0.4206852791878173 0.0064285714285714285 0.011421319796954314
0 0.1175 0.4739847715736041 0.013571428571428571 0.008883248730964468
0 0.11964285714285715 0.48984771573604063 0.013571428571428571 0.01015228426395939
0 0.12714285714285714 0.45748730964467005 0.005714285714285714 0.008883248730964468
0 0.12928571428571428 0.4746192893401015 0.007142857142857143 0.02030456852791878
0 0.13428571428571429 0.44352791878172587 0.008571428571428572 0.011421319796954314
0 0.13857142857142857 0.4263959390862944 0.007142857142857143 0.017766497461928935
0 0.13892857142857143 0.407994923857868 0.0064285714285714285 0.013959390862944163
0 0.14892857142857144 0.3629441624365482 0.005 0.007614213197969543
0 0.15428571428571428 0.3534263959390863 0.004285714285714286 0.008883248730964468
0 0.15892857142857142 0.34581218274111675 0.009285714285714286 0.013959390862944163
0 0.16428571428571428 0.33058375634517767 0.004285714285714286 0.011421319796954314
0 0.14535714285714285 0.3946700507614213 0.005 0.01015228426395939
0 0.15285714285714286 0.3800761421319797 0.005714285714285714 0.013959390862944163
0 0.16071428571428573 0.3629441624365482 0.007142857142857143 0.01015228426395939
0 0.15714285714285714 0.39276649746192893 0.007142857142857143 0.013959390862944163
0 0.14857142857142858 0.41243654822335024 0.005714285714285714 0.01015228426395939
0 0.16892857142857143 0.36738578680203043 0.007857142857142858 0.011421319796954314
0 0.17214285714285715 0.33756345177664976 0.007142857142857143 0.012690355329949238