6 0.67 0.9528571428571428 0.06714285714285714 0.05047619047619047
4 0.6175 0.939047619047619 0.009285714285714286 0.013333333333333334
4 0.6325 0.9076190476190477 0.007857142857142858 0.013333333333333334
5 0.5239285714285714 0.9771428571428571 0.010714285714285714 0.02666666666666667
4 0.5242857142857142 0.9761904761904762 0.008571428571428572 0.017142857142857144
5 0.5110714285714286 0.9704761904761905 0.009285714285714286 0.03428571428571429
4 0.5110714285714286 0.9685714285714285 0.009285714285714286 0.022857142857142857
6 0.4514285714285714 0.9809523809523809 0.06714285714285714 0.0380952380952381
6 0.4685714285714286 0.9519047619047619 0.06428571428571428 0.05238095238095238
1 0.5535714285714286 0.8357142857142857 0.007142857142857143 0.02
2 0.5425 0.8052380952380952 0.012142857142857143 0.03333333333333333
4 0.5417857142857143 0.8128571428571428 0.009285714285714286 0.02
4 0.5425 0.800952380952381 0.010714285714285714 0.011428571428571429
6 0.4185714285714286 0.7866666666666666 0.06428571428571428 0.05142857142857143
6 0.4357142857142857 0.7490476190476191 0.055714285714285716 0.04666666666666667
6 0.43642857142857144 0.7080952380952381 0.055714285714285716 0.04857142857142857
6 0.4442857142857143 0.6738095238095239 0.05857142857142857 0.04476190476190476
9 0.4432142857142857 0.628095238095238 0.04214285714285714 0.039047619047619046
2 0.565 0.669047619047619 0.008571428571428572 0.03142857142857143
1 0.5407142857142857 0.5795238095238096 0.007142857142857143 0.01619047619047619
4 0.5389285714285714 0.5795238095238096 0.0035714285714285713 0.010476190476190476
1 0.5353571428571429 0.5361904761904762 0.009285714285714286 0.02095238095238095
9 0.4514285714285714 0.5733333333333334 0.04428571428571428 0.03619047619047619
6 0.46 0.5395238095238095 0.05285714285714286 0.04285714285714286
6 0.4639285714285714 0.51 0.05071428571428571 0.039047619047619046
7 0.4657142857142857 0.4766666666666667 0.047142857142857146 0.040952380952380955
9 0.4614285714285714 0.45666666666666667 0.03142857142857143 0.021904761904761906
4 0.5346428571428572 0.4423809523809524 0.007857142857142858 0.012380952380952381
4 0.5439285714285714 0.44047619047619047 0.007857142857142858 0.010476190476190476
2 0.5357142857142857 0.4266666666666667 0.018571428571428572 0.02095238095238095
2 0.4564285714285714 0.41714285714285715 0.018571428571428572 0.01904761904761905
6 0.4714285714285714 0.3985714285714286 0.04 0.05047619047619047
6 0.48178571428571426 0.36857142857142855 0.04071428571428572 0.047619047619047616
6 0.4882142857142857 0.3361904761904762 0.04071428571428572 0.045714285714285714
9 0.4835714285714286 0.28095238095238095 0.012857142857142857 0.02857142857142857
6 0.49107142857142855 0.2419047619047619 0.029285714285714286 0.0419047619047619