6 0.1985 0.21966666666666668 0.156 0.158
7 0.041 0.5383333333333333 0.082 0.21933333333333332
6 0.13575 0.589 0.1365 0.198
6 0.203 0.659 0.158 0.25933333333333336
6 0.2935 0.7286666666666667 0.148 0.24933333333333332
2 0.5545 0.31233333333333335 0.029 0.082
2 0.69775 0.395 0.0555 0.06466666666666666
1 0.6915 0.45166666666666666 0.031 0.046
1 0.6705 0.5376666666666666 0.029 0.042
6 0.4095 0.8073333333333333 0.113 0.23333333333333334
6 0.62925 0.896 0.1385 0.208
6 0.73 0.9343333333333333 0.111 0.13133333333333333
5 0.3105 0.16433333333333333 0.054 0.051333333333333335
5 0.303 0.154 0.057 0.05333333333333334