6 0.9425 0.91 0.10785714285714286 0.18
6 0.845 0.18857142857142858 0.09142857142857143 0.09523809523809523
7 0.7146428571428571 0.2519047619047619 0.10928571428571429 0.19333333333333333
6 0.07571428571428572 0.6680952380952381 0.14857142857142858 0.2619047619047619
6 0.14392857142857143 0.741904761904762 0.24214285714285713 0.21333333333333335
6 0.4664285714285714 0.19285714285714287 0.06571428571428571 0.13047619047619047
6 0.5582142857142857 0.09952380952380953 0.07928571428571428 0.1361904761904762
6 0.22214285714285714 0.3076190476190476 0.16714285714285715 0.10285714285714286
6 0.2367857142857143 0.22 0.15357142857142858 0.08571428571428572
6 0.23285714285714285 0.15666666666666668 0.13857142857142857 0.07904761904761905
6 0.23142857142857143 0.10904761904761905 0.1457142857142857 0.08476190476190476
6 0.25642857142857145 0.05333333333333334 0.12428571428571429 0.0761904761904762
6 0.235 0.024761904761904763 0.10714285714285714 0.049523809523809526
1 0.10892857142857143 0.4742857142857143 0.047857142857142855 0.07047619047619047
1 0.10571428571428572 0.42857142857142855 0.04428571428571428 0.05904761904761905
9 0.49357142857142855 0.38285714285714284 0.09714285714285714 0.19238095238095237
1 0.5221428571428571 0.42428571428571427 0.02857142857142857 0.05619047619047619
4 0.6353571428571428 0.4938095238095238 0.030714285714285715 0.05238095238095238
4 0.6635714285714286 0.5714285714285714 0.02857142857142857 0.05142857142857143
4 0.6457142857142857 0.6142857142857143 0.03142857142857143 0.05333333333333334
4 0.6028571428571429 0.5657142857142857 0.032857142857142856 0.06095238095238095
4 0.3675 0.09047619047619047 0.025 0.05333333333333334
5 0.3657142857142857 0.10523809523809524 0.027142857142857142 0.05619047619047619
5 0.6317857142857143 0.5157142857142857 0.030714285714285715 0.06
5 0.6432142857142857 0.6309523809523809 0.029285714285714286 0.07714285714285714
5 0.6578571428571428 0.5871428571428572 0.02142857142857143 0.08095238095238096
2 0.5978571428571429 0.5776190476190476 0.032857142857142856 0.06571428571428571