6 0.5489285714285714 0.7265228426395939 0.029285714285714286 0.08248730964467005
6 0.5164285714285715 0.5615482233502538 0.02857142857142857 0.06725888324873096
6 0.5778571428571428 0.491751269035533 0.02857142857142857 0.05710659898477157
6 0.6257142857142857 0.34390862944162437 0.02 0.04568527918781726
6 0.6710714285714285 0.22525380710659898 0.015 0.03934010152284264
6 0.6742857142857143 0.07868020304568528 0.014285714285714285 0.027918781725888325
6 0.6221428571428571 0.04949238578680203 0.015714285714285715 0.030456852791878174
6 0.5810714285714286 0.07614213197969544 0.016428571428571428 0.025380710659898477
6 0.6989285714285715 0.057741116751269035 0.012142857142857143 0.02918781725888325
6 0.6817857142857143 0.17893401015228427 0.016428571428571428 0.030456852791878174
6 0.6625 0.27918781725888325 0.016428571428571428 0.04314720812182741
6 0.6185714285714285 0.2639593908629442 0.017142857142857144 0.03807106598984772
6 0.6267857142857143 0.22779187817258884 0.016428571428571428 0.02918781725888325
7 0.6317857142857143 0.19035532994923857 0.013571428571428571 0.03807106598984772
7 0.6092857142857143 0.3153553299492386 0.018571428571428572 0.046954314720812185
7 0.7410714285714286 0.45748730964467005 0.02642857142857143 0.06979695431472081
7 0.6471428571428571 0.37944162436548223 0.02142857142857143 0.0532994923857868
7 0.5167857142857143 0.9003807106598984 0.03642857142857143 0.11040609137055837
7 0.20714285714285716 0.5634517766497462 0.05 0.05583756345177665
7 0.14 0.41053299492385786 0.041428571428571426 0.03934010152284264
7 0.2057142857142857 0.7760152284263959 0.04285714285714286 0.09517766497461928
11 0.5560714285714285 0.8781725888324873 0.06357142857142857 0.24111675126903553
1 0.2867857142857143 0.434010152284264 0.0064285714285714285 0.02284263959390863
1 0.26035714285714284 0.550761421319797 0.0064285714285714285 0.02284263959390863
1 0.2646428571428571 0.43083756345177665 0.005 0.021573604060913704
1 0.4232142857142857 0.37817258883248733 0.005 0.02284263959390863