6 0.10535714285714286 0.4680952380952381 0.07642857142857143 0.06
6 0.044642857142857144 0.42428571428571427 0.085 0.04285714285714286
6 0.36 0.4119047619047619 0.05857142857142857 0.05047619047619047
6 0.43607142857142855 0.4614285714285714 0.065 0.05047619047619047
6 0.5189285714285714 0.5271428571428571 0.08357142857142857 0.06952380952380953
6 0.6092857142857143 0.5290476190476191 0.09714285714285714 0.07333333333333333
6 0.7528571428571429 0.6176190476190476 0.12714285714285714 0.0980952380952381
7 0.8678571428571429 0.780952380952381 0.1957142857142857 0.18285714285714286
6 0.45071428571428573 0.42952380952380953 0.06285714285714286 0.047619047619047616
6 0.3975 0.39476190476190476 0.05357142857142857 0.04285714285714286
6 0.44642857142857145 0.3871428571428571 0.054285714285714284 0.039047619047619046
6 0.5175 0.4719047619047619 0.07214285714285715 0.054285714285714284
6 0.385 0.3438095238095238 0.037142857142857144 0.0380952380952381
6 0.39107142857142857 0.31333333333333335 0.035 0.03428571428571429
6 0.055 0.2876190476190476 0.02857142857142857 0.024761904761904763
6 0.0925 0.2804761904761905 0.02642857142857143 0.029523809523809525
6 0.03571428571428571 0.2719047619047619 0.02142857142857143 0.02761904761904762
6 0.08107142857142857 0.27095238095238094 0.020714285714285713 0.025714285714285714
6 0.06678571428571428 0.259047619047619 0.020714285714285713 0.022857142857142857
6 0.027142857142857142 0.24714285714285714 0.02142857142857143 0.023809523809523808
6 0.03642857142857143 0.26 0.022857142857142857 0.024761904761904763
6 0.4632142857142857 0.2633333333333333 0.03785714285714286 0.025714285714285714
6 0.4496428571428571 0.25476190476190474 0.03214285714285714 0.023809523809523808
6 0.4278571428571429 0.25333333333333335 0.03571428571428571 0.02666666666666667
6 0.4060714285714286 0.2509523809523809 0.03785714285714286 0.021904761904761906
6 0.5528571428571428 0.24761904761904763 0.037142857142857144 0.022857142857142857
6 0.5053571428571428 0.24714285714285714 0.03785714285714286 0.025714285714285714
6 0.55 0.21904761904761905 0.03571428571428571 0.01904761904761905
6 0.5078571428571429 0.22952380952380952 0.027142857142857142 0.02095238095238095
6 0.49714285714285716 0.2219047619047619 0.02857142857142857 0.022857142857142857
0 0.4660714285714286 0.23238095238095238 0.016428571428571428 0.017142857142857144
6 0.6664285714285715 0.22095238095238096 0.025714285714285714 0.02095238095238095
6 0.6275 0.19333333333333333 0.025 0.015238095238095238
4 0.30214285714285716 0.27 0.008571428571428572 0.012380952380952381
4 0.3610714285714286 0.2561904761904762 0.005 0.013333333333333334
4 0.2307142857142857 0.2776190476190476 0.007142857142857143 0.014285714285714285
1 0.5375 0.3414285714285714 0.0064285714285714285 0.03142857142857143
1 0.5232142857142857 0.33904761904761904 0.007857142857142858 0.03238095238095238
4 0.5125 0.3485714285714286 0.007857142857142858 0.02095238095238095
4 0.5085714285714286 0.33714285714285713 0.01 0.01904761904761905
4 0.48 0.3395238095238095 0.008571428571428572 0.018095238095238095
4 0.46464285714285714 0.3342857142857143 0.0064285714285714285 0.024761904761904763
4 0.4542857142857143 0.31857142857142856 0.005714285714285714 0.021904761904761906
4 0.4732142857142857 0.3171428571428571 0.005 0.01904761904761905
6 0.5110714285714286 0.3628571428571429 0.017857142857142856 0.01904761904761905
6 0.4789285714285714 0.34904761904761905 0.017857142857142856 0.01619047619047619
6 0.5078571428571429 0.34523809523809523 0.015714285714285715 0.008571428571428572
6 0.485 0.34 0.017142857142857144 0.013333333333333334
6 0.4542857142857143 0.3252380952380952 0.012857142857142857 0.018095238095238095
6 0.4725 0.3233333333333333 0.009285714285714286 0.014285714285714285
4 0.48392857142857143 0.3295238095238095 0.007857142857142858 0.017142857142857144
0 0.4421428571428571 0.2904761904761905 0.015714285714285715 0.022857142857142857
0 0.4707142857142857 0.29095238095238096 0.012857142857142857 0.02
0 0.3960714285714286 0.29285714285714287 0.017857142857142856 0.018095238095238095
6 0.2307142857142857 0.28476190476190477 0.017142857142857144 0.009523809523809525
6 0.30214285714285716 0.27666666666666667 0.015714285714285715 0.010476190476190476
6 0.36178571428571427 0.25952380952380955 0.016428571428571428 0.010476190476190476
0 0.3339285714285714 0.26 0.013571428571428571 0.017142857142857144
4 0.03428571428571429 0.3819047619047619 0.008571428571428572 0.013333333333333334
4 0.009285714285714286 0.38095238095238093 0.008571428571428572 0.015238095238095238
2 0.03535714285714286 0.3942857142857143 0.016428571428571428 0.024761904761904763
2 0.010357142857142856 0.39380952380952383 0.015 0.023809523809523808
0 0.04071428571428572 0.16238095238095238 0.022857142857142857 0.014285714285714285