0 0.66375 0.275 0.0085 0.007333333333333333
0 0.65625 0.2826666666666667 0.0085 0.009333333333333334
0 0.64925 0.2896666666666667 0.0165 0.006
6 0.646 0.29933333333333334 0.004 0.004
6 0.64075 0.3243333333333333 0.0055 0.006
6 0.63775 0.33266666666666667 0.0055 0.006666666666666667
6 0.608 0.32866666666666666 0.006 0.006666666666666667
6 0.5765 0.349 0.008 0.007333333333333333
6 0.60525 0.3396666666666667 0.0065 0.007333333333333333
6 0.62325 0.345 0.0065 0.006
6 0.632 0.3526666666666667 0.007 0.006666666666666667
7 0.67325 0.36333333333333334 0.0105 0.010666666666666666
6 0.66925 0.349 0.0065 0.008666666666666666
6 0.557 0.38233333333333336 0.013 0.008666666666666666
7 0.43975 0.474 0.0195 0.025333333333333333
6 0.40175 0.4703333333333333 0.0215 0.020666666666666667
1 0.41425 0.45066666666666666 0.0045 0.013333333333333334
1 0.4175 0.44966666666666666 0.003 0.012666666666666666
4 0.42 0.4513333333333333 0.003 0.006666666666666667
6 0.356 0.5463333333333333 0.031 0.028666666666666667
2 0.26325 0.586 0.0125 0.017333333333333333
4 0.263 0.5803333333333334 0.009 0.019333333333333334
6 0.093 0.779 0.078 0.07666666666666666
10 0.64725 0.45666666666666667 0.0165 0.016
1 0.64975 0.442 0.0035 0.014666666666666666
6 0.7205 0.39166666666666666 0.022 0.012666666666666666
6 0.77725 0.396 0.0255 0.010666666666666666
6 0.81275 0.3983333333333333 0.0235 0.011333333333333334
6 0.84375 0.4 0.0255 0.010666666666666666
6 0.878 0.4013333333333333 0.028 0.012
6 0.95725 0.419 0.0185 0.011333333333333334
8 0.96825 0.39 0.0275 0.02
1 0.737 0.445 0.004 0.015333333333333332
1 0.7905 0.43833333333333335 0.004 0.011333333333333334
1 0.83075 0.42033333333333334 0.0025 0.012666666666666666
1 0.80825 0.48833333333333334 0.0035 0.011333333333333334
4 0.8155 0.44566666666666666 0.008 0.007333333333333333
4 0.7965 0.44 0.004 0.009333333333333334
4 0.799 0.44166666666666665 0.005 0.008666666666666666
4 0.8005 0.44233333333333336 0.005 0.01
4 0.81675 0.43233333333333335 0.0025 0.008666666666666666
4 0.793 0.4533333333333333 0.004 0.008
4 0.857 0.6576666666666666 0.008 0.014
1 0.8435 0.6396666666666667 0.01 0.026
4 0.82025 0.532 0.0075 0.012
6 0.97725 0.582 0.0455 0.025333333333333333
6 0.90275 0.6766666666666666 0.0525 0.042666666666666665
6 0.81525 0.6303333333333333 0.0555 0.03266666666666666
6 0.81025 0.595 0.0485 0.038
8 0.5295 0.35933333333333334 0.018 0.010666666666666666
6 0.544 0.3536666666666667 0.011 0.007333333333333333
6 0.55025 0.34833333333333333 0.0085 0.006
6 0.612 0.315 0.006 0.008666666666666666
6 0.5865 0.3323333333333333 0.007 0.008666666666666666
6 0.61825 0.309 0.0065 0.004666666666666667
6 0.62 0.30566666666666664 0.005 0.004666666666666667
6 0.62325 0.30333333333333334 0.0035 0.006666666666666667
6 0.62725 0.3006666666666667 0.0035 0.005333333333333333
0 0.63425 0.295 0.0095 0.011333333333333334
0 0.5995 0.323 0.008 0.008666666666666666