1 0.17714285714285713 0.9079949238578681 0.01 0.0266497461928934
1 0.2760714285714286 0.7557106598984772 0.010714285714285714 0.0266497461928934
1 0.35535714285714287 0.5107868020304569 0.0064285714285714285 0.024111675126903553
1 0.3335714285714286 0.5076142131979695 0.007142857142857143 0.02284263959390863
1 0.30607142857142855 0.2430203045685279 0.005 0.01903553299492386
1 0.41035714285714286 0.3102791878172589 0.005 0.021573604060913704
1 0.4060714285714286 0.2848984771573604 0.0035714285714285713 0.021573604060913704
1 0.4025 0.2049492385786802 0.0035714285714285713 0.021573604060913704
1 0.40285714285714286 0.17639593908629442 0.004285714285714286 0.02030456852791878
1 0.3782142857142857 0.17195431472081218 0.005 0.01903553299492386
7 0.4328571428571429 0.3565989847715736 0.02 0.04060913705583756
11 0.4446428571428571 0.2633248730964467 0.03214285714285714 0.10025380710659898
7 0.4542857142857143 0.20748730964467005 0.015714285714285715 0.02918781725888325
7 0.4617857142857143 0.16878172588832488 0.013571428571428571 0.03299492385786802
1 0.44285714285714284 0.12119289340101523 0.004285714285714286 0.01649746192893401
0 0.4328571428571429 0.09137055837563451 0.002857142857142857 0.01015228426395939
1 0.44642857142857145 0.09581218274111675 0.004285714285714286 0.013959390862944163
6 0.45785714285714285 0.027918781725888325 0.011428571428571429 0.02030456852791878
6 0.4657142857142857 0.07487309644670051 0.01 0.02284263959390863
6 0.465 0.11865482233502538 0.011428571428571429 0.024111675126903553
6 0.7682142857142857 0.809010152284264 0.02214285714285714 0.07741116751269035
6 0.7935714285714286 0.9708121827411168 0.02142857142857143 0.048223350253807105
7 0.8085714285714286 0.7944162436548223 0.022857142857142857 0.07106598984771574
6 0.8996428571428572 0.9663705583756346 0.060714285714285714 0.06472081218274112
6 0.8917857142857143 0.9181472081218274 0.03785714285714286 0.06218274111675127
7 0.9064285714285715 0.8445431472081218 0.05714285714285714 0.06472081218274112
6 0.9053571428571429 0.807741116751269 0.052142857142857144 0.05456852791878172
6 0.9067857142857143 0.7753807106598984 0.05071428571428571 0.050761421319796954
2 0.9217857142857143 0.6916243654822335 0.007857142857142858 0.030456852791878174
2 0.925 0.6763959390862944 0.02857142857142857 0.03299492385786802
7 0.9410714285714286 0.6383248730964467 0.045 0.06598984771573604
7 0.9546428571428571 0.5685279187817259 0.03785714285714286 0.0532994923857868
6 0.9464285714285714 0.6008883248730964 0.037142857142857144 0.05710659898477157
7 0.9592857142857143 0.5317258883248731 0.041428571428571426 0.06091370558375635
7 0.9592857142857143 0.49619289340101524 0.04 0.050761421319796954
7 0.9675 0.46954314720812185 0.039285714285714285 0.050761421319796954
6 0.9907142857142858 0.37880710659898476 0.018571428571428572 0.044416243654822336
3 0.9721428571428572 0.43147208121827413 0.03142857142857143 0.050761421319796954
6 0.9953571428571428 0.24873096446700507 0.009285714285714286 0.03299492385786802
3 0.9689285714285715 0.2265228426395939 0.02214285714285714 0.04187817258883249
7 0.7642857142857142 0.6643401015228426 0.02 0.06218274111675127
11 0.8164285714285714 0.6529187817258884 0.022857142857142857 0.11040609137055837
7 0.8210714285714286 0.583756345177665 0.019285714285714285 0.0532994923857868
11 0.8382142857142857 0.46446700507614214 0.039285714285714285 0.13451776649746192
11 0.8817857142857143 0.3483502538071066 0.04642857142857143 0.13071065989847716
11 0.9242857142857143 0.18908629441624367 0.04285714285714286 0.10406091370558376
7 0.8992857142857142 0.27093908629441626 0.018571428571428572 0.03934010152284264
7 0.9364285714285714 0.13895939086294415 0.02 0.03426395939086294
6 0.9517857142857142 0.09454314720812183 0.015 0.0266497461928934
6 0.92 0.01903553299492386 0.014285714285714285 0.02284263959390863
6 0.8971428571428571 0.17449238578680204 0.017142857142857144 0.031725888324873094
7 0.8932142857142857 0.014593908629441625 0.015 0.02918781725888325
7 0.8142857142857143 0.0133248730964467 0.015714285714285715 0.024111675126903553
7 0.7928571428571428 0.14022842639593908 0.014285714285714285 0.03426395939086294
6 0.8046428571428571 0.09898477157360407 0.012142857142857143 0.027918781725888325
6 0.7732142857142857 0.48223350253807107 0.017857142857142856 0.050761421319796954
7 0.6357142857142857 0.5291878172588832 0.018571428571428572 0.05583756345177665
7 0.7378571428571429 0.3534263959390863 0.018571428571428572 0.04187817258883249
8 0.7632142857142857 0.12119289340101523 0.02214285714285714 0.05964467005076142
6 0.7207142857142858 0.1998730964467005 0.014285714285714285 0.02918781725888325
11 0.6371428571428571 0.2652284263959391 0.024285714285714285 0.11928934010152284
11 0.6635714285714286 0.14022842639593908 0.012857142857142857 0.0266497461928934
6 0.7232142857142857 0.06091370558375635 0.013571428571428571 0.02284263959390863
6 0.41464285714285715 0.42385786802030456 0.02214285714285714 0.04060913705583756