0 0.1255 0.617 0.05 0.06466666666666666
0 0.181 0.6196666666666667 0.054 0.07
0 0.23625 0.625 0.0355 0.06333333333333334
0 0.28325 0.6313333333333333 0.0375 0.058666666666666666
0 0.32625 0.6406666666666667 0.0515 0.06666666666666667
0 0.3755 0.6533333333333333 0.045 0.06266666666666666
0 0.41425 0.662 0.0295 0.06
0 0.45325 0.6543333333333333 0.0395 0.082
1 0.46825 0.6046666666666667 0.0055 0.014666666666666666
1 0.528 0.508 0.021 0.04133333333333333
1 0.56175 0.512 0.0215 0.044
1 0.5875 0.514 0.02 0.042666666666666665
1 0.62075 0.5143333333333333 0.0215 0.043333333333333335
6 0.64575 0.5266666666666666 0.0195 0.048
6 0.69425 0.5293333333333333 0.0185 0.04533333333333334
1 0.59325 0.6876666666666666 0.0075 0.018
1 0.63125 0.842 0.0055 0.02
5 0.4775 0.725 0.019 0.015333333333333332
5 0.551 0.793 0.021 0.015333333333333332
5 0.55175 0.783 0.0215 0.014
5 0.553 0.7533333333333333 0.02 0.013333333333333334
5 0.5545 0.7253333333333334 0.02 0.012
5 0.5575 0.7186666666666667 0.02 0.012
5 0.55575 0.7096666666666667 0.0185 0.011333333333333334
5 0.55525 0.6983333333333334 0.0165 0.008666666666666666
5 0.55975 0.6886666666666666 0.0175 0.010666666666666666
5 0.49575 0.6786666666666666 0.0195 0.009333333333333334
5 0.485 0.6676666666666666 0.017 0.014
5 0.4885 0.6606666666666666 0.016 0.017333333333333333
5 0.48775 0.6523333333333333 0.0175 0.011333333333333334
5 0.49125 0.6473333333333333 0.0195 0.013333333333333334
5 0.49 0.6356666666666667 0.017 0.014