6 0.30357142857142855 0.9733333333333334 0.15571428571428572 0.05333333333333334
6 0.18464285714285714 0.5695238095238095 0.08928571428571429 0.15428571428571428
6 0.315 0.8766666666666667 0.14142857142857143 0.11523809523809524
6 0.3439285714285714 0.77 0.13785714285714284 0.0980952380952381
6 0.7185714285714285 0.950952380952381 0.1357142857142857 0.0980952380952381
6 0.7564285714285715 0.8447619047619047 0.1442857142857143 0.10476190476190476
6 0.7460714285714286 0.6442857142857142 0.135 0.09428571428571429
6 0.7210714285714286 0.4442857142857143 0.12071428571428572 0.08857142857142856
6 0.7296428571428571 0.3647619047619048 0.11357142857142857 0.08952380952380952
6 0.7346428571428572 0.1457142857142857 0.10642857142857143 0.07809523809523809
6 0.7357142857142858 0.07666666666666666 0.10714285714285714 0.07904761904761905
6 0.7492857142857143 0.027142857142857142 0.10142857142857142 0.05238095238095238
5 0.8353571428571429 0.42238095238095236 0.025 0.04285714285714286
6 0.05 0.540952380952381 0.09571428571428571 0.16380952380952382
6 0.13428571428571429 0.38857142857142857 0.13428571428571429 0.08761904761904762
6 0.39071428571428574 0.16952380952380952 0.11 0.07809523809523809
6 0.4117857142857143 0.10285714285714286 0.10357142857142858 0.08952380952380952
6 0.41214285714285714 0.03571428571428571 0.09714285714285714 0.06761904761904762
6 0.13857142857142857 0.11428571428571428 0.07428571428571429 0.11428571428571428
6 0.20392857142857143 0.11142857142857143 0.08071428571428571 0.12761904761904763
6 0.18285714285714286 0.021904761904761906 0.06 0.04380952380952381
1 0.0175 0.9757142857142858 0.03214285714285714 0.04857142857142857
7 0.11178571428571428 0.7780952380952381 0.115 0.2057142857142857
7 0.7342857142857143 0.7376190476190476 0.14714285714285713 0.1
1 0.5714285714285714 0.8814285714285715 0.018571428571428572 0.039047619047619046
1 0.5239285714285714 0.9171428571428571 0.023571428571428573 0.03428571428571429
1 0.5975 0.7042857142857143 0.023571428571428573 0.029523809523809525
1 0.6675 0.5352380952380953 0.019285714285714285 0.030476190476190476
1 0.6907142857142857 0.5504761904761905 0.027142857142857142 0.024761904761904763
7 0.29 0.11904761904761904 0.06428571428571428 0.11428571428571428