6 0.49714285714285716 0.9633333333333334 0.022857142857142857 0.07333333333333333
6 0.5303571428571429 0.8547619047619047 0.02214285714285714 0.06571428571428571
6 0.49714285714285716 0.7376190476190476 0.02 0.06571428571428571
6 0.43357142857142855 0.9195238095238095 0.027142857142857142 0.07142857142857142
6 0.3475 0.8909523809523809 0.047857142857142855 0.03142857142857143
6 0.35285714285714287 0.8466666666666667 0.045714285714285714 0.02666666666666667
6 0.35928571428571426 0.7623809523809524 0.047142857142857146 0.029523809523809525
6 0.34464285714285714 0.73 0.05071428571428571 0.029523809523809525
6 0.34214285714285714 0.6942857142857143 0.045714285714285714 0.02666666666666667
7 0.3467857142857143 0.6271428571428571 0.04928571428571429 0.03142857142857143
2 0.5471428571428572 0.6304761904761905 0.007142857142857143 0.02095238095238095
4 0.5475 0.6271428571428571 0.005 0.014285714285714285
6 0.5028571428571429 0.5047619047619047 0.02 0.05523809523809524
9 0.5557142857142857 0.46714285714285714 0.011428571428571429 0.029523809523809525
4 0.5546428571428571 0.4576190476190476 0.0064285714285714285 0.012380952380952381
7 0.5321428571428571 0.37 0.018571428571428572 0.05047619047619047
8 0.5325 0.2838095238095238 0.017857142857142856 0.05333333333333334
6 0.5667857142857143 0.26476190476190475 0.02214285714285714 0.045714285714285714
2 0.5475 0.22952380952380952 0.007857142857142858 0.022857142857142857
4 0.505 0.1438095238095238 0.005714285714285714 0.013333333333333334
2 0.5053571428571428 0.15047619047619049 0.0064285714285714285 0.01904761904761905
2 0.4957142857142857 0.10666666666666667 0.008571428571428572 0.02666666666666667
9 0.575 0.01 0.01 0.02
7 0.3982142857142857 0.44952380952380955 0.019285714285714285 0.05333333333333334
6 0.4017857142857143 0.39571428571428574 0.020714285714285713 0.05047619047619047
7 0.6635714285714286 0.9033333333333333 0.054285714285714284 0.040952380952380955
1 0.7617857142857143 0.7642857142857142 0.009285714285714286 0.014285714285714285
9 0.7485714285714286 0.7142857142857143 0.024285714285714285 0.04380952380952381
6 0.6596428571428572 0.6914285714285714 0.039285714285714285 0.02666666666666667
8 0.6442857142857142 0.5109523809523809 0.05714285714285714 0.03142857142857143
7 0.6460714285714285 0.47333333333333333 0.03785714285714286 0.024761904761904763
6 0.7307142857142858 0.4533333333333333 0.03142857142857143 0.02666666666666667
6 0.6475 0.45 0.04214285714285714 0.023809523809523808
6 0.6471428571428571 0.42333333333333334 0.04285714285714286 0.025714285714285714
6 0.6467857142857143 0.3976190476190476 0.04214285714285714 0.02761904761904762
6 0.6460714285714285 0.36523809523809525 0.04214285714285714 0.025714285714285714
6 0.6464285714285715 0.34 0.04285714285714286 0.024761904761904763
6 0.6471428571428571 0.31333333333333335 0.04 0.02666666666666667
6 0.7228571428571429 0.2509523809523809 0.03857142857142857 0.025714285714285714
6 0.6421428571428571 0.26095238095238094 0.03857142857142857 0.02857142857142857
6 0.6042857142857143 0.2752380952380952 0.04 0.030476190476190476
7 0.6407142857142857 0.23095238095238096 0.03857142857142857 0.029523809523809525
9 0.6696428571428571 0.2195238095238095 0.012142857142857143 0.02
1 0.6657142857142857 0.2057142857142857 0.005714285714285714 0.013333333333333334
2 0.6867857142857143 0.21285714285714286 0.0064285714285714285 0.014285714285714285
1 0.6867857142857143 0.20523809523809525 0.005 0.012380952380952381
0 0.7210714285714286 0.1280952380952381 0.020714285714285713 0.04285714285714286
2 0.7153571428571428 0.09666666666666666 0.015 0.014285714285714285
9 0.7128571428571429 0.06619047619047619 0.011428571428571429 0.025714285714285714
2 0.7171428571428572 0.05047619047619047 0.011428571428571429 0.013333333333333334
1 0.7189285714285715 0.04523809523809524 0.005 0.014285714285714285
6 0.6478571428571429 0.0680952380952381 0.037142857142857144 0.02761904761904762
6 0.6482142857142857 0.04666666666666667 0.03642857142857143 0.02095238095238095
6 0.6467857142857143 0.02619047619047619 0.035 0.021904761904761906
6 0.6489285714285714 0.009047619047619047 0.03357142857142857 0.018095238095238095