6 0.39964285714285713 0.6352380952380953 0.04357142857142857 0.06285714285714286
6 0.3678571428571429 0.6209523809523809 0.045714285714285714 0.06095238095238095
6 0.40535714285714286 0.5557142857142857 0.03642857142857143 0.05047619047619047
6 0.43357142857142855 0.5642857142857143 0.03857142857142857 0.05047619047619047
6 0.4589285714285714 0.5119047619047619 0.030714285714285715 0.040952380952380955
6 0.4357142857142857 0.49857142857142855 0.032857142857142856 0.039047619047619046
6 0.48 0.47523809523809524 0.02857142857142857 0.03619047619047619
6 0.5014285714285714 0.42952380952380953 0.025714285714285714 0.03428571428571429
7 0.4782142857142857 0.42904761904761907 0.025 0.040952380952380955
6 0.5185714285714286 0.3933333333333333 0.02 0.03238095238095238
6 0.49357142857142855 0.39666666666666667 0.022857142857142857 0.025714285714285714
6 0.5082142857142857 0.370952380952381 0.02214285714285714 0.025714285714285714
6 0.5214285714285715 0.35333333333333333 0.018571428571428572 0.024761904761904763
6 0.5996428571428571 0.39904761904761904 0.015 0.024761904761904763
4 0.5075 0.3076190476190476 0.0035714285714285713 0.007619047619047619
4 0.5467857142857143 0.25666666666666665 0.0035714285714285713 0.006666666666666667
2 0.5075 0.3119047619047619 0.0035714285714285713 0.008571428571428572
2 0.5467857142857143 0.2604761904761905 0.0035714285714285713 0.006666666666666667
0 0.5325 0.28 0.005 0.011428571428571429
0 0.6821428571428572 0.0680952380952381 0.008571428571428572 0.01619047619047619
0 0.6717857142857143 0.0838095238095238 0.009285714285714286 0.01904761904761905
0 0.6646428571428571 0.10380952380952381 0.019285714285714285 0.01904761904761905
0 0.6632142857142858 0.12238095238095238 0.020714285714285713 0.012380952380952381
0 0.6439285714285714 0.12666666666666668 0.013571428571428571 0.01904761904761905
6 0.6164285714285714 0.1523809523809524 0.008571428571428572 0.005714285714285714
6 0.6671428571428571 0.19714285714285715 0.007142857142857143 0.013333333333333334
6 0.6682142857142858 0.14857142857142858 0.0064285714285714285 0.007619047619047619
6 0.6410714285714286 0.1519047619047619 0.009285714285714286 0.006666666666666667
1 0.6035714285714285 0.16523809523809524 0.002857142857142857 0.008571428571428572
1 0.56 0.21523809523809523 0.002857142857142857 0.009523809523809525
0 0.5960714285714286 0.18095238095238095 0.010714285714285714 0.015238095238095238
0 0.585 0.19857142857142857 0.004285714285714286 0.010476190476190476
0 0.525 0.27904761904761904 0.004285714285714286 0.011428571428571429
4 0.5521428571428572 0.23952380952380953 0.002857142857142857 0.006666666666666667
4 0.5560714285714285 0.24523809523809523 0.0035714285714285713 0.006666666666666667
4 0.5610714285714286 0.25 0.0035714285714285713 0.006666666666666667
2 0.5517857142857143 0.24285714285714285 0.0035714285714285713 0.005714285714285714
2 0.5607142857142857 0.25333333333333335 0.002857142857142857 0.007619047619047619
2 0.5553571428571429 0.24857142857142858 0.0035714285714285713 0.005714285714285714
0 0.5660714285714286 0.25523809523809526 0.0035714285714285713 0.007619047619047619
0 0.5410714285714285 0.24047619047619048 0.005 0.010476190476190476
0 0.4432142857142857 0.42 0.009285714285714286 0.017142857142857144