7 0.3339285714285714 0.9023809523809524 0.14642857142857144 0.19523809523809524
6 0.2042857142857143 0.820952380952381 0.08714285714285715 0.14095238095238094
6 0.13964285714285715 0.6833333333333333 0.08071428571428571 0.12285714285714286
1 0.36964285714285716 0.5942857142857143 0.016428571428571428 0.03428571428571429
6 0.026785714285714284 0.43761904761904763 0.05357142857142857 0.0980952380952381
6 0.31392857142857145 0.34285714285714286 0.06357142857142857 0.07809523809523809
6 0.2739285714285714 0.28 0.04928571428571429 0.06095238095238095
6 0.3432142857142857 0.16380952380952382 0.07642857142857143 0.06857142857142857
4 0.21464285714285714 0.2995238095238095 0.015 0.03142857142857143
5 0.21785714285714286 0.3080952380952381 0.017142857142857144 0.03142857142857143
6 0.18321428571428572 0.16 0.052142857142857144 0.06285714285714286
6 0.14964285714285713 0.11190476190476191 0.055 0.06380952380952382
6 0.11357142857142857 0.06761904761904762 0.047142857142857146 0.05523809523809524
1 0.1675 0.016666666666666666 0.015 0.03333333333333333
6 0.4953571428571429 0.3180952380952381 0.075 0.08190476190476191
6 0.44035714285714284 0.5123809523809524 0.07928571428571428 0.10095238095238095
1 0.4325 0.29333333333333333 0.013571428571428571 0.0380952380952381
5 0.44142857142857145 0.30142857142857143 0.017142857142857144 0.039047619047619046
7 0.5003571428571428 0.6880952380952381 0.075 0.10571428571428572
7 0.6639285714285714 0.4685714285714286 0.07785714285714286 0.10285714285714286
8 0.7457142857142857 0.5771428571428572 0.14 0.1219047619047619
1 0.9139285714285714 0.518095238095238 0.020714285714285713 0.02857142857142857
1 0.9314285714285714 0.4685714285714286 0.02142857142857143 0.02857142857142857
1 0.7175 0.5238095238095238 0.012142857142857143 0.04
8 0.7164285714285714 0.8790476190476191 0.15428571428571428 0.19428571428571428
7 0.22035714285714286 0.025714285714285714 0.06785714285714285 0.05142857142857143
6 0.07571428571428572 0.023333333333333334 0.04857142857142857 0.04666666666666667