6 0.18 0.7385714285714285 0.05714285714285714 0.04476190476190476
6 0.43857142857142856 0.820952380952381 0.05142857142857143 0.0419047619047619
7 0.1675 0.5580952380952381 0.04642857142857143 0.0380952380952381
6 0.22071428571428572 0.5776190476190476 0.05 0.039047619047619046
6 0.3107142857142857 0.5961904761904762 0.032857142857142856 0.06476190476190476
6 0.42428571428571427 0.63 0.02857142857142857 0.06571428571428571
1 0.3557142857142857 0.5533333333333333 0.01 0.011428571428571429
1 0.35928571428571426 0.5385714285714286 0.008571428571428572 0.014285714285714285
4 0.030357142857142857 0.6461904761904762 0.010714285714285714 0.01619047619047619
5 0.0325 0.6476190476190476 0.010714285714285714 0.022857142857142857
1 0.05285714285714286 0.6409523809523809 0.015714285714285715 0.015238095238095238
9 0.055714285714285716 0.5923809523809523 0.025714285714285714 0.05333333333333334
2 0.4089285714285714 0.8857142857142857 0.023571428571428573 0.017142857142857144
4 0.41 0.8871428571428571 0.012857142857142857 0.014285714285714285
2 0.3917857142857143 0.929047619047619 0.023571428571428573 0.01619047619047619
6 0.5960714285714286 0.8752380952380953 0.05785714285714286 0.04380952380952381
6 0.9860714285714286 0.799047619047619 0.02642857142857143 0.07047619047619047
6 0.94 0.7985714285714286 0.055714285714285716 0.04285714285714286
6 0.8460714285714286 0.7695238095238095 0.05071428571428571 0.0380952380952381
6 0.7896428571428571 0.7528571428571429 0.055 0.040952380952380955
6 0.7232142857142857 0.7380952380952381 0.05357142857142857 0.04
6 0.6603571428571429 0.7219047619047619 0.05071428571428571 0.03238095238095238
6 0.6053571428571428 0.699047619047619 0.05071428571428571 0.03619047619047619
7 0.6875 0.5966666666666667 0.023571428571428573 0.06380952380952382
6 0.675 0.5452380952380952 0.047142857142857146 0.035238095238095235
6 0.7553571428571428 0.6128571428571429 0.025 0.06190476190476191
6 0.8675 0.6314285714285715 0.025 0.07047619047619047
6 0.8403571428571428 0.6304761904761905 0.025 0.06285714285714286
6 0.8142857142857143 0.6209523809523809 0.027142857142857142 0.06476190476190476
6 0.7803571428571429 0.5628571428571428 0.04642857142857143 0.03428571428571429
6 0.8360714285714286 0.4766666666666667 0.02642857142857143 0.06571428571428571
6 0.7789285714285714 0.47619047619047616 0.02214285714285714 0.05714285714285714
6 0.7553571428571428 0.4738095238095238 0.023571428571428573 0.06
6 0.6892857142857143 0.4685714285714286 0.024285714285714285 0.06285714285714286
6 0.6657142857142857 0.4642857142857143 0.024285714285714285 0.06190476190476191
7 0.5142857142857142 0.5414285714285715 0.032857142857142856 0.058095238095238096
6 0.485 0.5223809523809524 0.03142857142857143 0.06190476190476191
6 0.4307142857142857 0.5004761904761905 0.03428571428571429 0.06
2 0.4660714285714286 0.44761904761904764 0.009285714285714286 0.022857142857142857
2 0.45285714285714285 0.4442857142857143 0.008571428571428572 0.025714285714285714
2 0.4425 0.4423809523809524 0.010714285714285714 0.025714285714285714
2 0.3982142857142857 0.42904761904761907 0.012142857142857143 0.021904761904761906
2 0.3842857142857143 0.42238095238095236 0.01 0.021904761904761906
6 0.33 0.4785714285714286 0.02857142857142857 0.06190476190476191
6 0.2760714285714286 0.4576190476190476 0.03214285714285714 0.06190476190476191
7 0.2517857142857143 0.4523809523809524 0.03214285714285714 0.06095238095238095
6 0.20142857142857143 0.43952380952380954 0.032857142857142856 0.06380952380952382
6 0.1707142857142857 0.4328571428571429 0.03428571428571429 0.06190476190476191
6 0.14535714285714285 0.42095238095238097 0.03357142857142857 0.05904761904761905
6 0.12321428571428572 0.41904761904761906 0.03214285714285714 0.05523809523809524
7 0.09428571428571429 0.41619047619047617 0.04 0.06476190476190476
4 0.04 0.37333333333333335 0.011428571428571429 0.015238095238095238
5 0.0425 0.3757142857142857 0.010714285714285714 0.023809523809523808
1 0.0775 0.35428571428571426 0.015 0.01904761904761905
6 0.1125 0.3304761904761905 0.047857142857142855 0.045714285714285714
2 0.23107142857142857 0.36238095238095236 0.012142857142857143 0.023809523809523808
7 0.105 0.2838095238095238 0.037142857142857144 0.03619047619047619
7 0.1 0.25523809523809526 0.04428571428571428 0.0380952380952381