6 0.2575 0.7390476190476191 0.10357142857142858 0.06666666666666667
6 0.054285714285714284 0.7733333333333333 0.10428571428571429 0.06476190476190476
6 0.15142857142857144 0.6923809523809524 0.09857142857142857 0.06285714285714286
6 0.25607142857142856 0.6680952380952381 0.08214285714285714 0.05619047619047619
6 0.36964285714285716 0.6419047619047619 0.08785714285714286 0.06285714285714286
6 0.5692857142857143 0.6738095238095239 0.09142857142857143 0.058095238095238096
6 0.4878571428571429 0.621904761904762 0.08714285714285715 0.05904761904761905
6 0.4432142857142857 0.5657142857142857 0.08214285714285714 0.05714285714285714
8 0.20392857142857143 0.6047619047619047 0.33214285714285713 0.15047619047619049
7 0.5607142857142857 0.5361904761904762 0.09428571428571429 0.06857142857142857
6 0.5953571428571428 0.5957142857142858 0.08214285714285714 0.05238095238095238
6 0.7821428571428571 0.650952380952381 0.09428571428571429 0.06380952380952382
6 0.8046428571428571 0.4961904761904762 0.085 0.06666666666666667
8 0.575 0.45095238095238094 0.10571428571428572 0.07714285714285714
6 0.82 0.2276190476190476 0.05 0.06095238095238095
6 0.7757142857142857 0.22523809523809524 0.045714285714285714 0.058095238095238096
6 0.7307142857142858 0.20904761904761904 0.04 0.058095238095238096
6 0.7046428571428571 0.1595238095238095 0.03214285714285714 0.04857142857142857
6 0.7439285714285714 0.16714285714285715 0.03785714285714286 0.05047619047619047
6 0.775 0.15761904761904763 0.03857142857142857 0.04857142857142857
8 0.7135714285714285 0.11095238095238096 0.045714285714285714 0.06571428571428571
6 0.725 0.08571428571428572 0.032857142857142856 0.047619047619047616
6 0.6810714285714285 0.06952380952380953 0.03357142857142857 0.04380952380952381
6 0.6610714285714285 0.024761904761904763 0.02642857142857143 0.0380952380952381
4 0.6207142857142857 0.15571428571428572 0.007142857142857143 0.01619047619047619
4 0.6360714285714286 0.1519047619047619 0.0064285714285714285 0.012380952380952381
4 0.7057142857142857 0.3442857142857143 0.01 0.014285714285714285
4 0.7285714285714285 0.32761904761904764 0.01 0.017142857142857144
4 0.71 0.32142857142857145 0.007142857142857143 0.018095238095238095
4 0.7064285714285714 0.31952380952380954 0.008571428571428572 0.023809523809523808
4 0.6317857142857143 0.19714285714285715 0.007857142857142858 0.015238095238095238
4 0.64 0.19285714285714287 0.008571428571428572 0.014285714285714285
1 0.7003571428571429 0.5666666666666667 0.016428571428571428 0.02666666666666667
1 0.7225 0.789047619047619 0.017857142857142856 0.018095238095238095
4 0.7403571428571428 0.861904761904762 0.016428571428571428 0.02666666666666667
1 0.7625 0.8795238095238095 0.025 0.018095238095238095
4 0.6746428571428571 0.7119047619047619 0.010714285714285714 0.02
4 0.665 0.7785714285714286 0.01 0.021904761904761906
4 0.7114285714285714 0.7223809523809523 0.01 0.02
4 0.7514285714285714 0.710952380952381 0.012857142857142857 0.02761904761904762
4 0.6039285714285715 0.741904761904762 0.013571428571428571 0.024761904761904763
4 0.7828571428571428 0.8033333333333333 0.012857142857142857 0.023809523809523808
4 0.7757142857142857 0.7723809523809524 0.011428571428571429 0.02857142857142857
2 0.6739285714285714 0.7147619047619047 0.029285714285714286 0.023809523809523808
2 0.6660714285714285 0.7804761904761904 0.027857142857142858 0.018095238095238095
2 0.7092857142857143 0.7261904761904762 0.032857142857142856 0.018095238095238095
2 0.7492857142857143 0.7133333333333334 0.037142857142857144 0.02095238095238095
2 0.6010714285714286 0.7476190476190476 0.03357142857142857 0.02095238095238095
2 0.7228571428571429 0.7919047619047619 0.03 0.014285714285714285
2 0.7378571428571429 0.87 0.027142857142857142 0.02
2 0.78 0.8095238095238095 0.022857142857142857 0.02095238095238095
2 0.7771428571428571 0.77 0.03142857142857143 0.014285714285714285
0 0.7321428571428571 0.75 0.02857142857142857 0.02761904761904762
2 0.7053571428571429 0.3576190476190476 0.013571428571428571 0.02761904761904762
2 0.7275 0.3361904761904762 0.013571428571428571 0.022857142857142857
2 0.7082142857142857 0.3261904761904762 0.012142857142857143 0.02
0 0.7010714285714286 0.29095238095238096 0.013571428571428571 0.035238095238095235
0 0.6778571428571428 0.30904761904761907 0.012857142857142857 0.02761904761904762
2 0.6203571428571428 0.1619047619047619 0.009285714285714286 0.02095238095238095
2 0.6357142857142857 0.16095238095238096 0.01 0.013333333333333334
2 0.6310714285714286 0.20238095238095238 0.009285714285714286 0.02
2 0.6410714285714286 0.20238095238095238 0.007857142857142858 0.02
0 0.6760714285714285 0.24761904761904763 0.013571428571428571 0.05714285714285714
0 0.6521428571428571 0.21428571428571427 0.011428571428571429 0.04
4 0.9764285714285714 0.4238095238095238 0.011428571428571429 0.022857142857142857
2 0.9707142857142858 0.430952380952381 0.032857142857142856 0.02
0 0.545 0.37285714285714283 0.024285714285714285 0.037142857142857144