4 0.39 0.5213333333333333 0.03 0.029333333333333333
1 0.48 0.057666666666666665 0.018 0.058
6 0.487 0.2996666666666667 0.065 0.20733333333333334
6 0.469 0.628 0.079 0.21333333333333335
5 0.58825 0.765 0.0185 0.066
4 0.5895 0.7756666666666666 0.019 0.03666666666666667
4 0.5845 0.794 0.017 0.04133333333333333
4 0.68775 0.772 0.0265 0.036
1 0.646 0.7243333333333334 0.034 0.038
1 0.84825 0.971 0.0405 0.05
1 0.862 0.9556666666666667 0.061 0.04733333333333333
6 0.79675 0.688 0.0895 0.20266666666666666
5 0.83875 0.8746666666666667 0.0495 0.052
8 0.37075 0.7376666666666667 0.0705 0.23933333333333334
8 0.71075 0.32033333333333336 0.1665 0.126
1 0.662 0.37466666666666665 0.026 0.03333333333333333
1 0.61875 0.377 0.0195 0.034
4 0.60575 0.348 0.0125 0.018666666666666668
1 0.5895 0.30833333333333335 0.019 0.04066666666666666
1 0.5975 0.26066666666666666 0.015 0.034666666666666665
1 0.69 0.264 0.023 0.03866666666666667
6 0.63675 0.08266666666666667 0.0735 0.16266666666666665