1 0.7464285714285714 0.8362944162436549 0.01 0.050761421319796954
1 0.7389285714285714 0.8274111675126904 0.007857142857142858 0.04314720812182741
1 0.8185714285714286 0.5450507614213198 0.007142857142857143 0.031725888324873094
1 0.7721428571428571 0.5196700507614214 0.01 0.02918781725888325
1 0.5014285714285714 0.5431472081218274 0.008571428571428572 0.03553299492385787
1 0.49464285714285716 0.5393401015228426 0.0064285714285714285 0.03299492385786802
1 0.5192857142857142 0.684010152284264 0.012857142857142857 0.0532994923857868
1 0.3717857142857143 0.5748730964467005 0.009285714285714286 0.04314720812182741
1 0.2864285714285714 0.47017766497461927 0.007142857142857143 0.01903553299492386
1 0.30464285714285716 0.47715736040609136 0.007857142857142858 0.030456852791878174
1 0.27964285714285714 0.4682741116751269 0.0064285714285714285 0.02284263959390863
1 0.41892857142857143 0.49682741116751267 0.007857142857142858 0.01903553299492386
1 0.5771428571428572 0.4993654822335025 0.007142857142857143 0.024111675126903553
1 0.5735714285714286 0.4980964467005076 0.004285714285714286 0.031725888324873094
1 0.48392857142857143 0.36421319796954316 0.0064285714285714285 0.02284263959390863
8 0.6714285714285714 0.8991116751269036 0.06285714285714286 0.19923857868020303
8 0.8557142857142858 0.6510152284263959 0.07857142857142857 0.08883248730964467
6 0.7328571428571429 0.6675126903553299 0.055714285714285716 0.06598984771573604
6 0.785 0.6865482233502538 0.06857142857142857 0.06091370558375635
2 0.7807142857142857 0.5463197969543148 0.02857142857142857 0.03426395939086294
2 0.745 0.5368020304568528 0.02 0.027918781725888325
2 0.6453571428571429 0.49111675126903553 0.015 0.030456852791878174
6 0.53 0.4333756345177665 0.018571428571428572 0.03680203045685279
6 0.5825 0.3680203045685279 0.015 0.030456852791878174
6 0.5789285714285715 0.35088832487309646 0.013571428571428571 0.0266497461928934
6 0.5578571428571428 0.2563451776649746 0.012857142857142857 0.02284263959390863
6 0.5546428571428571 0.23477157360406092 0.009285714285714286 0.025380710659898477
6 0.5025 0.3286802030456853 0.019285714285714285 0.025380710659898477
6 0.49785714285714283 0.3153553299492386 0.015714285714285715 0.021573604060913704
6 0.5135714285714286 0.30710659898477155 0.012857142857142857 0.02284263959390863
6 0.515 0.2918781725888325 0.011428571428571429 0.017766497461928935
6 0.49714285714285716 0.30076142131979694 0.014285714285714285 0.027918781725888325
6 0.5103571428571428 0.2760152284263959 0.012142857142857143 0.024111675126903553
6 0.49607142857142855 0.2893401015228426 0.009285714285714286 0.02030456852791878
6 0.5371428571428571 0.21573604060913706 0.008571428571428572 0.015228426395939087
6 0.5246428571428572 0.22144670050761422 0.009285714285714286 0.01649746192893401
6 0.5228571428571429 0.2315989847715736 0.008571428571428572 0.013959390862944163
11 0.5257142857142857 0.25317258883248733 0.017142857142857144 0.03934010152284264
8 0.5360714285714285 0.35913705583756345 0.02214285714285714 0.05583756345177665
8 0.5692857142857143 0.2963197969543147 0.018571428571428572 0.05203045685279188
8 0.5528571428571428 0.21890862944162437 0.014285714285714285 0.03426395939086294
8 0.5292857142857142 0.15926395939086294 0.01 0.024111675126903553
8 0.5392857142857143 0.15418781725888325 0.008571428571428572 0.01903553299492386
6 0.5335714285714286 0.18972081218274112 0.008571428571428572 0.013959390862944163
6 0.5425 0.1751269035532995 0.0064285714285714285 0.012690355329949238
6 0.5639285714285714 0.2036802030456853 0.010714285714285714 0.013959390862944163
7 0.018214285714285714 0.3953045685279188 0.03642857142857143 0.08248730964467005
7 0.09607142857142857 0.37246192893401014 0.07071428571428572 0.09263959390862944
6 0.18357142857142858 0.27284263959390864 0.04 0.04060913705583756
6 0.13 0.26649746192893403 0.04428571428571428 0.03553299492385787
6 0.27285714285714285 0.15736040609137056 0.018571428571428572 0.02030456852791878
6 0.2985714285714286 0.19035532994923857 0.02142857142857143 0.025380710659898477
6 0.3342857142857143 0.20939086294416243 0.022857142857142857 0.027918781725888325
6 0.37 0.17639593908629442 0.017142857142857144 0.02284263959390863
6 0.32392857142857145 0.15101522842639595 0.015 0.02030456852791878
6 0.3578571428571429 0.13007614213197968 0.012857142857142857 0.01649746192893401
6 0.34964285714285714 0.12436548223350254 0.012142857142857143 0.015228426395939087
6 0.39714285714285713 0.11802030456852793 0.01 0.012690355329949238
8 0.3425 0.1148477157360406 0.017857142857142856 0.02918781725888325
8 0.37857142857142856 0.1034263959390863 0.014285714285714285 0.021573604060913704
8 0.43785714285714283 0.10152284263959391 0.01 0.027918781725888325
11 0.435 0.0901015228426396 0.01 0.025380710659898477
8 0.39964285714285713 0.08185279187817258 0.007857142857142858 0.01649746192893401
6 0.3985714285714286 0.09644670050761421 0.007142857142857143 0.012690355329949238
6 0.3939285714285714 0.1065989847715736 0.009285714285714286 0.015228426395939087
11 0.4135714285714286 0.0799492385786802 0.005714285714285714 0.012690355329949238
6 0.4175 0.08629441624365482 0.005 0.007614213197969543
6 0.4207142857142857 0.08248730964467005 0.004285714285714286 0.01015228426395939
0 0.4307142857142857 0.056472081218274114 0.03571428571428571 0.031725888324873094
0 0.13107142857142856 0.0983502538071066 0.255 0.12563451776649745
0 0.3375 0.06662436548223351 0.056428571428571425 0.03934010152284264