6 0.3525 0.23238095238095238 0.013571428571428571 0.04
1 0.3575 0.26666666666666666 0.0064285714285714285 0.007619047619047619
1 0.47964285714285715 0.14523809523809525 0.0035714285714285713 0.008571428571428572
6 0.5392857142857143 0.015714285714285715 0.03142857142857143 0.02
6 0.54 0.037142857142857144 0.02857142857142857 0.01904761904761905
7 0.54 0.07428571428571429 0.03142857142857143 0.02095238095238095
7 0.5392857142857143 0.11666666666666667 0.03428571428571429 0.021904761904761906
6 0.5385714285714286 0.1838095238095238 0.03142857142857143 0.01904761904761905
8 0.5407142857142857 0.22666666666666666 0.04 0.02666666666666667
4 0.5089285714285714 0.11190476190476191 0.0035714285714285713 0.010476190476190476
5 0.5060714285714286 0.10428571428571429 0.0035714285714285713 0.014285714285714285
6 0.5392857142857143 0.09619047619047619 0.027142857142857142 0.01904761904761905
7 0.6135714285714285 0.01380952380952381 0.03 0.02
8 0.6164285714285714 0.03571428571428571 0.025714285714285714 0.021904761904761906
7 0.6164285714285714 0.07238095238095238 0.03 0.02095238095238095
1 0.65 0.07380952380952381 0.004285714285714286 0.010476190476190476
7 0.6185714285714285 0.2 0.025714285714285714 0.01904761904761905
7 0.6182142857142857 0.17952380952380953 0.025 0.018095238095238095
6 0.6167857142857143 0.09428571428571429 0.025 0.01904761904761905
6 0.6160714285714286 0.11523809523809524 0.030714285714285715 0.02095238095238095
6 0.6175 0.1376190476190476 0.030714285714285715 0.02
6 0.6175 0.15904761904761905 0.029285714285714286 0.01904761904761905
1 0.6782142857142858 0.19904761904761906 0.005 0.009523809523809525
4 0.6721428571428572 0.24476190476190476 0.004285714285714286 0.007619047619047619
2 0.6725 0.24476190476190476 0.007857142857142858 0.017142857142857144
6 0.6164285714285714 0.3295238095238095 0.03 0.01904761904761905
6 0.6175 0.3676190476190476 0.029285714285714286 0.01904761904761905
7 0.6192857142857143 0.39095238095238094 0.03 0.018095238095238095
6 0.6207142857142857 0.48 0.02857142857142857 0.015238095238095238
6 0.6285714285714286 0.9142857142857143 0.02857142857142857 0.022857142857142857
6 0.6296428571428572 0.8419047619047619 0.030714285714285715 0.02095238095238095
1 0.6010714285714286 0.82 0.0035714285714285713 0.007619047619047619
1 0.5957142857142858 0.82 0.004285714285714286 0.009523809523809525
8 0.5492857142857143 0.8466666666666667 0.04 0.02857142857142857
8 0.5078571428571429 0.8519047619047619 0.041428571428571426 0.02761904761904762
8 0.5060714285714286 0.8152380952380952 0.04214285714285714 0.02857142857142857
8 0.6257142857142857 0.7738095238095238 0.04428571428571428 0.021904761904761906
8 0.5060714285714286 0.7761904761904762 0.04214285714285714 0.022857142857142857
8 0.5042857142857143 0.7119047619047619 0.041428571428571426 0.021904761904761906
8 0.6307142857142857 0.6985714285714286 0.04285714285714286 0.021904761904761906
8 0.6314285714285715 0.5919047619047619 0.041428571428571426 0.021904761904761906
6 0.5007142857142857 0.6804761904761905 0.03142857142857143 0.01619047619047619
6 0.5439285714285714 0.3680952380952381 0.030714285714285715 0.018095238095238095
8 0.5 0.4123809523809524 0.041428571428571426 0.02095238095238095
7 0.2671428571428571 0.3871428571428571 0.012857142857142857 0.035238095238095235
6 0.8710714285714286 0.03761904761904762 0.029285714285714286 0.02
6 0.9439285714285715 0.03666666666666667 0.029285714285714286 0.021904761904761906
7 0.9414285714285714 0.006190476190476191 0.02857142857142857 0.012380952380952381
6 0.925 0.5285714285714286 0.025714285714285714 0.030476190476190476
6 0.9078571428571428 0.6480952380952381 0.02857142857142857 0.03333333333333333