1 0.7878571428571428 0.6218274111675127 0.011428571428571429 0.030456852791878174
1 0.8071428571428572 0.6592639593908629 0.012857142857142857 0.031725888324873094
1 0.6714285714285714 0.600253807106599 0.007142857142857143 0.03299492385786802
1 0.6742857142857143 0.641497461928934 0.01 0.024111675126903553
6 0.8296428571428571 0.7722081218274112 0.04214285714285714 0.0850253807106599
6 0.66 0.8381979695431472 0.008571428571428572 0.031725888324873094
6 0.6671428571428571 0.8356598984771574 0.008571428571428572 0.03426395939086294
6 0.3921428571428571 0.8261421319796954 0.032857142857142856 0.1116751269035533
6 0.4675 0.8972081218274112 0.027857142857142858 0.09644670050761421
6 0.5146428571428572 0.32614213197969544 0.020714285714285713 0.0583756345177665
6 0.5085714285714286 0.13007614213197968 0.015714285714285715 0.04187817258883249
6 0.4757142857142857 0.0850253807106599 0.015714285714285715 0.03553299492385787
6 0.5264285714285715 0.014593908629441625 0.011428571428571429 0.02918781725888325
6 0.3342857142857143 0.061548223350253804 0.017142857142857144 0.024111675126903553
8 0.4375 0.5539340101522843 0.035 0.12563451776649745
2 0.59 0.5380710659898477 0.01 0.03299492385786802
4 0.5892857142857143 0.5329949238578681 0.008571428571428572 0.02030456852791878
1 0.30142857142857143 0.6763959390862944 0.007142857142857143 0.04060913705583756