8 0.21285714285714286 0.8133333333333334 0.03571428571428571 0.024761904761904763
8 0.2860714285714286 0.6580952380952381 0.02214285714285714 0.045714285714285714
8 0.5060714285714286 0.7519047619047619 0.03785714285714286 0.08285714285714285
8 0.3171428571428571 0.5704761904761905 0.037142857142857144 0.08761904761904762
0 0.6207142857142857 0.44285714285714284 0.02142857142857143 0.06095238095238095
8 0.5885714285714285 0.5395238095238095 0.011428571428571429 0.021904761904761906
7 0.7582142857142857 0.5333333333333333 0.023571428571428573 0.022857142857142857
6 0.7296428571428571 0.4976190476190476 0.02214285714285714 0.02761904761904762
6 0.6721428571428572 0.7261904761904762 0.022857142857142857 0.018095238095238095
6 0.665 0.7504761904761905 0.022857142857142857 0.022857142857142857
7 0.595 0.7647619047619048 0.02857142857142857 0.02666666666666667
7 0.5607142857142857 0.7685714285714286 0.02 0.024761904761904763
7 0.6039285714285715 0.9561904761904761 0.015 0.03428571428571429
6 0.5282142857142857 0.8709523809523809 0.017857142857142856 0.03142857142857143
6 0.5157142857142857 0.9080952380952381 0.017142857142857144 0.037142857142857144
6 0.6421428571428571 0.9557142857142857 0.025714285714285714 0.025714285714285714
6 0.8010714285714285 0.7338095238095238 0.016428571428571428 0.025714285714285714
7 0.5153571428571428 0.871904761904762 0.013571428571428571 0.03333333333333333
6 0.56 0.7047619047619048 0.011428571428571429 0.03238095238095238
6 0.5778571428571428 0.6542857142857142 0.02 0.02095238095238095
6 0.5717857142857142 0.6338095238095238 0.02214285714285714 0.021904761904761906
1 0.5207142857142857 0.6528571428571428 0.004285714285714286 0.010476190476190476
1 0.5175 0.6628571428571428 0.0035714285714285713 0.011428571428571429
0 0.6446428571428572 0.53 0.027857142857142858 0.03142857142857143
6 0.6957142857142857 0.2342857142857143 0.01 0.02666666666666667
6 0.67 0.3352380952380952 0.01 0.02857142857142857
6 0.8603571428571428 0.22142857142857142 0.015 0.02761904761904762
6 0.8371428571428572 0.23047619047619047 0.014285714285714285 0.024761904761904763
0 0.6853571428571429 0.11095238095238096 0.009285714285714286 0.02
3 0.545 0.2752380952380952 0.03571428571428571 0.024761904761904763
3 0.4442857142857143 0.5866666666666667 0.011428571428571429 0.02857142857142857
5 0.7228571428571429 0.03190476190476191 0.008571428571428572 0.01619047619047619
0 0.7271428571428571 0.08333333333333333 0.02142857142857143 0.06190476190476191
6 0.9496428571428571 0.6714285714285714 0.023571428571428573 0.024761904761904763
0 0.8503571428571428 0.5757142857142857 0.013571428571428571 0.014285714285714285
0 0.4228571428571429 0.9071428571428571 0.011428571428571429 0.02
6 0.3575 0.8657142857142858 0.012142857142857143 0.03619047619047619
6 0.37107142857142855 0.8342857142857143 0.017857142857142856 0.03238095238095238
6 0.2739285714285714 0.7019047619047619 0.015 0.03428571428571429
6 0.2953571428571429 0.5814285714285714 0.016428571428571428 0.03142857142857143