6 0.6475 0.8085714285714286 0.065 0.09904761904761905
6 0.5510714285714285 0.621904761904762 0.03357142857142857 0.047619047619047616
6 0.4875 0.49714285714285716 0.027857142857142858 0.03238095238095238
6 0.4517857142857143 0.4895238095238095 0.023571428571428573 0.02666666666666667
6 0.4392857142857143 0.4576190476190476 0.02 0.025714285714285714
6 0.525 0.3523809523809524 0.025714285714285714 0.017142857142857144
6 0.4632142857142857 0.7242857142857143 0.03785714285714286 0.07523809523809524
11 0.38607142857142857 0.4004761904761905 0.062142857142857146 0.06190476190476191
11 0.6596428571428572 0.3138095238095238 0.05785714285714286 0.03142857142857143
6 0.3175 0.3738095238095238 0.015 0.021904761904761906
6 0.32321428571428573 0.3504761904761905 0.015 0.01904761904761905
6 0.33107142857142857 0.3304761904761905 0.015 0.017142857142857144
6 0.3007142857142857 0.3461904761904762 0.012857142857142857 0.01619047619047619
6 0.31142857142857144 0.3333333333333333 0.015714285714285715 0.015238095238095238
6 0.2985714285714286 0.31952380952380954 0.014285714285714285 0.01619047619047619
6 0.2810714285714286 0.3 0.012142857142857143 0.013333333333333334
6 0.485 0.3304761904761905 0.025714285714285714 0.015238095238095238
6 0.7271428571428571 0.31 0.027142857142857142 0.014285714285714285
6 0.6953571428571429 0.3423809523809524 0.02214285714285714 0.014285714285714285
6 0.8321428571428572 0.3219047619047619 0.025714285714285714 0.015238095238095238
6 0.8653571428571428 0.3142857142857143 0.02214285714285714 0.015238095238095238
1 0.2814285714285714 0.6471428571428571 0.008571428571428572 0.023809523809523808
1 0.2832142857142857 0.7280952380952381 0.012142857142857143 0.02761904761904762
1 0.3192857142857143 0.770952380952381 0.011428571428571429 0.02761904761904762
1 0.325 0.8642857142857143 0.01 0.02761904761904762
1 0.3335714285714286 0.8385714285714285 0.011428571428571429 0.021904761904761906
1 0.33964285714285714 0.7838095238095238 0.012142857142857143 0.02857142857142857
6 0.385 0.4514285714285714 0.02 0.030476190476190476
6 0.19142857142857142 0.3061904761904762 0.02 0.012380952380952381
6 0.20107142857142857 0.2923809523809524 0.020714285714285713 0.011428571428571429
6 0.2825 0.32047619047619047 0.013571428571428571 0.012380952380952381
0 0.27035714285714285 0.28476190476190477 0.012142857142857143 0.013333333333333334
0 0.2975 0.2985714285714286 0.007857142857142858 0.010476190476190476
0 0.2689285714285714 0.3457142857142857 0.027857142857142858 0.022857142857142857
1 0.23785714285714285 0.3976190476190476 0.005714285714285714 0.012380952380952381
1 0.24142857142857144 0.3952380952380952 0.005714285714285714 0.013333333333333334
1 0.24821428571428572 0.4552380952380952 0.0064285714285714285 0.015238095238095238
1 0.2714285714285714 0.3871428571428571 0.005714285714285714 0.014285714285714285
0 0.2907142857142857 0.43333333333333335 0.005714285714285714 0.015238095238095238
1 0.2764285714285714 0.38904761904761903 0.005714285714285714 0.012380952380952381
2 0.3475 0.5680952380952381 0.007857142857142858 0.021904761904761906
2 0.3725 0.5666666666666667 0.009285714285714286 0.017142857142857144
2 0.32535714285714284 0.5085714285714286 0.007857142857142858 0.015238095238095238
4 0.32571428571428573 0.5066666666666667 0.005714285714285714 0.011428571428571429
4 0.3467857142857143 0.5604761904761905 0.0064285714285714285 0.018095238095238095
4 0.37142857142857144 0.559047619047619 0.008571428571428572 0.017142857142857144
0 0.2978571428571429 0.8438095238095238 0.017142857142857144 0.03619047619047619
2 0.35964285714285715 0.7852380952380953 0.010714285714285714 0.03333333333333333
4 0.36 0.7828571428571428 0.01 0.024761904761904763
1 0.3603571428571429 0.6838095238095238 0.007857142857142858 0.022857142857142857
0 0.38785714285714284 0.8271428571428572 0.012857142857142857 0.040952380952380955
1 0.8 0.7947619047619048 0.011428571428571429 0.03142857142857143
1 0.7878571428571428 0.7942857142857143 0.011428571428571429 0.02095238095238095
1 0.7525 0.7280952380952381 0.012142857142857143 0.025714285714285714
1 0.6292857142857143 0.5438095238095239 0.008571428571428572 0.01904761904761905
1 0.6264285714285714 0.5380952380952381 0.007142857142857143 0.01904761904761905
1 0.6239285714285714 0.5347619047619048 0.009285714285714286 0.02
2 0.6585714285714286 0.3780952380952381 0.01 0.009523809523809525
1 0.6582142857142858 0.37285714285714283 0.005 0.010476190476190476
2 0.59 0.5966666666666667 0.014285714285714285 0.023809523809523808
4 0.5903571428571428 0.5919047619047619 0.007857142857142858 0.02
1 0.4742857142857143 0.36 0.004285714285714286 0.015238095238095238
1 0.48142857142857143 0.3514285714285714 0.005714285714285714 0.013333333333333334
1 0.46214285714285713 0.3538095238095238 0.004285714285714286 0.012380952380952381
1 0.5125 0.4066666666666667 0.005 0.017142857142857144
1 0.5335714285714286 0.4038095238095238 0.005714285714285714 0.017142857142857144
0 0.4907142857142857 0.43142857142857144 0.005714285714285714 0.015238095238095238
0 0.47785714285714287 0.4238095238095238 0.005714285714285714 0.017142857142857144
0 0.46964285714285714 0.4080952380952381 0.0064285714285714285 0.01619047619047619
0 0.4664285714285714 0.3919047619047619 0.005714285714285714 0.018095238095238095
0 0.45607142857142857 0.3980952380952381 0.005 0.013333333333333334
7 0.43714285714285717 0.3171428571428571 0.015714285714285715 0.02095238095238095
7 0.5014285714285714 0.3261904761904762 0.012857142857142857 0.01619047619047619
6 0.5253571428571429 0.32666666666666666 0.02214285714285714 0.013333333333333334
6 0.5210714285714285 0.3238095238095238 0.02214285714285714 0.013333333333333334
6 0.5175 0.32 0.019285714285714285 0.011428571428571429
6 0.5103571428571428 0.31523809523809526 0.020714285714285713 0.011428571428571429
6 0.5628571428571428 0.31 0.02142857142857143 0.012380952380952381
6 0.57 0.31285714285714283 0.02142857142857143 0.010476190476190476
6 0.5746428571428571 0.319047619047619 0.02214285714285714 0.013333333333333334
0 0.6125 0.30904761904761907 0.02642857142857143 0.010476190476190476
1 0.4125 0.31142857142857144 0.0035714285714285713 0.011428571428571429
0 0.5439285714285714 0.31666666666666665 0.009285714285714286 0.012380952380952381
6 0.9885714285714285 0.2719047619047619 0.02 0.029523809523809525
0 0.9503571428571429 0.2757142857142857 0.04214285714285714 0.035238095238095235