6 0.45475 0.9606666666666667 0.0355 0.076
6 0.54575 0.8826666666666667 0.0325 0.07733333333333334
4 0.49175 0.9393333333333334 0.0075 0.02
5 0.49325 0.9513333333333334 0.0105 0.02666666666666667
6 0.54575 0.7853333333333333 0.0315 0.08266666666666667
5 0.592 0.6656666666666666 0.022 0.018
4 0.4925 0.6923333333333334 0.009 0.019333333333333334
5 0.494 0.7043333333333334 0.01 0.019333333333333334
6 0.53925 0.6313333333333333 0.0255 0.05333333333333334
6 0.5335 0.5773333333333334 0.023 0.04666666666666667
5 0.58725 0.6 0.0195 0.014666666666666666
6 0.5235 0.45 0.02 0.037333333333333336
4 0.48375 0.3263333333333333 0.0055 0.012666666666666666
5 0.48425 0.33366666666666667 0.0055 0.015333333333333332
4 0.48875 0.345 0.0075 0.014
5 0.48925 0.3516666666666667 0.0055 0.015333333333333332
4 0.49775 0.379 0.0075 0.011333333333333334
5 0.49775 0.38566666666666666 0.0045 0.012666666666666666
5 0.5125 0.36433333333333334 0.008 0.019333333333333334
5 0.5135 0.38866666666666666 0.015 0.014666666666666666
6 0.32525 0.328 0.0205 0.036
0 0.5225 0.415 0.02 0.03666666666666667
3 0.47125 0.351 0.0135 0.03266666666666666
6 0.501 0.2753333333333333 0.017 0.025333333333333333
6 0.49575 0.24866666666666667 0.0175 0.024
6 0.49 0.21733333333333332 0.013 0.02266666666666667
4 0.47425 0.25666666666666665 0.0065 0.014666666666666666
4 0.4685 0.237 0.007 0.016666666666666666
4 0.48 0.24866666666666667 0.005 0.017333333333333333
5 0.4675 0.241 0.007 0.014
5 0.47975 0.25266666666666665 0.0045 0.013333333333333334
5 0.4745 0.26366666666666666 0.004 0.012666666666666666
6 0.491 0.19 0.013 0.021333333333333333
6 0.48975 0.138 0.0125 0.018666666666666668
1 0.5125 0.03766666666666667 0.004 0.011333333333333334
0 0.51925 0.18466666666666667 0.0195 0.025333333333333333
4 0.46275 0.142 0.0045 0.013333333333333334
4 0.4665 0.1 0.005 0.010666666666666666
4 0.47775 0.13366666666666666 0.0055 0.011333333333333334
4 0.471 0.14233333333333334 0.005 0.014
5 0.46325 0.14633333333333334 0.0035 0.011333333333333334
5 0.47075 0.147 0.0045 0.007333333333333333
5 0.47775 0.13766666666666666 0.0045 0.008666666666666666
1 0.47 0.113 0.007 0.012666666666666666
6 0.48725 0.077 0.0115 0.014
6 0.4895 0.10333333333333333 0.013 0.03866666666666667
7 0.399 0.042 0.011 0.02
7 0.41175 0.028 0.0095 0.02
7 0.457 0.022333333333333334 0.019 0.016666666666666666
0 0.5045 0.012333333333333333 0.017 0.011333333333333334
6 0.3935 0.012333333333333333 0.009 0.014
4 0.3585 0.08733333333333333 0.003 0.006666666666666667
4 0.335 0.136 0.006 0.010666666666666666
4 0.36825 0.050666666666666665 0.0035 0.009333333333333334
1 0.34475 0.109 0.0045 0.015333333333333332
2 0.35825 0.09333333333333334 0.0035 0.006666666666666667
5 0.335 0.14066666666666666 0.004 0.008
1 0.36175 0.05366666666666667 0.0045 0.014
0 0.3795 0.03833333333333333 0.008 0.015333333333333332
6 0.35175 0.061 0.0115 0.018
6 0.3425 0.096 0.017 0.04133333333333333
6 0.32425 0.14533333333333334 0.0115 0.02
6 0.3215 0.16566666666666666 0.012 0.019333333333333334
6 0.316 0.18366666666666667 0.013 0.020666666666666667
6 0.30975 0.20533333333333334 0.0145 0.021333333333333333
6 0.30225 0.22866666666666666 0.0175 0.025333333333333333
4 0.31425 0.22733333333333333 0.0055 0.010666666666666666
5 0.314 0.23333333333333334 0.005 0.009333333333333334
4 0.3145 0.251 0.005 0.012666666666666666
5 0.3145 0.25733333333333336 0.004 0.010666666666666666
7 0.29325 0.25266666666666665 0.0185 0.025333333333333333
7 0.2905 0.27166666666666667 0.016 0.027333333333333334
7 0.271 0.31466666666666665 0.045 0.09333333333333334
7 0.25525 0.373 0.0235 0.04733333333333333
6 0.2445 0.417 0.023 0.038
6 0.2335 0.4633333333333333 0.025 0.044
6 0.2095 0.5373333333333333 0.032 0.05333333333333334
6 0.29275 0.6166666666666667 0.0285 0.050666666666666665
6 0.1685 0.6606666666666666 0.036 0.068
6 0.1415 0.726 0.041 0.07466666666666667
6 0.10975 0.8096666666666666 0.0455 0.07933333333333334
6 0.07525 0.9086666666666666 0.0505 0.09466666666666666
0 0.1495 0.11466666666666667 0.075 0.06266666666666666
1 0.064 0.12633333333333333 0.006 0.014
5 0.063 0.13066666666666665 0.005 0.012
0 0.09575 0.086 0.0545 0.06133333333333333
0 0.03525 0.144 0.0505 0.036
4 0.2745 0.38033333333333336 0.009 0.019333333333333334
5 0.27475 0.3873333333333333 0.0095 0.016
4 0.47775 0.08233333333333333 0.0045 0.008666666666666666
2 0.478 0.08633333333333333 0.003 0.01
6 0.789 0.104 0.014 0.018666666666666668
6 0.78 0.09233333333333334 0.011 0.015333333333333332
6 0.79925 0.10133333333333333 0.0125 0.016
6 0.804 0.09366666666666666 0.014 0.015333333333333332
6 0.8095 0.013333333333333334 0.023 0.012