6 0.03571428571428571 0.5939086294416244 0.04 0.04060913705583756
6 0.08678571428571429 0.6554568527918782 0.04214285714285714 0.03426395939086294
7 0.08 0.708756345177665 0.04285714285714286 0.03426395939086294
7 0.07785714285714286 0.7538071065989848 0.047142857142857146 0.03807106598984772
3 0.16785714285714284 0.7645939086294417 0.03571428571428571 0.05203045685279188
7 0.20607142857142857 0.7563451776649747 0.03785714285714286 0.07614213197969544
7 0.2382142857142857 0.7550761421319797 0.03785714285714286 0.07360406091370558
7 0.2742857142857143 0.743020304568528 0.041428571428571426 0.07487309644670051
7 0.3078571428571429 0.7354060913705583 0.03571428571428571 0.06472081218274112
6 0.3389285714285714 0.7341370558375635 0.03785714285714286 0.06725888324873096
7 0.37464285714285717 0.7271573604060914 0.039285714285714285 0.07614213197969544
2 0.38785714285714284 0.7442893401015228 0.017142857142857144 0.024111675126903553
2 0.4114285714285714 0.7315989847715736 0.01 0.04187817258883249
2 0.4257142857142857 0.7322335025380711 0.02 0.015228426395939087
8 0.22785714285714287 0.6154822335025381 0.10857142857142857 0.05583756345177665
8 0.3482142857142857 0.5996192893401016 0.08642857142857142 0.04949238578680203
3 0.43892857142857145 0.5824873096446701 0.06785714285714285 0.04314720812182741
3 0.6139285714285714 0.5285532994923858 0.035 0.0266497461928934
3 0.6642857142857143 0.5203045685279187 0.032857142857142856 0.025380710659898477
8 0.8064285714285714 0.47906091370558374 0.10428571428571429 0.06979695431472081
8 0.8071428571428572 0.5368020304568528 0.12285714285714286 0.06852791878172589
8 0.7903571428571429 0.5977157360406091 0.07357142857142857 0.06091370558375635
8 0.8796428571428572 0.5126903553299492 0.07928571428571428 0.06091370558375635
6 0.9296428571428571 0.5063451776649747 0.04642857142857143 0.030456852791878174
6 0.9717857142857143 0.48413705583756345 0.04357142857142857 0.05203045685279188
11 0.9567857142857142 0.5621827411167513 0.08642857142857142 0.08375634517766498
7 0.9592857142857143 0.6129441624365483 0.04285714285714286 0.04314720812182741
6 0.9360714285714286 0.8026649746192893 0.04357142857142857 0.046954314720812185
11 0.8117857142857143 0.8343908629441624 0.11785714285714285 0.10786802030456853
7 0.7103571428571429 0.9854060913705583 0.04071428571428572 0.0266497461928934
7 0.8457142857142858 0.6852791878172588 0.04 0.048223350253807105
7 0.81 0.6516497461928934 0.04285714285714286 0.04949238578680203
7 0.7542857142857143 0.7366751269035533 0.04428571428571428 0.04949238578680203
6 0.7267857142857143 0.7030456852791879 0.04214285714285714 0.04568527918781726
7 0.6657142857142857 0.7950507614213198 0.04428571428571428 0.05203045685279188
8 0.5932142857142857 0.8375634517766497 0.04642857142857143 0.05583756345177665
8 0.5664285714285714 0.7956852791878173 0.09714285714285714 0.09390862944162437
6 0.49142857142857144 0.8521573604060914 0.04285714285714286 0.044416243654822336
6 0.5167857142857143 0.8889593908629442 0.039285714285714285 0.05203045685279188
6 0.45321428571428574 0.9137055837563451 0.039285714285714285 0.04314720812182741
6 0.4421428571428571 0.8445431472081218 0.04285714285714286 0.03680203045685279
6 0.48964285714285716 0.7277918781725888 0.023571428571428573 0.07741116751269035
6 0.5110714285714286 0.7189086294416244 0.023571428571428573 0.07487309644670051
7 0.5342857142857143 0.7093908629441624 0.024285714285714285 0.08375634517766498
6 0.5803571428571429 0.7024111675126904 0.02214285714285714 0.05964467005076142
6 0.6010714285714286 0.6833756345177665 0.025 0.0799492385786802
6 0.6464285714285715 0.6567258883248731 0.024285714285714285 0.07741116751269035
6 0.6692857142857143 0.6484771573604061 0.024285714285714285 0.07106598984771574
6 0.6925 0.6383248730964467 0.02214285714285714 0.06598984771573604
6 0.3992857142857143 0.9695431472081218 0.04428571428571428 0.05583756345177665
6 0.3439285714285714 0.9746192893401016 0.04357142857142857 0.048223350253807105
6 0.21607142857142858 0.9803299492385786 0.04642857142857143 0.03680203045685279
6 0.1432142857142857 0.9892131979695431 0.03357142857142857 0.01903553299492386
2 0.19142857142857142 0.9460659898477157 0.02142857142857143 0.021573604060913704
4 0.18964285714285714 0.9454314720812182 0.010714285714285714 0.017766497461928935
7 0.24 0.9232233502538071 0.045714285714285714 0.04187817258883249
11 0.3167857142857143 0.9067258883248731 0.060714285714285714 0.06218274111675127