6 0.9725 0.9366666666666666 0.052142857142857144 0.12666666666666668
6 0.5160714285714286 0.7209523809523809 0.165 0.09523809523809523
6 0.08178571428571428 0.650952380952381 0.155 0.09238095238095238
6 0.05785714285714286 0.2276190476190476 0.03571428571428571 0.05523809523809524
6 0.10464285714285715 0.22047619047619046 0.039285714285714285 0.04285714285714286
2 0.1357142857142857 0.21761904761904763 0.012857142857142857 0.035238095238095235
6 0.0775 0.26095238095238094 0.06785714285714285 0.03428571428571429
6 0.2807142857142857 0.2338095238095238 0.07 0.037142857142857144
6 0.2692857142857143 0.1719047619047619 0.03571428571428571 0.03333333333333333
6 0.30392857142857144 0.1676190476190476 0.027857142857142858 0.030476190476190476
6 0.3610714285714286 0.14857142857142858 0.02214285714285714 0.03238095238095238
0 0.4014285714285714 0.025238095238095237 0.018571428571428572 0.023809523809523808
6 0.42428571428571427 0.025714285714285714 0.032857142857142856 0.030476190476190476
6 0.32285714285714284 0.2038095238095238 0.05714285714285714 0.024761904761904763
1 0.4067857142857143 0.16952380952380952 0.019285714285714285 0.03428571428571429
1 0.36178571428571427 0.22428571428571428 0.017857142857142856 0.039047619047619046
1 0.41214285714285714 0.2714285714285714 0.014285714285714285 0.0380952380952381
1 0.38357142857142856 0.3995238095238095 0.018571428571428572 0.05047619047619047
1 0.27285714285714285 0.44571428571428573 0.017142857142857144 0.05333333333333334
1 0.3067857142857143 0.44904761904761903 0.020714285714285713 0.054285714285714284
2 0.43392857142857144 0.44952380952380955 0.027857142857142858 0.05333333333333334
1 0.43535714285714283 0.4442857142857143 0.016428571428571428 0.04285714285714286
1 0.26321428571428573 0.6057142857142858 0.023571428571428573 0.03619047619047619
1 0.36857142857142855 0.6447619047619048 0.018571428571428572 0.05714285714285714
1 0.4717857142857143 0.5895238095238096 0.023571428571428573 0.05904761904761905
2 0.6303571428571428 0.6485714285714286 0.055 0.05714285714285714
0 0.38285714285714284 0.07285714285714286 0.04285714285714286 0.04857142857142857
6 0.37785714285714284 0.13285714285714287 0.027142857142857142 0.02
6 0.3892857142857143 0.12428571428571429 0.047142857142857146 0.021904761904761906
6 0.3889285714285714 0.11428571428571428 0.047857142857142855 0.017142857142857144
6 0.3982142857142857 0.1019047619047619 0.030714285714285715 0.01904761904761905
6 0.47 0.13952380952380952 0.024285714285714285 0.040952380952380955
6 0.4667857142857143 0.11047619047619048 0.017857142857142856 0.01904761904761905
6 0.4607142857142857 0.09476190476190476 0.018571428571428572 0.025714285714285714
6 0.455 0.07238095238095238 0.017142857142857144 0.017142857142857144
6 0.45 0.05476190476190476 0.014285714285714285 0.025714285714285714
6 0.535 0.10047619047619048 0.02 0.023809523809523808
1 0.5289285714285714 0.11619047619047619 0.007857142857142858 0.024761904761904763
6 0.5225 0.08714285714285715 0.015 0.023809523809523808
6 0.7478571428571429 0.12095238095238095 0.025714285714285714 0.03238095238095238
6 0.7342857142857143 0.1595238095238095 0.02857142857142857 0.03333333333333333
6 0.6228571428571429 0.18666666666666668 0.06428571428571428 0.03619047619047619
6 0.6753571428571429 0.20476190476190476 0.047857142857142855 0.03238095238095238
6 0.6196428571428572 0.25142857142857145 0.085 0.03238095238095238
6 0.5114285714285715 0.2995238095238095 0.09 0.040952380952380955
6 0.645 0.30333333333333334 0.09428571428571429 0.04666666666666667
6 0.7975 0.3280952380952381 0.11928571428571429 0.04476190476190476
6 0.9332142857142857 0.20761904761904762 0.08928571428571429 0.0380952380952381
1 0.9510714285714286 0.10428571428571429 0.012142857142857143 0.029523809523809525
1 0.8010714285714285 0.13476190476190475 0.009285714285714286 0.035238095238095235
1 0.8239285714285715 0.1319047619047619 0.010714285714285714 0.03333333333333333
1 0.3825 0.20142857142857143 0.009285714285714286 0.02761904761904762
1 0.4185714285714286 0.2057142857142857 0.011428571428571429 0.03428571428571429
1 0.48928571428571427 0.16714285714285715 0.01 0.035238095238095235
1 0.5167857142857143 0.1742857142857143 0.010714285714285714 0.03428571428571429
1 0.49642857142857144 0.11238095238095239 0.005714285714285714 0.022857142857142857
0 0.4903571428571429 0.10142857142857142 0.007857142857142858 0.01619047619047619
6 0.9914285714285714 0.05952380952380952 0.015714285714285715 0.02761904761904762
6 0.9860714285714286 0.14142857142857143 0.02642857142857143 0.04285714285714286
7 0.6903571428571429 0.7242857142857143 0.13357142857142856 0.12095238095238095
7 0.5046428571428572 0.9285714285714286 0.11785714285714285 0.14285714285714285
7 0.02 0.23238095238095238 0.03857142857142857 0.05714285714285714
7 0.16214285714285714 0.24952380952380954 0.06714285714285714 0.04380952380952381
7 0.33071428571428574 0.15142857142857144 0.04857142857142857 0.03428571428571429
7 0.6975 0.10285714285714286 0.03357142857142857 0.04
11 0.6442857142857142 0.09047619047619047 0.06428571428571428 0.07238095238095238
1 0.31285714285714283 0.6066666666666667 0.024285714285714285 0.05523809523809524
6 0.3414285714285714 0.2633333333333333 0.06857142857142857 0.04285714285714286
4 0.6260714285714286 0.6519047619047619 0.020714285714285713 0.06