6 0.79725 0.9416666666666667 0.1705 0.11666666666666667
6 0.7105 0.8476666666666667 0.147 0.114
7 0.6785 0.7103333333333334 0.14 0.10333333333333333
7 0.691 0.532 0.083 0.10133333333333333
6 0.592 0.427 0.106 0.06733333333333333
6 0.60575 0.37433333333333335 0.0955 0.058
6 0.60275 0.33066666666666666 0.0915 0.06
8 0.60225 0.278 0.1105 0.08
6 0.5685 0.273 0.093 0.058
7 0.57625 0.21766666666666667 0.0645 0.056666666666666664
8 0.576 0.172 0.108 0.08133333333333333
7 0.522 0.13866666666666666 0.063 0.052
8 0.541 0.09966666666666667 0.095 0.07
8 0.5225 0.081 0.083 0.054
6 0.51025 0.066 0.0575 0.036
1 0.47 0.066 0.01 0.034666666666666665
8 0.50225 0.048 0.0625 0.04666666666666667
7 0.4955 0.031 0.055 0.04066666666666666
6 0.477 0.018333333333333333 0.05 0.03666666666666667
9 0.3655 0.49933333333333335 0.05 0.042666666666666665
7 0.3375 0.4166666666666667 0.097 0.08133333333333333
1 0.45775 0.36433333333333334 0.0115 0.04466666666666667
1 0.3955 0.33 0.014 0.04
8 0.33175 0.359 0.1055 0.08866666666666667
7 0.3335 0.2916666666666667 0.082 0.06866666666666667
6 0.33825 0.248 0.0805 0.056
5 0.2785 0.28733333333333333 0.029 0.028
6 0.33875 0.16266666666666665 0.0655 0.05466666666666667
7 0.33625 0.12933333333333333 0.0605 0.06133333333333333
1 0.31175 0.10433333333333333 0.0115 0.03266666666666666
6 0.328 0.10066666666666667 0.031 0.04533333333333334
2 0.32075 0.017 0.0085 0.026
5 0.24625 0.49666666666666665 0.0205 0.042666666666666665
6 0.02325 0.4723333333333333 0.0465 0.07533333333333334
6 0.0325 0.4086666666666667 0.065 0.05466666666666667
6 0.0385 0.3566666666666667 0.077 0.05466666666666667
6 0.04175 0.31833333333333336 0.0835 0.05
6 0.057 0.2856666666666667 0.094 0.046
7 0.1295 0.15533333333333332 0.035 0.056
6 0.202 0.24633333333333332 0.04 0.08066666666666666
9 0.914 0.957 0.056 0.086