8 0.47464285714285714 0.15476190476190477 0.0064285714285714285 0.01619047619047619
8 0.4517857142857143 0.13095238095238096 0.0064285714285714285 0.01619047619047619
8 0.49785714285714283 0.23333333333333334 0.008571428571428572 0.01904761904761905
0 0.48678571428571427 0.25761904761904764 0.019285714285714285 0.01619047619047619
0 0.4625 0.09761904761904762 0.0035714285714285713 0.006666666666666667
0 0.5114285714285715 0.09714285714285714 0.008571428571428572 0.011428571428571429
0 0.5017857142857143 0.0761904761904762 0.015 0.024761904761904763
0 0.5492857142857143 0.16238095238095238 0.004285714285714286 0.010476190476190476
6 0.45571428571428574 0.1319047619047619 0.002857142857142857 0.004761904761904762
6 0.5164285714285715 0.10857142857142857 0.002857142857142857 0.0038095238095238095
6 0.4782142857142857 0.1742857142857143 0.0035714285714285713 0.005714285714285714
8 0.26 0.8895238095238095 0.06857142857142857 0.22095238095238096
7 0.3510714285714286 0.44857142857142857 0.017857142857142856 0.0380952380952381
6 0.35464285714285715 0.3295238095238095 0.010714285714285714 0.02095238095238095
3 0.5528571428571428 0.4514285714285714 0.047142857142857146 0.049523809523809526
7 0.7067857142857142 0.8380952380952381 0.035 0.07047619047619047
6 0.32607142857142857 0.8323809523809523 0.02642857142857143 0.08190476190476191
8 0.33285714285714285 0.5928571428571429 0.018571428571428572 0.05047619047619047
6 0.2910714285714286 0.3295238095238095 0.02214285714285714 0.013333333333333334
6 0.3339285714285714 0.29285714285714287 0.019285714285714285 0.012380952380952381
6 0.9260714285714285 0.5404761904761904 0.039285714285714285 0.03142857142857143
6 0.9678571428571429 0.5719047619047619 0.03571428571428571 0.035238095238095235
6 0.8596428571428572 0.38095238095238093 0.025 0.013333333333333334
6 0.9192857142857143 0.4228571428571429 0.027142857142857142 0.017142857142857144
7 0.9364285714285714 0.43047619047619046 0.027142857142857142 0.02095238095238095