8 0.04285714285714286 0.9733502538071066 0.025714285714285714 0.050761421319796954
6 0.3171428571428571 0.7214467005076142 0.014285714285714285 0.05203045685279188
11 0.03892857142857143 0.027918781725888325 0.03785714285714286 0.05583756345177665
11 0.1657142857142857 0.1453045685279188 0.025714285714285714 0.09517766497461928
6 0.07821428571428571 0.0850253807106599 0.016428571428571428 0.03553299492385787
7 0.05142857142857143 0.17893401015228427 0.018571428571428572 0.03553299492385787
7 0.15214285714285714 0.3895939086294416 0.014285714285714285 0.04060913705583756
7 0.2 0.3629441624365482 0.014285714285714285 0.04568527918781726
11 0.12678571428571428 0.3813451776649746 0.020714285714285713 0.0799492385786802
6 0.4789285714285714 0.05266497461928934 0.012142857142857143 0.03426395939086294
11 0.5935714285714285 0.17385786802030456 0.018571428571428572 0.1116751269035533
8 0.5585714285714286 0.26649746192893403 0.018571428571428572 0.0583756345177665
7 0.6460714285714285 0.010786802030456852 0.02642857142857143 0.021573604060913704
7 0.6571428571428571 0.05203045685279188 0.025714285714285714 0.025380710659898477
7 0.6575 0.0717005076142132 0.02642857142857143 0.024111675126903553
7 0.6628571428571428 0.09200507614213198 0.027142857142857142 0.024111675126903553
6 0.5571428571428572 0.35279187817258884 0.025714285714285714 0.03553299492385787
6 0.4567857142857143 0.40609137055837563 0.027857142857142858 0.02284263959390863
1 0.4975 0.34517766497461927 0.005 0.007614213197969543
1 0.495 0.350253807106599 0.002857142857142857 0.007614213197969543
1 0.8989285714285714 0.1865482233502538 0.005 0.012690355329949238
1 0.9814285714285714 0.17639593908629442 0.004285714285714286 0.01015228426395939
11 0.9832142857142857 0.4403553299492386 0.03357142857142857 0.04060913705583756
1 0.9803571428571428 0.45875634517766495 0.005 0.008883248730964468
11 0.9614285714285714 0.5989847715736041 0.05142857142857143 0.13451776649746192
11 0.8735714285714286 0.41814720812182743 0.07714285714285714 0.05456852791878172
11 0.8357142857142857 0.4987309644670051 0.047142857142857146 0.07106598984771574
11 0.8107142857142857 0.4930203045685279 0.045714285714285714 0.07233502538071065
11 0.8021428571428572 0.5196700507614214 0.04285714285714286 0.07233502538071065
11 0.7735714285714286 0.5120558375634517 0.04857142857142857 0.08248730964467005
11 0.7321428571428571 0.5215736040609137 0.055714285714285716 0.10406091370558376
11 0.8171428571428572 0.625 0.08 0.05456852791878172
4 0.7764285714285715 0.675761421319797 0.005714285714285714 0.011421319796954314
1 0.7689285714285714 0.6624365482233503 0.0064285714285714285 0.01015228426395939
1 0.7685714285714286 0.674492385786802 0.005714285714285714 0.008883248730964468
11 0.7003571428571429 0.6465736040609137 0.029285714285714286 0.08756345177664974
11 0.7296428571428571 0.690989847715736 0.045 0.13071065989847716
11 0.7503571428571428 0.6852791878172588 0.04357142857142857 0.13959390862944163
8 0.9078571428571428 0.9378172588832487 0.045714285714285714 0.09390862944162437
6 0.9639285714285715 0.9276649746192893 0.025 0.0583756345177665
7 0.9853571428571428 0.9289340101522843 0.029285714285714286 0.06345177664974619
7 0.8707142857142857 0.7601522842639594 0.02142857142857143 0.0532994923857868
6 0.9039285714285714 0.7436548223350253 0.020714285714285713 0.050761421319796954
6 0.9228571428571428 0.7379441624365483 0.022857142857142857 0.05456852791878172
3 0.9478571428571428 0.7227157360406091 0.02142857142857143 0.03934010152284264
7 0.7107142857142857 0.9428934010152284 0.02 0.050761421319796954
6 0.7014285714285714 0.8788071065989848 0.02 0.05456852791878172
6 0.2375 0.756979695431472 0.015 0.05456852791878172
6 0.12571428571428572 0.6986040609137056 0.014285714285714285 0.04949238578680203
7 0.15892857142857142 0.850253807106599 0.016428571428571428 0.048223350253807105
8 0.14785714285714285 0.6465736040609137 0.025714285714285714 0.0850253807106599
11 0.29892857142857143 0.43591370558375636 0.07785714285714286 0.06218274111675127
11 0.16142857142857142 0.5437817258883249 0.07857142857142857 0.05456852791878172
6 0.1632142857142857 0.4860406091370558 0.03214285714285714 0.025380710659898477
1 0.58 0.5513959390862944 0.004285714285714286 0.011421319796954314