6 0.21464285714285714 0.5995238095238096 0.027857142857142858 0.018095238095238095
6 0.2525 0.550952380952381 0.015 0.037142857142857144
6 0.26785714285714285 0.5557142857142857 0.014285714285714285 0.037142857142857144
8 0.09535714285714286 0.5623809523809524 0.055 0.040952380952380955
8 0.1332142857142857 0.5842857142857143 0.062142857142857146 0.029523809523809525
8 0.15642857142857142 0.52 0.022857142857142857 0.0380952380952381
8 0.8060714285714285 0.7980952380952381 0.015 0.05714285714285714
2 0.31785714285714284 0.35904761904761906 0.005714285714285714 0.017142857142857144
2 0.3292857142857143 0.4766666666666667 0.005714285714285714 0.01619047619047619
2 0.5196428571428572 0.7623809523809524 0.005 0.014285714285714285
2 0.5239285714285714 0.5657142857142857 0.005 0.013333333333333334
2 0.9507142857142857 0.17142857142857143 0.014285714285714285 0.013333333333333334
2 0.89 0.21047619047619048 0.012857142857142857 0.009523809523809525
1 0.5103571428571428 0.9766666666666667 0.005 0.010476190476190476