8 0.02 0.7404761904761905 0.04 0.07142857142857142
6 0.016785714285714286 0.7047619047619048 0.03357142857142857 0.02666666666666667
8 0.6942857142857143 0.9580952380952381 0.09857142857142857 0.0838095238095238
8 0.10714285714285714 0.6619047619047619 0.13285714285714287 0.10666666666666667
8 0.375 0.42523809523809525 0.03142857142857143 0.058095238095238096
8 0.39785714285714285 0.5628571428571428 0.06857142857142857 0.06666666666666667
8 0.5003571428571428 0.7019047619047619 0.030714285714285715 0.047619047619047616
8 0.5539285714285714 0.3547619047619048 0.039285714285714285 0.037142857142857144
8 0.5953571428571428 0.35095238095238096 0.030714285714285715 0.03333333333333333
8 0.3846428571428571 0.27285714285714285 0.025 0.018095238095238095
8 0.5010714285714286 0.38761904761904764 0.02214285714285714 0.017142857142857144
8 0.5371428571428571 0.38476190476190475 0.024285714285714285 0.024761904761904763
8 0.5914285714285714 0.3314285714285714 0.018571428571428572 0.01904761904761905
8 0.6510714285714285 0.3080952380952381 0.04214285714285714 0.035238095238095235
8 0.7357142857142858 0.2671428571428571 0.014285714285714285 0.018095238095238095
8 0.6835714285714286 0.4066666666666667 0.015714285714285715 0.02095238095238095
0 0.7264285714285714 0.38571428571428573 0.02 0.02666666666666667
7 0.7071428571428572 0.3942857142857143 0.015714285714285715 0.017142857142857144
7 0.6753571428571429 0.41285714285714287 0.016428571428571428 0.01619047619047619
6 0.6928571428571428 0.4038095238095238 0.017142857142857144 0.017142857142857144
6 0.71 0.26904761904761904 0.012857142857142857 0.008571428571428572
0 0.8232142857142857 0.23047619047619047 0.05357142857142857 0.03428571428571429
0 0.9364285714285714 0.17809523809523808 0.014285714285714285 0.030476190476190476
7 0.6185714285714285 0.34285714285714286 0.012857142857142857 0.015238095238095238
6 0.6085714285714285 0.3352380952380952 0.012857142857142857 0.009523809523809525
6 0.5639285714285714 0.3742857142857143 0.019285714285714285 0.015238095238095238
6 0.5189285714285714 0.3395238095238095 0.010714285714285714 0.014285714285714285
6 0.5446428571428571 0.33666666666666667 0.010714285714285714 0.012380952380952381
6 0.5082142857142857 0.3385714285714286 0.007857142857142858 0.018095238095238095
6 0.525 0.31238095238095237 0.014285714285714285 0.011428571428571429
6 0.5071428571428571 0.31952380952380954 0.012857142857142857 0.014285714285714285
6 0.5532142857142858 0.3061904761904762 0.013571428571428571 0.010476190476190476
6 0.5178571428571429 0.3161904761904762 0.012857142857142857 0.009523809523809525
6 0.48428571428571426 0.38666666666666666 0.017142857142857144 0.017142857142857144
6 0.49642857142857144 0.3404761904761905 0.007142857142857143 0.014285714285714285
6 0.48464285714285715 0.3419047619047619 0.009285714285714286 0.013333333333333334
6 0.4714285714285714 0.3423809523809524 0.008571428571428572 0.014285714285714285
7 0.5342857142857143 0.30952380952380953 0.011428571428571429 0.013333333333333334
7 0.5392857142857143 0.3019047619047619 0.012857142857142857 0.017142857142857144
6 0.4992857142857143 0.32047619047619047 0.012857142857142857 0.01619047619047619
7 0.5571428571428572 0.3314285714285714 0.007142857142857143 0.017142857142857144
7 0.47464285714285714 0.4061904761904762 0.017857142857142856 0.018095238095238095
6 0.4635714285714286 0.39714285714285713 0.02 0.017142857142857144
6 0.4160714285714286 0.3566666666666667 0.019285714285714285 0.012380952380952381
6 0.405 0.31285714285714283 0.015714285714285715 0.010476190476190476
6 0.4025 0.30714285714285716 0.013571428571428571 0.010476190476190476
6 0.3992857142857143 0.30333333333333334 0.015714285714285715 0.012380952380952381
6 0.36464285714285716 0.31476190476190474 0.016428571428571428 0.010476190476190476
6 0.36142857142857143 0.310952380952381 0.017142857142857144 0.010476190476190476
6 0.35964285714285715 0.3061904761904762 0.017857142857142856 0.012380952380952381
6 0.3557142857142857 0.3 0.015714285714285715 0.011428571428571429
6 0.38 0.2876190476190476 0.011428571428571429 0.009523809523809525
6 0.41285714285714287 0.32857142857142857 0.018571428571428572 0.011428571428571429
6 0.39464285714285713 0.2785714285714286 0.013571428571428571 0.008571428571428572
7 0.3875 0.2904761904761905 0.013571428571428571 0.007619047619047619
7 0.4282142857142857 0.3661904761904762 0.023571428571428573 0.014285714285714285
7 0.35214285714285715 0.29523809523809524 0.014285714285714285 0.011428571428571429
6 0.36607142857142855 0.32095238095238093 0.016428571428571428 0.009523809523809525
6 0.35964285714285715 0.38142857142857145 0.013571428571428571 0.01619047619047619
6 0.4182142857142857 0.3385714285714286 0.013571428571428571 0.014285714285714285
6 0.4107142857142857 0.3161904761904762 0.017142857142857144 0.013333333333333334
6 0.3485714285714286 0.29333333333333333 0.017142857142857144 0.011428571428571429
8 0.355 0.2819047619047619 0.02 0.009523809523809525
8 0.395 0.36952380952380953 0.014285714285714285 0.013333333333333334
7 0.37714285714285717 0.2842857142857143 0.012857142857142857 0.010476190476190476
6 0.3007142857142857 0.26666666666666666 0.01 0.011428571428571429
6 0.285 0.24 0.005714285714285714 0.007619047619047619
6 0.2935714285714286 0.17714285714285713 0.004285714285714286 0.007619047619047619
6 0.3067857142857143 0.1538095238095238 0.005 0.004761904761904762
6 0.30357142857142855 0.1442857142857143 0.005714285714285714 0.006666666666666667
6 0.33107142857142857 0.08904761904761904 0.0035714285714285713 0.004761904761904762
0 0.34285714285714286 0.04857142857142857 0.017142857142857144 0.05904761904761905
0 0.3407142857142857 0.13857142857142857 0.03 0.018095238095238095
0 0.2960714285714286 0.23047619047619047 0.0064285714285714285 0.009523809523809525
0 0.3382142857142857 0.3357142857142857 0.007857142857142858 0.012380952380952381
0 0.3267857142857143 0.2976190476190476 0.020714285714285713 0.021904761904761906
1 0.3492857142857143 0.2633333333333333 0.0014285714285714286 0.008571428571428572
1 0.33 0.22 0.0014285714285714286 0.007619047619047619
0 0.3846428571428571 0.31666666666666665 0.009285714285714286 0.023809523809523808
1 0.47535714285714287 0.3171428571428571 0.002142857142857143 0.009523809523809525
1 0.4782142857142857 0.31761904761904763 0.002142857142857143 0.008571428571428572
1 0.4828571428571429 0.439047619047619 0.002857142857142857 0.011428571428571429
4 0.42857142857142855 0.42523809523809525 0.002857142857142857 0.008571428571428572
4 0.46035714285714285 0.4838095238095238 0.0035714285714285713 0.011428571428571429
2 0.46035714285714285 0.48523809523809525 0.009285714285714286 0.012380952380952381
2 0.4282142857142857 0.4261904761904762 0.007857142857142858 0.008571428571428572
6 0.4542857142857143 0.5647619047619048 0.022857142857142857 0.02857142857142857
6 0.40214285714285714 0.47523809523809524 0.015714285714285715 0.02095238095238095
6 0.4357142857142857 0.5104761904761905 0.017142857142857144 0.02095238095238095
6 0.4975 0.61 0.020714285714285713 0.03142857142857143
6 0.47285714285714286 0.6161904761904762 0.02142857142857143 0.03238095238095238
6 0.5614285714285714 0.7547619047619047 0.02857142857142857 0.040952380952380955
6 0.5596428571428571 0.8261904761904761 0.03357142857142857 0.054285714285714284
3 0.6542857142857142 0.6966666666666667 0.05714285714285714 0.06
7 0.6739285714285714 0.7028571428571428 0.020714285714285713 0.02857142857142857
7 0.6457142857142857 0.7276190476190476 0.025714285714285714 0.03238095238095238
10 0.6610714285714285 0.7657142857142857 0.016428571428571428 0.02095238095238095
2 0.5971428571428572 0.699047619047619 0.014285714285714285 0.015238095238095238
4 0.5975 0.700952380952381 0.0064285714285714285 0.013333333333333334
8 0.8003571428571429 0.93 0.05357142857142857 0.06952380952380953
6 0.6796428571428571 0.5047619047619047 0.02214285714285714 0.017142857142857144
6 0.6696428571428571 0.4961904761904762 0.019285714285714285 0.017142857142857144
6 0.6246428571428572 0.490952380952381 0.012142857142857143 0.021904761904761906
6 0.6567857142857143 0.5614285714285714 0.02642857142857143 0.021904761904761906
0 0.5021428571428571 0.5466666666666666 0.011428571428571429 0.03428571428571429
0 0.5857142857142857 0.41904761904761906 0.008571428571428572 0.013333333333333334
0 0.6185714285714285 0.39666666666666667 0.007142857142857143 0.010476190476190476
0 0.19857142857142857 0.6414285714285715 0.025714285714285714 0.03142857142857143
4 0.32321428571428573 0.8861904761904762 0.0064285714285714285 0.010476190476190476
0 0.3360714285714286 0.8919047619047619 0.015 0.025714285714285714
6 0.21928571428571428 0.42 0.015714285714285715 0.02095238095238095
6 0.29928571428571427 0.3485714285714286 0.01 0.015238095238095238
6 0.315 0.3580952380952381 0.011428571428571429 0.01904761904761905
6 0.32142857142857145 0.37285714285714283 0.011428571428571429 0.018095238095238095
6 0.3067857142857143 0.37714285714285717 0.009285714285714286 0.015238095238095238
11 0.3217857142857143 0.3980952380952381 0.02642857142857143 0.045714285714285714
8 0.175 0.2742857142857143 0.014285714285714285 0.02666666666666667
6 0.13964285714285715 0.2571428571428571 0.016428571428571428 0.007619047619047619
6 0.10678571428571429 0.19476190476190477 0.005 0.008571428571428572
6 0.09785714285714285 0.19523809523809524 0.008571428571428572 0.007619047619047619
8 0.1357142857142857 0.24285714285714285 0.011428571428571429 0.017142857142857144
8 0.12464285714285714 0.19142857142857142 0.010714285714285714 0.013333333333333334
0 0.16642857142857143 0.16238095238095238 0.04285714285714286 0.03142857142857143
0 0.15821428571428572 0.2019047619047619 0.03785714285714286 0.030476190476190476
11 0.21392857142857144 0.18095238095238095 0.015 0.01904761904761905
11 0.245 0.12238095238095238 0.02857142857142857 0.04285714285714286
8 0.023214285714285715 0.22 0.039285714285714285 0.02095238095238095
8 0.02642857142857143 0.23666666666666666 0.04428571428571428 0.018095238095238095
8 0.026071428571428572 0.22857142857142856 0.039285714285714285 0.015238095238095238
8 0.02142857142857143 0.22523809523809524 0.03 0.018095238095238095
8 0.06857142857142857 0.20904761904761904 0.03142857142857143 0.014285714285714285
8 0.06785714285714285 0.21619047619047618 0.045714285714285714 0.02095238095238095
6 0.07142857142857142 0.19476190476190477 0.01 0.008571428571428572
6 0.07928571428571428 0.19428571428571428 0.005714285714285714 0.009523809523809525
0 0.7314285714285714 0.8442857142857143 0.02142857142857143 0.039047619047619046
1 0.32392857142857145 0.2719047619047619 0.0035714285714285713 0.008571428571428572
1 0.3364285714285714 0.24571428571428572 0.002857142857142857 0.007619047619047619
1 0.20357142857142857 0.2219047619047619 0.002857142857142857 0.007619047619047619
1 0.20357142857142857 0.3 0.004285714285714286 0.009523809523809525