6 0.6885714285714286 0.97 0.047142857142857146 0.06
1 0.2792857142857143 0.016666666666666666 0.002857142857142857 0.010476190476190476
1 0.27464285714285713 0.016666666666666666 0.0035714285714285713 0.012380952380952381
1 0.27035714285714285 0.01619047619047619 0.005 0.017142857142857144
1 0.2832142857142857 0.08142857142857143 0.0035714285714285713 0.012380952380952381
1 0.2767857142857143 0.13714285714285715 0.0035714285714285713 0.011428571428571429
6 0.32571428571428573 0.05761904761904762 0.012857142857142857 0.02
6 0.34035714285714286 0.16857142857142857 0.015 0.030476190476190476
1 0.2517857142857143 0.36666666666666664 0.005 0.022857142857142857
7 0.26785714285714285 0.4604761904761905 0.024285714285714285 0.05238095238095238
2 0.25214285714285717 0.6571428571428571 0.01 0.03238095238095238
1 0.25142857142857145 0.8319047619047619 0.007142857142857143 0.025714285714285714
1 0.24464285714285713 0.83 0.005 0.025714285714285714
1 0.2332142857142857 0.7833333333333333 0.005 0.02
6 0.4042857142857143 0.6580952380952381 0.03142857142857143 0.06666666666666667
6 0.38785714285714284 0.560952380952381 0.024285714285714285 0.07238095238095238
6 0.38142857142857145 0.48 0.025714285714285714 0.05142857142857143
2 0.4067857142857143 0.44333333333333336 0.007857142857142858 0.02761904761904762
4 0.4075 0.43714285714285717 0.005 0.013333333333333334
4 0.46535714285714286 0.05238095238095238 0.0035714285714285713 0.007619047619047619
6 0.4228571428571429 0.06476190476190476 0.012857142857142857 0.01904761904761905
6 0.4975 0.10285714285714286 0.015 0.022857142857142857
6 0.48392857142857143 0.06904761904761905 0.015 0.02
6 0.4757142857142857 0.05238095238095238 0.014285714285714285 0.017142857142857144
2 0.46535714285714286 0.05619047619047619 0.005 0.013333333333333334
2 0.4425 0.004761904761904762 0.005 0.009523809523809525
2 0.6589285714285714 0.05952380952380952 0.009285714285714286 0.008571428571428572
2 0.6721428571428572 0.07952380952380952 0.01 0.008571428571428572
7 0.5517857142857143 0.22095238095238096 0.020714285714285713 0.03238095238095238
6 0.8425 0.8723809523809524 0.06357142857142857 0.10857142857142857