6 0.43464285714285716 0.2836294416243655 0.005 0.0038071065989847717
6 0.44535714285714284 0.2899746192893401 0.005 0.006345177664974619
7 0.4542857142857143 0.30647208121827413 0.002857142857142857 0.006345177664974619
6 0.4664285714285714 0.3229695431472081 0.004285714285714286 0.006345177664974619
6 0.47964285714285715 0.3248730964467005 0.0035714285714285713 0.007614213197969543
6 0.47464285714285714 0.32614213197969544 0.0035714285714285713 0.007614213197969543
6 0.475 0.3331218274111675 0.004285714285714286 0.008883248730964468
6 0.45821428571428574 0.3597715736040609 0.005 0.006345177664974619
6 0.4660714285714286 0.3534263959390863 0.0035714285714285713 0.006345177664974619
7 0.475 0.35913705583756345 0.004285714285714286 0.01015228426395939
6 0.4764285714285714 0.3534263959390863 0.004285714285714286 0.006345177664974619
0 0.49357142857142855 0.3623096446700508 0.004285714285714286 0.01903553299492386
6 0.5139285714285714 0.40418781725888325 0.005 0.011421319796954314
11 0.45607142857142857 0.3756345177664975 0.0064285714285714285 0.015228426395939087
6 0.4853571428571429 0.3889593908629442 0.005 0.008883248730964468
6 0.4764285714285714 0.39847715736040606 0.004285714285714286 0.01015228426395939
6 0.4775 0.4251269035532995 0.0064285714285714285 0.01015228426395939
6 0.43607142857142855 0.4384517766497462 0.005 0.008883248730964468
6 0.4614285714285714 0.4270304568527919 0.005714285714285714 0.008883248730964468
7 0.5060714285714286 0.47017766497461927 0.007857142857142858 0.01649746192893401
7 0.43 0.45875634517766495 0.007142857142857143 0.011421319796954314
7 0.45964285714285713 0.4682741116751269 0.007857142857142858 0.017766497461928935
7 0.47714285714285715 0.501269035532995 0.008571428571428572 0.017766497461928935
6 0.45785714285714285 0.5133248730964467 0.008571428571428572 0.013959390862944163
11 0.42428571428571427 0.49746192893401014 0.015714285714285715 0.04060913705583756
7 0.4575 0.5615482233502538 0.010714285714285714 0.024111675126903553
1 0.34714285714285714 0.7423857868020305 0.004285714285714286 0.02030456852791878
1 0.31214285714285717 0.9530456852791879 0.005714285714285714 0.027918781725888325
7 0.3032142857142857 0.8648477157360406 0.029285714285714286 0.046954314720812185
6 0.30964285714285716 0.8489847715736041 0.025 0.03553299492385787
6 0.3175 0.8197969543147208 0.029285714285714286 0.03299492385786802
6 0.35464285714285715 0.8940355329949239 0.017857142857142856 0.03426395939086294
7 0.36892857142857144 0.9612944162436549 0.019285714285714285 0.046954314720812185
11 0.4042857142857143 0.9663705583756346 0.03 0.06472081218274112
11 0.5592857142857143 0.8064720812182741 0.025714285714285714 0.12055837563451777
1 0.37392857142857144 0.6529187817258884 0.0035714285714285713 0.013959390862944163
1 0.37642857142857145 0.6522842639593909 0.002857142857142857 0.01015228426395939
1 0.3842857142857143 0.6097715736040609 0.002857142857142857 0.013959390862944163
7 0.3889285714285714 0.6903553299492385 0.013571428571428571 0.025380710659898477
7 0.4471428571428571 0.7315989847715736 0.014285714285714285 0.031725888324873094
7 0.4785714285714286 0.7182741116751269 0.011428571428571429 0.03553299492385787
6 0.5003571428571428 0.7734771573604061 0.013571428571428571 0.03680203045685279
6 0.405 0.7125634517766497 0.011428571428571429 0.024111675126903553
7 0.4032142857142857 0.6065989847715736 0.010714285714285714 0.02030456852791878
3 0.21892857142857142 0.4727157360406091 0.017857142857142856 0.02918781725888325
3 0.21892857142857142 0.4720812182741117 0.02642857142857143 0.025380710659898477
3 0.23714285714285716 0.4727157360406091 0.005714285714285714 0.01649746192893401
3 0.24464285714285713 0.4720812182741117 0.0064285714285714285 0.017766497461928935
6 0.4775 0.5406091370558376 0.009285714285714286 0.017766497461928935
6 0.5110714285714286 0.5399746192893401 0.007857142857142858 0.01649746192893401
8 0.49107142857142855 0.5088832487309645 0.010714285714285714 0.03807106598984772
0 0.5096428571428572 0.4447969543147208 0.0064285714285714285 0.013959390862944163
0 0.5335714285714286 0.4333756345177665 0.002857142857142857 0.006345177664974619
7 0.5385714285714286 0.4384517766497462 0.014285714285714285 0.011421319796954314
11 0.5764285714285714 0.4352791878172589 0.018571428571428572 0.015228426395939087
1 0.6096428571428572 0.4200507614213198 0.002142857142857143 0.007614213197969543
6 0.6303571428571428 0.4067258883248731 0.0064285714285714285 0.011421319796954314
6 0.6239285714285714 0.41814720812182743 0.0064285714285714285 0.008883248730964468
6 0.6142857142857143 0.4010152284263959 0.004285714285714286 0.007614213197969543
6 0.6171428571428571 0.3953045685279188 0.005714285714285714 0.006345177664974619
6 0.6375 0.3902284263959391 0.009285714285714286 0.008883248730964468