6 0.02642857142857143 0.8305837563451777 0.037142857142857144 0.09517766497461928
7 0.31607142857142856 0.04568527918781726 0.027857142857142858 0.0583756345177665
6 0.04428571428571428 0.044416243654822336 0.03571428571428571 0.03553299492385787
6 0.05285714285714286 0.028553299492385786 0.03428571428571429 0.03680203045685279
6 0.3517857142857143 0.958756345177665 0.04357142857142857 0.0799492385786802
6 0.32321428571428573 0.9644670050761421 0.039285714285714285 0.06852791878172589
6 0.4228571428571429 0.9644670050761421 0.04428571428571428 0.06852791878172589
6 0.3975 0.983502538071066 0.030714285714285715 0.030456852791878174
6 0.2935714285714286 0.9815989847715736 0.03142857142857143 0.03426395939086294
6 0.37142857142857144 0.9206852791878173 0.041428571428571426 0.10532994923857868
8 0.4421428571428571 0.9251269035532995 0.07285714285714286 0.14720812182741116
6 0.4089285714285714 0.7887055837563451 0.05357142857142857 0.07741116751269035
6 0.4342857142857143 0.8102791878172588 0.041428571428571426 0.06218274111675127
11 0.39357142857142857 0.6782994923857868 0.13285714285714287 0.18401015228426396
6 0.43142857142857144 0.7125634517766497 0.05285714285714286 0.0799492385786802
6 0.4567857142857143 0.7354060913705583 0.05357142857142857 0.07741116751269035
6 0.47464285714285714 0.7671319796954315 0.047857142857142855 0.07233502538071065
6 0.4157142857142857 0.5970812182741116 0.04285714285714286 0.06979695431472081
6 0.7957142857142857 0.9321065989847716 0.054285714285714284 0.07487309644670051
6 0.9239285714285714 0.7766497461928934 0.045 0.06345177664974619
1 0.9567857142857142 0.8274111675126904 0.012142857142857143 0.025380710659898477
1 0.7664285714285715 0.42576142131979694 0.007142857142857143 0.021573604060913704
1 0.7592857142857142 0.42258883248730966 0.007142857142857143 0.02030456852791878
1 0.7153571428571428 0.45114213197969544 0.007857142857142858 0.01903553299492386
4 0.7275 0.4346446700507614 0.0064285714285714285 0.01649746192893401
1 0.7075 0.36611675126903553 0.005 0.024111675126903553
11 0.6653571428571429 0.5678934010152284 0.10642857142857143 0.20431472081218274
11 0.6178571428571429 0.5666243654822335 0.06714285714285714 0.13578680203045684
8 0.5660714285714286 0.625 0.055 0.12309644670050761
11 0.5364285714285715 0.4714467005076142 0.09 0.18908629441624367
11 0.4717857142857143 0.36421319796954316 0.047857142857142855 0.10913705583756345
11 0.3382142857142857 0.03489847715736041 0.039285714285714285 0.06979695431472081
6 0.17785714285714285 0.028553299492385786 0.03 0.05203045685279188
6 0.1975 0.03553299492385787 0.02642857142857143 0.04568527918781726
6 0.52 0.31091370558375636 0.03428571428571429 0.06091370558375635
6 0.4757142857142857 0.2303299492385787 0.032857142857142856 0.05710659898477157
6 0.5539285714285714 0.37119289340101524 0.03642857142857143 0.06979695431472081
6 0.5935714285714285 0.4467005076142132 0.03857142857142857 0.07360406091370558
6 0.47535714285714287 0.2836294416243655 0.03214285714285714 0.06218274111675127
6 0.5039285714285714 0.35215736040609136 0.03642857142857143 0.06725888324873096
6 0.5592857142857143 0.45685279187817257 0.03571428571428571 0.07360406091370558
6 0.3417857142857143 0.10025380710659898 0.02642857142857143 0.0532994923857868
6 0.36678571428571427 0.14022842639593908 0.029285714285714286 0.05203045685279188
6 0.3896428571428571 0.18781725888324874 0.029285714285714286 0.0583756345177665
8 0.4164285714285714 0.23921319796954316 0.03571428571428571 0.08756345177664974
7 0.43785714285714283 0.21446700507614214 0.03428571428571429 0.07106598984771574
7 0.4032142857142857 0.15038071065989847 0.030714285714285715 0.06218274111675127
7 0.43 0.13705583756345177 0.03 0.06345177664974619
7 0.4042857142857143 0.09390862944162437 0.027142857142857142 0.06345177664974619
7 0.36714285714285716 0.08185279187817258 0.02857142857142857 0.06218274111675127
6 0.4810714285714286 0.46256345177664976 0.03214285714285714 0.07487309644670051
6 0.5135714285714286 0.5374365482233503 0.037142857142857144 0.07487309644670051
4 0.7053571428571429 0.42258883248730966 0.0064285714285714285 0.02284263959390863
1 0.5267857142857143 0.2036802030456853 0.0035714285714285713 0.024111675126903553
1 0.5235714285714286 0.2049492385786802 0.004285714285714286 0.021573604060913704
6 0.011428571428571429 0.07233502538071065 0.022857142857142857 0.03299492385786802