6 0.48678571428571427 0.875 0.012142857142857143 0.05203045685279188
11 0.4735714285714286 0.5545685279187818 0.017142857142857144 0.11928934010152284
11 0.41535714285714287 0.3864213197969543 0.013571428571428571 0.06218274111675127
7 0.4328571428571429 0.33756345177664976 0.011428571428571429 0.04314720812182741
7 0.46214285714285713 0.19289340101522842 0.011428571428571429 0.048223350253807105
6 0.38821428571428573 0.1884517766497462 0.02214285714285714 0.021573604060913704
1 0.38821428571428573 0.39911167512690354 0.005 0.008883248730964468
1 0.4932142857142857 0.44289340101522845 0.005 0.01015228426395939
1 0.5096428571428572 0.29949238578680204 0.005 0.012690355329949238
1 0.5121428571428571 0.2760152284263959 0.004285714285714286 0.008883248730964468
1 0.5153571428571428 0.2569796954314721 0.0035714285714285713 0.008883248730964468
0 0.49785714285714283 0.29251269035532995 0.015714285714285715 0.0799492385786802
1 0.5267857142857143 0.19416243654822335 0.0035714285714285713 0.01015228426395939
1 0.5303571428571429 0.21890862944162437 0.005 0.008883248730964468
2 0.5807142857142857 0.10025380710659898 0.007142857142857143 0.027918781725888325
0 0.6417857142857143 0.08883248730964467 0.08357142857142857 0.04060913705583756
7 0.7567857142857143 0.10406091370558376 0.027857142857142858 0.027918781725888325
8 0.8467857142857143 0.1313451776649746 0.025 0.05710659898477157
7 0.8653571428571428 0.13261421319796954 0.016428571428571428 0.044416243654822336