8 0.3817857142857143 0.7404822335025381 0.11214285714285714 0.1383248730964467
8 0.4032142857142857 0.6998730964467005 0.095 0.12563451776649745
8 0.41892857142857143 0.6541878172588832 0.08357142857142857 0.11040609137055837
8 0.4367857142857143 0.6154822335025381 0.09357142857142857 0.12690355329949238
8 0.4725 0.559010152284264 0.10071428571428571 0.10786802030456853
8 0.49107142857142855 0.5133248730964467 0.09214285714285714 0.11802030456852793
8 0.5171428571428571 0.49428934010152287 0.11857142857142858 0.12309644670050761
11 0.45714285714285713 0.5869289340101523 0.08285714285714285 0.10025380710659898
11 0.9182142857142858 0.7696700507614214 0.05071428571428571 0.26015228426395937
11 0.8746428571428572 0.7398477157360406 0.060714285714285714 0.24873096446700507
11 0.7075 0.6345177664974619 0.07357142857142857 0.22081218274111675
11 0.7496428571428572 0.6637055837563451 0.07071428571428572 0.22842639593908629
7 0.6114285714285714 0.7258883248730964 0.047142857142857146 0.1218274111675127
7 0.15964285714285714 0.7785532994923858 0.027857142857142858 0.09517766497461928
6 0.5617857142857143 0.9098984771573604 0.04214285714285714 0.09644670050761421
6 0.6335714285714286 0.9460659898477157 0.04428571428571428 0.10532994923857868
6 0.7060714285714286 0.9733502538071066 0.03214285714285714 0.050761421319796954
6 0.9353571428571429 0.9473350253807107 0.04071428571428572 0.10279187817258884
6 0.5407142857142857 0.9739847715736041 0.041428571428571426 0.04949238578680203
6 0.39107142857142857 0.9625634517766497 0.065 0.07233502538071065
6 0.22714285714285715 0.9403553299492385 0.05857142857142857 0.116751269035533
6 0.315 0.9574873096446701 0.07 0.08248730964467005
6 0.38321428571428573 0.8312182741116751 0.06357142857142857 0.08121827411167512
6 0.41 0.9225888324873096 0.06571428571428571 0.08375634517766498
6 0.32285714285714284 0.8883248730964467 0.07142857142857142 0.07868020304568528
6 0.13964285714285715 0.0532994923857868 0.03642857142857143 0.04060913705583756
6 0.19892857142857143 0.28109137055837563 0.04642857142857143 0.03934010152284264
6 0.023214285714285715 0.4270304568527919 0.03785714285714286 0.05710659898477157
6 0.195 0.924492385786802 0.04428571428571428 0.11802030456852793
6 0.1657142857142857 0.9067258883248731 0.05285714285714286 0.11548223350253807
6 0.1392857142857143 0.8813451776649747 0.05285714285714286 0.11040609137055837
6 0.10892857142857143 0.8623096446700508 0.05357142857142857 0.11040609137055837
6 0.08214285714285714 0.8324873096446701 0.055714285714285716 0.11421319796954314
6 0.05357142857142857 0.8083756345177665 0.054285714285714284 0.10913705583756345
6 0.025 0.7982233502538071 0.05 0.1065989847715736
6 0.05785714285714286 0.7062182741116751 0.032857142857142856 0.09517766497461928
6 0.09964285714285714 0.7296954314720813 0.03214285714285714 0.09390862944162437
6 0.12964285714285714 0.751269035532995 0.029285714285714286 0.08883248730964467
6 0.19607142857142856 0.8032994923857868 0.025 0.08883248730964467
11 0.26785714285714285 0.233502538071066 0.05142857142857143 0.08121827411167512
0 0.20285714285714285 0.16941624365482233 0.054285714285714284 0.09517766497461928
0 0.155 0.16434010152284265 0.05 0.07487309644670051