6 0.6975 0.8185714285714286 0.14785714285714285 0.12285714285714286
6 0.7264285714285714 0.7485714285714286 0.14142857142857143 0.12
7 0.6103571428571428 0.6457142857142857 0.09214285714285714 0.09523809523809523
6 0.7607142857142857 0.5619047619047619 0.07857142857142857 0.06476190476190476
6 0.7667857142857143 0.5323809523809524 0.09642857142857143 0.05904761904761905
6 0.765 0.49476190476190474 0.09285714285714286 0.058095238095238096
6 0.7689285714285714 0.46904761904761905 0.08357142857142857 0.05238095238095238
6 0.7760714285714285 0.4514285714285714 0.075 0.045714285714285714
6 0.7792857142857142 0.4261904761904762 0.06571428571428571 0.04476190476190476
6 0.6728571428571428 0.47285714285714286 0.08285714285714285 0.06
1 0.7071428571428572 0.5114285714285715 0.011428571428571429 0.0380952380952381
5 0.6685714285714286 0.5061904761904762 0.03142857142857143 0.025714285714285714
6 0.9292857142857143 0.47523809523809524 0.04857142857142857 0.06285714285714286
6 0.9196428571428571 0.39476190476190476 0.03642857142857143 0.04285714285714286
6 0.7871428571428571 0.37761904761904763 0.06857142857142857 0.040952380952380955
7 0.7835714285714286 0.35619047619047617 0.06714285714285714 0.0380952380952381
6 0.7960714285714285 0.3271428571428571 0.05785714285714286 0.037142857142857144
8 0.71 0.3566666666666667 0.06285714285714286 0.08095238095238096
6 0.7267857142857143 0.3271428571428571 0.04071428571428572 0.035238095238095235
6 0.8996428571428572 0.3252380952380952 0.02642857142857143 0.029523809523809525
6 0.8942857142857142 0.2995238095238095 0.025714285714285714 0.029523809523809525
6 0.8892857142857142 0.2714285714285714 0.02 0.022857142857142857
6 0.9003571428571429 0.2580952380952381 0.04071428571428572 0.02095238095238095
6 0.8021428571428572 0.30857142857142855 0.05 0.024761904761904763
7 0.8060714285714285 0.28904761904761905 0.045 0.035238095238095235
6 0.685 0.07761904761904762 0.02 0.008571428571428572
0 0.665 0.12380952380952381 0.11571428571428571 0.05333333333333334
0 0.5460714285714285 0.1438095238095238 0.05357142857142857 0.02857142857142857
7 0.5839285714285715 0.14666666666666667 0.019285714285714285 0.013333333333333334
7 0.6003571428571428 0.14476190476190476 0.016428571428571428 0.013333333333333334
6 0.5689285714285715 0.15857142857142856 0.012142857142857143 0.012380952380952381
6 0.5660714285714286 0.18428571428571427 0.016428571428571428 0.014285714285714285
6 0.5846428571428571 0.16952380952380952 0.010714285714285714 0.015238095238095238
6 0.6110714285714286 0.18047619047619048 0.015 0.012380952380952381
6 0.6221428571428571 0.17523809523809525 0.012857142857142857 0.011428571428571429
6 0.6303571428571428 0.16952380952380952 0.012142857142857143 0.011428571428571429
6 0.645 0.16904761904761906 0.012857142857142857 0.010476190476190476
6 0.6453571428571429 0.1838095238095238 0.013571428571428571 0.013333333333333334
6 0.655 0.17666666666666667 0.011428571428571429 0.012380952380952381
1 0.6110714285714286 0.16857142857142857 0.0035714285714285713 0.011428571428571429
1 0.6192857142857143 0.15904761904761905 0.002857142857142857 0.011428571428571429
5 0.5453571428571429 0.16952380952380952 0.0064285714285714285 0.005714285714285714
4 0.5464285714285714 0.16666666666666666 0.002857142857142857 0.009523809523809525
1 0.5042857142857143 0.16952380952380952 0.002857142857142857 0.011428571428571429
1 0.49607142857142855 0.1719047619047619 0.002142857142857143 0.012380952380952381
1 0.47035714285714286 0.18285714285714286 0.002142857142857143 0.013333333333333334
1 0.4714285714285714 0.20285714285714285 0.004285714285714286 0.015238095238095238
7 0.7642857142857142 0.15142857142857144 0.011428571428571429 0.009523809523809525
7 0.7010714285714286 0.22 0.013571428571428571 0.02095238095238095
2 0.6767857142857143 0.2814285714285714 0.0064285714285714285 0.010476190476190476
4 0.6764285714285714 0.2695238095238095 0.002857142857142857 0.007619047619047619
5 0.6346428571428572 0.32761904761904764 0.005 0.013333333333333334
4 0.635 0.31761904761904763 0.005714285714285714 0.02
2 0.5878571428571429 0.4057142857142857 0.01 0.024761904761904763
2 0.6039285714285715 0.38333333333333336 0.009285714285714286 0.021904761904761906
1 0.6675 0.37333333333333335 0.0064285714285714285 0.030476190476190476
4 0.6042857142857143 0.37476190476190474 0.005714285714285714 0.02
4 0.5878571428571429 0.3985714285714286 0.007142857142857143 0.023809523809523808
1 0.42892857142857144 0.6242857142857143 0.012142857142857143 0.04476190476190476
1 0.4392857142857143 0.6261904761904762 0.012857142857142857 0.04666666666666667
1 0.3539285714285714 0.7514285714285714 0.016428571428571428 0.05714285714285714
1 0.3692857142857143 0.7528571428571429 0.012857142857142857 0.06
6 0.5846428571428571 0.23095238095238096 0.020714285714285713 0.018095238095238095
11 0.43785714285714283 0.2038095238095238 0.05714285714285714 0.04380952380952381
11 0.38142857142857145 0.2276190476190476 0.07 0.05142857142857143
11 0.3067857142857143 0.27476190476190476 0.095 0.06952380952380953
11 0.28714285714285714 0.2652380952380952 0.09571428571428571 0.06571428571428571
7 0.2860714285714286 0.3419047619047619 0.04357142857142857 0.045714285714285714
1 0.15071428571428572 0.30238095238095236 0.007142857142857143 0.021904761904761906
0 0.22035714285714286 0.2761904761904762 0.030714285714285715 0.02666666666666667