6 0.334375 0.9777777777777777 0.05625 0.044444444444444446
6 0.40729166666666666 0.9319444444444445 0.07708333333333334 0.05277777777777778
6 0.4270833333333333 0.8708333333333333 0.07083333333333333 0.058333333333333334
6 0.453125 0.7 0.06458333333333334 0.03888888888888889
6 0.6166666666666667 0.6611111111111111 0.05416666666666667 0.03333333333333333
7 0.5052083333333334 0.6055555555555555 0.027083333333333334 0.06111111111111111
6 0.45 0.5847222222222223 0.05 0.041666666666666664
6 0.5916666666666667 0.5569444444444445 0.04583333333333333 0.030555555555555555
7 0.575 0.5097222222222222 0.04583333333333333 0.030555555555555555
6 0.45729166666666665 0.4625 0.04375 0.025
7 0.43125 0.43194444444444446 0.03333333333333333 0.025
6 0.4375 0.4152777777777778 0.041666666666666664 0.019444444444444445
1 0.540625 0.5833333333333334 0.00625 0.022222222222222223
6 0.628125 0.2569444444444444 0.014583333333333334 0.019444444444444445
6 0.4322916666666667 0.26666666666666666 0.03125 0.016666666666666666
6 0.4375 0.25 0.025 0.016666666666666666
6 0.503125 0.14444444444444443 0.01875 0.011111111111111112
6 0.49583333333333335 0.13194444444444445 0.020833333333333332 0.013888888888888888
6 0.490625 0.10694444444444444 0.01875 0.008333333333333333
6 0.4875 0.08055555555555556 0.016666666666666666 0.011111111111111112
6 0.896875 0.2638888888888889 0.027083333333333334 0.022222222222222223
6 0.809375 0.16944444444444445 0.022916666666666665 0.016666666666666666
8 0.7229166666666667 0.08055555555555556 0.020833333333333332 0.022222222222222223
8 0.8104166666666667 0.1486111111111111 0.029166666666666667 0.030555555555555555
6 0.421875 0.18472222222222223 0.022916666666666665 0.013888888888888888
11 0.42083333333333334 0.1486111111111111 0.016666666666666666 0.03611111111111111
11 0.48125 0.1527777777777778 0.016666666666666666 0.03333333333333333