6 0.5042857142857143 0.799492385786802 0.017142857142857144 0.06598984771573604
6 0.5385714285714286 0.7791878172588832 0.017142857142857144 0.0532994923857868
6 0.4775 0.741751269035533 0.017857142857142856 0.05964467005076142
6 0.42392857142857143 0.43210659898477155 0.015 0.02918781725888325
6 0.5117857142857143 0.44225888324873097 0.013571428571428571 0.031725888324873094
6 0.4785714285714286 0.2639593908629442 0.011428571428571429 0.02030456852791878
6 0.5075 0.3166243654822335 0.012142857142857143 0.02918781725888325
6 0.3846428571428571 0.18591370558375633 0.020714285714285713 0.013959390862944163
6 0.45571428571428574 0.20050761421319796 0.008571428571428572 0.017766497461928935
6 0.4714285714285714 0.19733502538071065 0.01 0.01649746192893401
6 0.4807142857142857 0.23540609137055837 0.008571428571428572 0.01903553299492386
6 0.5178571428571429 0.25253807106598986 0.01 0.02284263959390863
6 0.5335714285714286 0.20241116751269037 0.008571428571428572 0.024111675126903553
6 0.48714285714285716 0.15038071065989847 0.007142857142857143 0.01649746192893401
6 0.47535714285714287 0.15101522842639595 0.007857142857142858 0.015228426395939087
6 0.4607142857142857 0.1598984771573604 0.007142857142857143 0.017766497461928935
6 0.5032142857142857 0.16941624365482233 0.007857142857142858 0.01903553299492386
6 0.5082142857142857 0.09263959390862944 0.0064285714285714285 0.015228426395939087
6 0.49142857142857144 0.11802030456852793 0.007142857142857143 0.015228426395939087
6 0.5192857142857142 0.10723350253807107 0.005714285714285714 0.01649746192893401
6 0.5192857142857142 0.1383248730964467 0.007142857142857143 0.017766497461928935
6 0.48 0.125 0.007142857142857143 0.01649746192893401
6 0.48142857142857143 0.09390862944162437 0.008571428571428572 0.017766497461928935
6 0.4953571428571429 0.06662436548223351 0.0064285714285714285 0.01649746192893401
6 0.49892857142857144 0.02601522842639594 0.0064285714285714285 0.008883248730964468
6 0.49642857142857144 0.03807106598984772 0.005714285714285714 0.012690355329949238
6 0.49857142857142855 0.005076142131979695 0.007142857142857143 0.01015228426395939
7 0.5207142857142857 0.07423857868020305 0.007142857142857143 0.01649746192893401
7 0.5214285714285715 0.04060913705583756 0.007142857142857143 0.017766497461928935
7 0.49392857142857144 0.0932741116751269 0.007857142857142858 0.01649746192893401
7 0.48428571428571426 0.19225888324873097 0.008571428571428572 0.01903553299492386
7 0.5192857142857142 0.1947969543147208 0.01 0.0266497461928934
6 0.8042857142857143 0.9397208121827412 0.055714285714285716 0.04187817258883249
6 0.8657142857142858 0.9416243654822335 0.05285714285714286 0.03553299492385787
6 0.5332142857142858 0.10532994923857868 0.007857142857142858 0.015228426395939087
6 0.5328571428571428 0.04631979695431472 0.007142857142857143 0.01649746192893401
7 0.5335714285714286 0.2684010152284264 0.011428571428571429 0.0266497461928934
7 0.5310714285714285 0.07487309644670051 0.007857142857142858 0.015228426395939087
8 0.44857142857142857 0.24809644670050762 0.014285714285714285 0.03934010152284264
8 0.4853571428571429 0.04758883248730964 0.007857142857142858 0.021573604060913704
11 0.48857142857142855 0.01967005076142132 0.01 0.031725888324873094
11 0.5342857142857143 0.39911167512690354 0.017142857142857144 0.09263959390862944
7 0.8217857142857142 0.3096446700507614 0.03785714285714286 0.027918781725888325