11 0.6282142857142857 0.03238095238095238 0.05071428571428571 0.06285714285714286
6 0.6882142857142857 0.3680952380952381 0.05071428571428571 0.11333333333333333
10 0.5267857142857143 0.34476190476190477 0.02214285714285714 0.07047619047619047
1 0.13642857142857143 0.12285714285714286 0.017142857142857144 0.0419047619047619
1 0.08714285714285715 0.019523809523809523 0.012857142857142857 0.021904761904761906
1 0.38785714285714284 0.14095238095238094 0.012857142857142857 0.04
1 0.4010714285714286 0.14047619047619048 0.010714285714285714 0.037142857142857144
1 0.4010714285714286 0.18857142857142858 0.012142857142857143 0.0380952380952381
1 0.4210714285714286 0.1919047619047619 0.012142857142857143 0.035238095238095235
1 0.415 0.18333333333333332 0.012857142857142857 0.037142857142857144
2 0.4667857142857143 0.17857142857142858 0.020714285714285713 0.03333333333333333
4 0.4667857142857143 0.17142857142857143 0.013571428571428571 0.03619047619047619
1 0.5317857142857143 0.35095238095238096 0.017857142857142856 0.03333333333333333
1 0.5082142857142857 0.32285714285714284 0.009285714285714286 0.04
1 0.515 0.28476190476190477 0.008571428571428572 0.03428571428571429
1 0.45107142857142857 0.9319047619047619 0.019285714285714285 0.039047619047619046
2 0.48642857142857143 0.9780952380952381 0.018571428571428572 0.0419047619047619
4 0.48428571428571426 0.991904761904762 0.02142857142857143 0.01619047619047619