7 0.49178571428571427 0.2604761904761905 0.029285714285714286 0.05619047619047619
6 0.5078571428571429 0.20285714285714285 0.027142857142857142 0.0419047619047619
6 0.6260714285714286 0.10380952380952381 0.02214285714285714 0.03619047619047619
7 0.6278571428571429 0.06904761904761905 0.017142857142857144 0.035238095238095235
6 0.6017857142857143 0.38285714285714284 0.035 0.06476190476190476
6 0.6096428571428572 0.3038095238095238 0.030714285714285715 0.05904761904761905
6 0.6132142857142857 0.2423809523809524 0.02642857142857143 0.05047619047619047
6 0.6196428571428572 0.19428571428571428 0.027857142857142858 0.0419047619047619
6 0.3385714285714286 0.5014285714285714 0.045714285714285714 0.09047619047619047
6 0.29892857142857143 0.49238095238095236 0.055 0.08761904761904762
6 0.21607142857142858 0.4857142857142857 0.055 0.08761904761904762
6 0.12928571428571428 0.4895238095238095 0.07 0.09523809523809523
6 0.04392857142857143 0.48142857142857143 0.062142857142857146 0.09047619047619047
5 0.20464285714285715 0.3738095238095238 0.007857142857142858 0.029523809523809525
2 0.19 0.36952380952380953 0.017142857142857144 0.03619047619047619
6 0.39 0.4585714285714286 0.04285714285714286 0.07523809523809524
6 0.3692857142857143 0.7361904761904762 0.06142857142857143 0.12761904761904763
6 0.0525 0.6695238095238095 0.08642857142857142 0.12761904761904763
6 0.10178571428571428 0.6671428571428571 0.07357142857142857 0.11523809523809524
6 0.14535714285714285 0.679047619047619 0.07928571428571428 0.12380952380952381
6 0.19642857142857142 0.6785714285714286 0.06285714285714286 0.11523809523809524
6 0.2671428571428571 0.6185714285714285 0.054285714285714284 0.10380952380952381
6 0.02142857142857143 0.659047619047619 0.04285714285714286 0.09333333333333334
1 0.06892857142857142 0.7323809523809524 0.02642857142857143 0.03428571428571429
6 0.9396428571428571 0.7647619047619048 0.095 0.05714285714285714
6 0.6853571428571429 0.5166666666666667 0.09214285714285714 0.05047619047619047
6 0.7317857142857143 0.2947619047619048 0.035 0.06380952380952382
6 0.7685714285714286 0.30047619047619045 0.03428571428571429 0.06380952380952382
6 0.935 0.3180952380952381 0.047142857142857146 0.05714285714285714
6 0.6771428571428572 0.3952380952380952 0.06857142857142857 0.047619047619047616
6 0.6928571428571428 0.4461904761904762 0.08285714285714285 0.04857142857142857
2 0.7039285714285715 0.23714285714285716 0.016428571428571428 0.04
6 0.9757142857142858 0.32857142857142857 0.04857142857142857 0.06666666666666667
2 0.9864285714285714 0.2623809523809524 0.014285714285714285 0.03142857142857143