6 0.35892857142857143 0.8629441624365483 0.020714285714285713 0.04314720812182741
7 0.3492857142857143 0.7620558375634517 0.02 0.03680203045685279
7 0.42928571428571427 0.8604060913705583 0.02142857142857143 0.0532994923857868
7 0.37107142857142855 0.6395939086294417 0.013571428571428571 0.027918781725888325
7 0.43964285714285717 0.5983502538071066 0.012142857142857143 0.02918781725888325
7 0.4328571428571429 0.7411167512690355 0.014285714285714285 0.03299492385786802
7 0.3382142857142857 0.5983502538071066 0.020714285714285713 0.02918781725888325
6 0.3392857142857143 0.5920050761421319 0.02 0.021573604060913704
6 0.3442857142857143 0.5793147208121827 0.02142857142857143 0.01903553299492386
1 0.3392857142857143 0.684010152284264 0.004285714285714286 0.02030456852791878
1 0.33107142857142857 0.7151015228426396 0.0035714285714285713 0.021573604060913704
1 0.32357142857142857 0.7442893401015228 0.004285714285714286 0.013959390862944163
1 0.3264285714285714 0.7442893401015228 0.004285714285714286 0.011421319796954314
1 0.3225 0.7354060913705583 0.005 0.021573604060913704
1 0.32535714285714284 0.7404822335025381 0.005 0.01903553299492386
1 0.3296428571428571 0.7322335025380711 0.005 0.02284263959390863
6 0.3796428571428571 0.6027918781725888 0.012142857142857143 0.02030456852791878
2 0.48678571428571427 0.6154822335025381 0.005 0.017766497461928935
4 0.4875 0.6123096446700508 0.0035714285714285713 0.01649746192893401
11 0.5217857142857143 0.4980964467005076 0.012142857142857143 0.03680203045685279
11 0.3967857142857143 0.4860406091370558 0.016428571428571428 0.050761421319796954
3 0.23714285714285716 0.37246192893401014 0.017142857142857144 0.024111675126903553
1 0.35714285714285715 0.5437817258883249 0.002857142857142857 0.013959390862944163
1 0.36678571428571427 0.5609137055837563 0.005 0.012690355329949238
1 0.36392857142857143 0.5317258883248731 0.002142857142857143 0.01015228426395939
1 0.37785714285714284 0.5038071065989848 0.002857142857142857 0.012690355329949238
1 0.38107142857142856 0.5044416243654822 0.002142857142857143 0.011421319796954314
6 0.44285714285714284 0.4727157360406091 0.008571428571428572 0.013959390862944163
6 0.4182142857142857 0.4403553299492386 0.007857142857142858 0.012690355329949238
7 0.49357142857142855 0.42956852791878175 0.007142857142857143 0.01649746192893401
8 0.4642857142857143 0.4333756345177665 0.011428571428571429 0.03426395939086294
11 0.42392857142857143 0.3876903553299492 0.009285714285714286 0.0266497461928934
3 0.2275 0.3769035532994924 0.016428571428571428 0.015228426395939087
6 0.5917857142857142 0.3413705583756345 0.0064285714285714285 0.01015228426395939
6 0.5985714285714285 0.3350253807106599 0.004285714285714286 0.01015228426395939
6 0.605 0.3217005076142132 0.007142857142857143 0.006345177664974619
6 0.585 0.33121827411167515 0.004285714285714286 0.007614213197969543
6 0.5864285714285714 0.32614213197969544 0.004285714285714286 0.007614213197969543
6 0.4610714285714286 0.3464467005076142 0.0064285714285714285 0.01015228426395939
6 0.4467857142857143 0.399746192893401 0.007857142857142858 0.01015228426395939
6 0.4707142857142857 0.342005076142132 0.005714285714285714 0.011421319796954314
11 0.4367857142857143 0.3743654822335025 0.007857142857142858 0.02030456852791878
6 0.44892857142857145 0.35279187817258884 0.0064285714285714285 0.01015228426395939
6 0.45035714285714284 0.315989847715736 0.005 0.007614213197969543
7 0.4425 0.3001269035532995 0.005 0.008883248730964468
6 0.4610714285714286 0.3115482233502538 0.0035714285714285713 0.008883248730964468
6 0.4614285714285714 0.30456852791878175 0.004285714285714286 0.005076142131979695
0 0.4760714285714286 0.3001269035532995 0.0035714285714285713 0.013959390862944163
6 0.4942857142857143 0.33375634517766495 0.004285714285714286 0.007614213197969543
8 0.4685714285714286 0.31218274111675126 0.005714285714285714 0.017766497461928935
6 0.42928571428571427 0.233502538071066 0.004285714285714286 0.005076142131979695
6 0.43142857142857144 0.2366751269035533 0.002857142857142857 0.0038071065989847717
6 0.4382142857142857 0.2398477157360406 0.005 0.005076142131979695
6 0.44607142857142856 0.2468274111675127 0.0035714285714285713 0.0038071065989847717
7 0.45071428571428573 0.2512690355329949 0.002857142857142857 0.007614213197969543
6 0.4617857142857143 0.26078680203045684 0.0035714285714285713 0.006345177664974619
6 0.4585714285714286 0.2715736040609137 0.002857142857142857 0.007614213197969543
7 0.45035714285714284 0.2696700507614213 0.0035714285714285713 0.006345177664974619
6 0.4514285714285714 0.28109137055837563 0.002857142857142857 0.006345177664974619
6 0.46035714285714285 0.2868020304568528 0.0035714285714285713 0.005076142131979695