6 0.0155 0.37233333333333335 0.031 0.03
6 0.006 0.32966666666666666 0.012 0.03266666666666666
7 0.01825 0.30133333333333334 0.0365 0.029333333333333333
6 0.07425 0.2813333333333333 0.0275 0.02
6 0.0945 0.27366666666666667 0.026 0.016666666666666666
6 0.116 0.26166666666666666 0.03 0.016666666666666666
6 0.14025 0.2693333333333333 0.0285 0.018666666666666668
6 0.1305 0.2803333333333333 0.031 0.018
7 0.115 0.2836666666666667 0.031 0.022
6 0.141 0.2866666666666667 0.035 0.018666666666666668
6 0.12325 0.295 0.0365 0.018
6 0.118 0.30266666666666664 0.04 0.021333333333333333
8 0.08 0.405 0.095 0.05
6 0.12425 0.39466666666666667 0.0675 0.03333333333333333
1 0.19425 0.37366666666666665 0.0105 0.026
6 0.2035 0.391 0.063 0.03266666666666666
6 0.179 0.966 0.128 0.068
6 0.2715 0.352 0.052 0.030666666666666665
7 0.2955 0.382 0.059 0.04
7 0.3065 0.417 0.07 0.059333333333333335
7 0.25975 0.641 0.0785 0.14466666666666667
0 0.4225 0.187 0.051 0.06066666666666667
4 0.3055 0.6863333333333334 0.029 0.03266666666666666
1 0.29525 0.6333333333333333 0.0395 0.050666666666666665
1 0.38 0.688 0.02 0.06666666666666667
5 0.38775 0.73 0.0375 0.050666666666666665
1 0.423 0.734 0.021 0.06533333333333333
1 0.4735 0.7406666666666667 0.025 0.07733333333333334
1 0.453 0.7133333333333334 0.021 0.072
1 0.43225 0.7143333333333334 0.0225 0.06866666666666667
1 0.4295 0.5503333333333333 0.014 0.04733333333333333
1 0.41925 0.5603333333333333 0.0095 0.042
4 0.4825 0.5873333333333334 0.018 0.052
5 0.483 0.6046666666666667 0.017 0.044
4 0.382 0.48733333333333334 0.014 0.03333333333333333
4 0.502 0.4756666666666667 0.011 0.038
5 0.50175 0.485 0.0125 0.03266666666666666
4 0.42925 0.3923333333333333 0.0105 0.028666666666666667
2 0.4295 0.402 0.01 0.024
1 0.4965 0.33666666666666667 0.009 0.025333333333333333
6 0.40975 0.30766666666666664 0.0195 0.024666666666666667
7 0.44125 0.2906666666666667 0.0175 0.030666666666666665
1 0.41175 0.267 0.0035 0.015333333333333332
4 0.4205 0.26066666666666666 0.004 0.013333333333333334
5 0.42075 0.265 0.0035 0.011333333333333334
6 0.45825 0.25933333333333336 0.0135 0.016
4 0.4435 0.24933333333333332 0.005 0.012
2 0.444 0.25333333333333335 0.004 0.010666666666666666
6 0.43175 0.247 0.0135 0.015333333333333332
6 0.44975 0.243 0.0115 0.014
6 0.4465 0.23533333333333334 0.011 0.010666666666666666
6 0.4295 0.23066666666666666 0.01 0.012
0 0.418 0.22866666666666666 0.008 0.014666666666666666
10 0.4425 0.22866666666666666 0.008 0.010666666666666666
1 0.4515 0.227 0.003 0.008666666666666666
1 0.4485 0.22566666666666665 0.003 0.01
1 0.4475 0.225 0.003 0.01
5 0.434 0.22266666666666668 0.003 0.008
4 0.4335 0.21933333333333332 0.003 0.008
1 0.54225 0.45466666666666666 0.0125 0.042666666666666665
1 0.575 0.466 0.011 0.044
7 0.64125 0.538 0.0465 0.088
4 0.62375 0.6073333333333333 0.0205 0.034666666666666665
6 0.73125 0.347 0.0415 0.027333333333333334
6 0.896 0.8816666666666667 0.208 0.234