7 0.2017857142857143 0.5 0.047857142857142855 0.03807106598984772
8 0.055 0.8895939086294417 0.10857142857142857 0.08121827411167512
3 0.1725 0.8578680203045685 0.085 0.06852791878172589
7 0.2835714285714286 0.9758883248730964 0.025714285714285714 0.04568527918781726
6 0.34464285714285714 0.9765228426395939 0.023571428571428573 0.044416243654822336
6 0.3717857142857143 0.9549492385786802 0.029285714285714286 0.08756345177664974
6 0.42857142857142855 0.9200507614213198 0.03142857142857143 0.09898477157360407
7 0.45535714285714285 0.9060913705583756 0.030714285714285715 0.08629441624365482
7 0.4832142857142857 0.8908629441624365 0.030714285714285715 0.08121827411167512
3 0.44892857142857145 0.7563451776649747 0.03642857142857143 0.03299492385786802
3 0.39 0.7703045685279187 0.04 0.03299492385786802
1 0.7757142857142857 0.06535532994923858 0.007142857142857143 0.01903553299492386
1 0.8267857142857142 0.05901015228426396 0.012142857142857143 0.021573604060913704
6 0.8182142857142857 0.22208121827411167 0.035 0.03553299492385787
6 0.7867857142857143 0.6789340101522843 0.04357142857142857 0.0583756345177665
6 0.7460714285714286 0.7081218274111675 0.04642857142857143 0.04060913705583756
6 0.9521428571428572 0.7474619289340102 0.041428571428571426 0.048223350253807105
11 0.9082142857142858 0.7138324873096447 0.12071428571428572 0.1281725888324873
7 0.8342857142857143 0.8426395939086294 0.04428571428571428 0.0583756345177665
7 0.6975 0.9460659898477157 0.04642857142857143 0.05964467005076142
6 0.7271428571428571 0.8604060913705583 0.047142857142857146 0.05583756345177665
6 0.6192857142857143 0.9416243654822335 0.04857142857142857 0.05583756345177665
8 0.6882142857142857 0.7131979695431472 0.08214285714285714 0.08629441624365482
8 0.6017857142857143 0.6865482233502538 0.11214285714285714 0.10152284263959391
8 0.5928571428571429 0.7557106598984772 0.10428571428571429 0.08248730964467005
8 0.5960714285714286 0.8229695431472082 0.08214285714285714 0.09263959390862944