6 0.4539285714285714 0.621904761904762 0.016428571428571428 0.02095238095238095
6 0.4760714285714286 0.6204761904761905 0.013571428571428571 0.021904761904761906
6 0.5710714285714286 0.6476190476190476 0.009285714285714286 0.02666666666666667
6 0.5775 0.6938095238095238 0.010714285714285714 0.02761904761904762
6 0.5885714285714285 0.7452380952380953 0.015714285714285715 0.029523809523809525
6 0.5985714285714285 0.7914285714285715 0.018571428571428572 0.024761904761904763
6 0.4514285714285714 0.7566666666666667 0.014285714285714285 0.029523809523809525
6 0.4617857142857143 0.590952380952381 0.017857142857142856 0.01619047619047619
6 0.44785714285714284 0.6466666666666666 0.018571428571428572 0.01904761904761905
6 0.4175 0.9823809523809524 0.015 0.035238095238095235
6 0.4432142857142857 0.7919047619047619 0.010714285714285714 0.029523809523809525
7 0.45607142857142857 0.7919047619047619 0.010714285714285714 0.02761904761904762
6 0.36857142857142855 0.7333333333333333 0.012857142857142857 0.030476190476190476
7 0.4139285714285714 0.9061904761904762 0.023571428571428573 0.021904761904761906
7 0.3775 0.9176190476190477 0.030714285714285715 0.023809523809523808
7 0.3867857142857143 0.6495238095238095 0.02214285714285714 0.017142857142857144
6 0.4725 0.5671428571428572 0.010714285714285714 0.02
8 0.4925 0.6214285714285714 0.019285714285714285 0.04666666666666667
8 0.4692857142857143 0.6428571428571429 0.011428571428571429 0.02095238095238095
8 0.4707142857142857 0.6285714285714286 0.012857142857142857 0.017142857142857144
3 0.4657142857142857 0.659047619047619 0.012857142857142857 0.024761904761904763
8 0.49892857142857144 0.5619047619047619 0.027857142857142858 0.022857142857142857
8 0.4757142857142857 0.5495238095238095 0.015714285714285715 0.02666666666666667
8 0.4760714285714286 0.5304761904761904 0.0064285714285714285 0.015238095238095238
6 0.42714285714285716 0.569047619047619 0.015714285714285715 0.014285714285714285
6 0.4878571428571429 0.5066666666666667 0.008571428571428572 0.017142857142857144
6 0.48428571428571426 0.530952380952381 0.008571428571428572 0.018095238095238095
7 0.45821428571428574 0.4638095238095238 0.0064285714285714285 0.015238095238095238
0 0.4525 0.48714285714285716 0.013571428571428571 0.023809523809523808
8 0.535 0.45095238095238094 0.024285714285714285 0.01619047619047619
8 0.535 0.4280952380952381 0.022857142857142857 0.01619047619047619
3 0.5582142857142857 0.4338095238095238 0.009285714285714286 0.012380952380952381
6 0.34285714285714286 0.6304761904761905 0.02 0.017142857142857144
6 0.3325 0.7404761904761905 0.02214285714285714 0.018095238095238095
6 0.2985714285714286 0.9523809523809523 0.025714285714285714 0.024761904761904763
6 0.28714285714285714 0.9866666666666667 0.025714285714285714 0.015238095238095238
8 0.4739285714285714 0.9138095238095238 0.03357142857142857 0.1019047619047619
8 0.7328571428571429 0.9671428571428572 0.02 0.054285714285714284
6 0.7278571428571429 0.9095238095238095 0.011428571428571429 0.0380952380952381
8 0.7807142857142857 0.7495238095238095 0.06285714285714286 0.07809523809523809
3 0.6375 0.5828571428571429 0.012142857142857143 0.05904761904761905
0 0.6860714285714286 0.49238095238095236 0.047857142857142855 0.05714285714285714
6 0.5982142857142857 0.5 0.007857142857142858 0.02095238095238095
6 0.5957142857142858 0.4685714285714286 0.007142857142857143 0.02095238095238095
8 0.605 0.4257142857142857 0.015714285714285715 0.04
8 0.6089285714285714 0.3680952380952381 0.017857142857142856 0.04476190476190476
8 0.6332142857142857 0.3038095238095238 0.013571428571428571 0.03238095238095238
8 0.7325 0.23809523809523808 0.007857142857142858 0.015238095238095238
8 0.6575 0.16714285714285715 0.010714285714285714 0.025714285714285714
8 0.6917857142857143 0.0038095238095238095 0.0064285714285714285 0.007619047619047619
7 0.6864285714285714 0.05714285714285714 0.004285714285714286 0.007619047619047619
0 0.6707142857142857 0.09047619047619047 0.004285714285714286 0.007619047619047619
6 0.6325 0.017619047619047618 0.009285714285714286 0.004761904761904762
6 0.6332142857142857 0.01380952380952381 0.007857142857142858 0.004761904761904762
0 0.5196428571428572 0.7147619047619047 0.012142857142857143 0.018095238095238095
0 0.30714285714285716 0.5947619047619047 0.008571428571428572 0.012380952380952381
3 0.6689285714285714 0.37714285714285717 0.020714285714285713 0.0380952380952381
6 0.5521428571428572 0.2995238095238095 0.008571428571428572 0.010476190476190476
6 0.5232142857142857 0.2866666666666667 0.015 0.007619047619047619
6 0.5667857142857143 0.2438095238095238 0.010714285714285714 0.009523809523809525
6 0.5717857142857142 0.23047619047619047 0.012142857142857143 0.009523809523809525
6 0.5578571428571428 0.20666666666666667 0.005714285714285714 0.009523809523809525
6 0.5489285714285714 0.20857142857142857 0.005 0.009523809523809525
6 0.5467857142857143 0.31238095238095237 0.010714285714285714 0.009523809523809525
6 0.5253571428571429 0.27714285714285714 0.012142857142857143 0.005714285714285714
6 0.5578571428571428 0.25761904761904764 0.014285714285714285 0.006666666666666667
6 0.5592857142857143 0.2509523809523809 0.012857142857142857 0.006666666666666667
6 0.5432142857142858 0.32904761904761903 0.015 0.006666666666666667
0 0.7942857142857143 0.08857142857142856 0.014285714285714285 0.022857142857142857