6 0.14107142857142857 0.6618020304568528 0.017857142857142856 0.03680203045685279
6 0.2367857142857143 0.4143401015228426 0.010714285714285714 0.021573604060913704
6 0.42392857142857143 0.3236040609137056 0.007857142857142858 0.015228426395939087
6 0.41535714285714287 0.2918781725888325 0.007857142857142858 0.012690355329949238
6 0.3925 0.21383248730964466 0.0064285714285714285 0.013959390862944163
6 0.40464285714285714 0.1681472081218274 0.0064285714285714285 0.011421319796954314
6 0.41464285714285715 0.17068527918781726 0.0064285714285714285 0.011421319796954314
6 0.3982142857142857 0.13705583756345177 0.009285714285714286 0.017766497461928935
8 0.35464285714285715 0.16307106598984772 0.017857142857142856 0.021573604060913704
0 0.37214285714285716 0.06218274111675127 0.025714285714285714 0.07360406091370558
6 0.4514285714285714 0.6522842639593909 0.014285714285714285 0.03553299492385787
0 0.8592857142857143 0.21383248730964466 0.2 0.1434010152284264
0 0.985 0.12944162436548223 0.03 0.1065989847715736
6 0.9028571428571428 0.42385786802030456 0.02 0.012690355329949238
8 0.9475 0.4137055837563452 0.030714285714285715 0.030456852791878174