1 0.4685714285714286 0.6523809523809524 0.005714285714285714 0.022857142857142857
1 0.4707142857142857 0.6295238095238095 0.005714285714285714 0.02095238095238095
6 0.4610714285714286 0.5009523809523809 0.025 0.06285714285714286
6 0.37714285714285717 0.4623809523809524 0.022857142857142857 0.06571428571428571
1 0.4725 0.40904761904761905 0.0035714285714285713 0.021904761904761906
6 0.3782142857142857 0.3404761904761905 0.019285714285714285 0.05047619047619047
6 0.4521428571428571 0.3295238095238095 0.022857142857142857 0.047619047619047616
6 0.45071428571428573 0.2714285714285714 0.024285714285714285 0.049523809523809526
6 0.3717857142857143 0.2752380952380952 0.020714285714285713 0.047619047619047616
6 0.44642857142857145 0.21619047619047618 0.02142857142857143 0.047619047619047616
6 0.37357142857142855 0.22095238095238096 0.02 0.04380952380952381
6 0.37392857142857144 0.16714285714285715 0.019285714285714285 0.039047619047619046
6 0.44535714285714284 0.15 0.017857142857142856 0.039047619047619046
6 0.4407142857142857 0.11142857142857143 0.02 0.0380952380952381
7 0.37535714285714283 0.12714285714285714 0.016428571428571428 0.03142857142857143
6 0.37607142857142856 0.09095238095238095 0.017857142857142856 0.03142857142857143
6 0.3942857142857143 0.06 0.018571428571428572 0.0380952380952381
6 0.37464285714285717 0.023809523809523808 0.02214285714285714 0.0419047619047619