8 0.12178571428571429 0.7652380952380953 0.10214285714285715 0.23523809523809525
8 0.2714285714285714 0.23523809523809525 0.08857142857142856 0.04380952380952381
8 0.19 0.16142857142857142 0.02857142857142857 0.07142857142857142
8 0.2507142857142857 0.03666666666666667 0.024285714285714285 0.04857142857142857
6 0.39714285714285713 0.9238095238095239 0.032857142857142856 0.10476190476190476
6 0.77 0.9457142857142857 0.08428571428571428 0.05142857142857143
6 0.9775 0.9266666666666666 0.045 0.047619047619047616
6 0.7210714285714286 0.6885714285714286 0.05357142857142857 0.045714285714285714
6 0.6910714285714286 0.6404761904761904 0.029285714285714286 0.06
6 0.72 0.621904761904762 0.025714285714285714 0.05523809523809524
6 0.7507142857142857 0.6347619047619047 0.03571428571428571 0.058095238095238096
2 0.7764285714285715 0.7509523809523809 0.02 0.02
1 0.8282142857142857 0.7052380952380952 0.013571428571428571 0.02
1 0.8146428571428571 0.6833333333333333 0.009285714285714286 0.01619047619047619
1 0.8214285714285714 0.6704761904761904 0.01 0.017142857142857144
1 0.7907142857142857 0.65 0.01 0.018095238095238095
1 0.7507142857142857 0.5814285714285714 0.008571428571428572 0.021904761904761906
6 0.6739285714285714 0.430952380952381 0.025 0.04476190476190476
6 0.6103571428571428 0.39714285714285713 0.027857142857142858 0.0380952380952381
6 0.4725 0.3519047619047619 0.017857142857142856 0.035238095238095235
6 0.4525 0.09047619047619047 0.012142857142857143 0.015238095238095238
6 0.5485714285714286 0.1380952380952381 0.014285714285714285 0.01904761904761905
6 0.5789285714285715 0.13285714285714287 0.016428571428571428 0.02
2 0.4585714285714286 0.02 0.004285714285714286 0.011428571428571429
2 0.4117857142857143 0.04619047619047619 0.005 0.012380952380952381
2 0.39357142857142857 0.37714285714285717 0.008571428571428572 0.022857142857142857
4 0.3925 0.37333333333333335 0.0064285714285714285 0.013333333333333334
10 0.4135714285714286 0.011904761904761904 0.008571428571428572 0.02