7 0.95725 0.8966666666666666 0.0855 0.064
6 0.7195 0.8636666666666667 0.069 0.05533333333333333
6 0.56275 0.8636666666666667 0.0765 0.04466666666666667
6 0.475 0.8593333333333333 0.078 0.036
6 0.358 0.856 0.058 0.028
6 0.276 0.8583333333333333 0.07 0.035333333333333335
7 0.0865 0.8583333333333333 0.088 0.042
6 0.01325 0.8513333333333334 0.0265 0.03333333333333333
6 0.576 0.5016666666666667 0.091 0.043333333333333335
6 0.595 0.3406666666666667 0.058 0.034666666666666665
6 0.4955 0.33866666666666667 0.057 0.032
6 0.37775 0.371 0.0395 0.03
6 0.0145 0.35333333333333333 0.029 0.028
6 0.0825 0.3446666666666667 0.053 0.032
6 0.23425 0.339 0.0575 0.034
7 0.31625 0.329 0.0615 0.038
1 0.577 0.2966666666666667 0.007 0.018666666666666668
2 0.55125 0.337 0.0115 0.027333333333333334
2 0.44925 0.33866666666666667 0.0175 0.016
2 0.455 0.32666666666666666 0.016 0.013333333333333334
2 0.37025 0.32866666666666666 0.0135 0.02
5 0.383 0.33166666666666667 0.008 0.026
5 0.3895 0.3343333333333333 0.009 0.027333333333333334
5 0.4025 0.334 0.011 0.024
5 0.40975 0.332 0.0055 0.025333333333333333
2 0.41775 0.3323333333333333 0.0095 0.023333333333333334
4 0.4165 0.33 0.009 0.014666666666666666
4 0.822 0.3463333333333333 0.048 0.03266666666666666
4 0.95575 0.355 0.0625 0.03933333333333333
1 0.86125 0.2966666666666667 0.0165 0.021333333333333333
2 0.36575 0.8183333333333334 0.0315 0.015333333333333332
4 0.36525 0.82 0.0175 0.014666666666666666
1 0.67 0.845 0.013 0.014
1 0.67325 0.8253333333333334 0.0145 0.013333333333333334
0 0.828 0.793 0.028 0.014
0 0.142 0.7833333333333333 0.035 0.014666666666666666