8 0.06964285714285715 0.10025380710659898 0.05071428571428571 0.04060913705583756
8 0.10357142857142858 0.061548223350253804 0.05714285714285714 0.044416243654822336
8 0.10964285714285714 0.02030456852791878 0.05357142857142857 0.04060913705583756
8 0.1275 0.08819796954314721 0.04928571428571429 0.04949238578680203
7 0.08107142857142857 0.7290609137055838 0.017857142857142856 0.05456852791878172
7 0.09964285714285714 0.7170050761421319 0.020714285714285713 0.06345177664974619
6 0.04642857142857143 0.7347715736040609 0.02 0.0532994923857868
11 0.4235714285714286 0.6928934010152284 0.06857142857142857 0.11928934010152284
11 0.5021428571428571 0.824238578680203 0.054285714285714284 0.09517766497461928
11 0.5771428571428572 0.6700507614213198 0.02 0.12690355329949238
11 0.38107142857142856 0.42258883248730966 0.023571428571428573 0.08629441624365482
11 0.39964285714285713 0.41751269035532995 0.02214285714285714 0.09137055837563451
11 0.42 0.4143401015228426 0.024285714285714285 0.10279187817258884
11 0.43964285714285717 0.39911167512690354 0.02214285714285714 0.08756345177664974
11 0.4607142857142857 0.4073604060913706 0.02142857142857143 0.08629441624365482
11 0.4832142857142857 0.4282994923857868 0.029285714285714286 0.1434010152284264
11 0.5603571428571429 0.3629441624365482 0.02214285714285714 0.09390862944162437
11 0.43 0.5076142131979695 0.022857142857142857 0.08375634517766498
11 0.4125 0.5272842639593909 0.02214285714285714 0.0850253807106599
11 0.39285714285714285 0.5298223350253807 0.02142857142857143 0.0850253807106599
1 0.7942857142857143 0.10786802030456853 0.008571428571428572 0.01015228426395939
1 0.7885714285714286 0.11865482233502538 0.005714285714285714 0.008883248730964468
1 0.79 0.12119289340101523 0.007142857142857143 0.013959390862944163
7 0.9685714285714285 0.22398477157360405 0.03857142857142857 0.03426395939086294
1 0.8782142857142857 0.4473350253807107 0.007857142857142858 0.008883248730964468
1 0.8525 0.5532994923857868 0.007857142857142858 0.01015228426395939
0 0.7821428571428571 0.5374365482233503 0.011428571428571429 0.01649746192893401
1 0.775 0.6687817258883249 0.007142857142857143 0.01015228426395939