6 0.35214285714285715 0.7585714285714286 0.06714285714285714 0.08857142857142856
6 0.35 0.6695238095238095 0.047142857142857146 0.06666666666666667
6 0.3892857142857143 0.5833333333333334 0.02857142857142857 0.040952380952380955
6 0.4632142857142857 0.5157142857142857 0.02642857142857143 0.03333333333333333
6 0.41285714285714287 0.4976190476190476 0.02 0.02761904761904762
6 0.37607142857142856 0.49666666666666665 0.019285714285714285 0.029523809523809525
6 0.4092857142857143 0.4261904761904762 0.017142857142857144 0.023809523809523808
6 0.3821428571428571 0.4123809523809524 0.014285714285714285 0.022857142857142857
6 0.40535714285714286 0.38904761904761903 0.013571428571428571 0.014285714285714285
6 0.38785714285714284 0.35904761904761906 0.011428571428571429 0.011428571428571429
6 0.40785714285714286 0.35428571428571426 0.01 0.015238095238095238
6 0.6182142857142857 0.6542857142857142 0.07928571428571428 0.04
6 0.5314285714285715 0.5557142857142857 0.03142857142857143 0.04476190476190476
7 0.6960714285714286 0.6209523809523809 0.047857142857142855 0.045714285714285714
6 0.8210714285714286 0.6428571428571429 0.07071428571428572 0.0419047619047619
6 0.6578571428571428 0.6038095238095238 0.06571428571428571 0.03428571428571429
6 0.6464285714285715 0.5866666666666667 0.06571428571428571 0.03428571428571429
6 0.605 0.5142857142857142 0.045714285714285714 0.024761904761904763
6 0.5960714285714286 0.5 0.04214285714285714 0.02857142857142857
6 0.5728571428571428 0.4661904761904762 0.04 0.023809523809523808
6 0.5075 0.5109523809523809 0.02642857142857143 0.03142857142857143
6 0.38857142857142857 0.9285714285714286 0.10857142857142857 0.12380952380952381
6 0.13642857142857143 0.6619047619047619 0.07428571428571429 0.06285714285714286
6 0.9642857142857143 0.7980952380952381 0.07142857142857142 0.05523809523809524
8 0.8032142857142858 0.6895238095238095 0.10642857142857143 0.05523809523809524
1 0.7314285714285714 0.6833333333333333 0.008571428571428572 0.039047619047619046
1 0.7410714285714286 0.6761904761904762 0.0064285714285714285 0.03238095238095238
4 0.7596428571428572 0.6757142857142857 0.016428571428571428 0.023809523809523808
1 0.7675 0.6776190476190476 0.013571428571428571 0.040952380952380955
4 0.5946428571428571 0.73 0.015 0.029523809523809525
4 0.45714285714285713 0.6066666666666667 0.015714285714285715 0.02857142857142857
1 0.08214285714285714 0.6109523809523809 0.015714285714285715 0.039047619047619046
5 0.5960714285714286 0.7442857142857143 0.017857142857142856 0.03333333333333333
5 0.0825 0.6223809523809524 0.016428571428571428 0.02761904761904762
2 0.45714285714285713 0.6133333333333333 0.018571428571428572 0.030476190476190476
1 0.3460714285714286 0.6085714285714285 0.015 0.03619047619047619
6 0.32285714285714284 0.3661904761904762 0.011428571428571429 0.014285714285714285
6 0.3892857142857143 0.34523809523809523 0.008571428571428572 0.012380952380952381
6 0.3914285714285714 0.32761904761904764 0.008571428571428572 0.009523809523809525
6 0.4060714285714286 0.3295238095238095 0.007857142857142858 0.009523809523809525
6 0.37107142857142855 0.31523809523809526 0.007857142857142858 0.009523809523809525
6 0.35892857142857143 0.31476190476190474 0.0064285714285714285 0.008571428571428572
6 0.39357142857142857 0.30238095238095236 0.005714285714285714 0.006666666666666667
6 0.39535714285714285 0.2914285714285714 0.0064285714285714285 0.005714285714285714
6 0.36357142857142855 0.3038095238095238 0.005714285714285714 0.007619047619047619
0 0.3339285714285714 0.34809523809523807 0.0064285714285714285 0.029523809523809525
0 0.3435714285714286 0.3323809523809524 0.007142857142857143 0.024761904761904763
0 0.35 0.31 0.007142857142857143 0.010476190476190476
0 0.41285714285714287 0.2957142857142857 0.007142857142857143 0.029523809523809525
0 0.3942857142857143 0.25952380952380955 0.022857142857142857 0.029523809523809525
6 0.4225 0.33476190476190476 0.007857142857142858 0.008571428571428572
6 0.42642857142857143 0.3476190476190476 0.008571428571428572 0.009523809523809525
6 0.43392857142857144 0.35904761904761906 0.009285714285714286 0.011428571428571429
0 0.5325 0.4157142857142857 0.023571428571428573 0.035238095238095235
6 0.57 0.4552380952380952 0.03428571428571429 0.01904761904761905
0 0.21714285714285714 0.3904761904761905 0.02857142857142857 0.030476190476190476
0 0.24857142857142858 0.36666666666666664 0.017142857142857144 0.024761904761904763
0 0.18 0.42142857142857143 0.03 0.03142857142857143
6 0.028214285714285713 0.5771428571428572 0.056428571428571425 0.0380952380952381
6 0.03678571428571428 0.5557142857142857 0.07071428571428572 0.035238095238095235
6 0.06535714285714286 0.5433333333333333 0.065 0.02761904761904762
6 0.075 0.5280952380952381 0.055714285714285716 0.025714285714285714
6 0.08357142857142857 0.5171428571428571 0.06 0.02666666666666667
6 0.1025 0.5057142857142857 0.056428571428571425 0.02666666666666667
6 0.10785714285714286 0.49523809523809526 0.05142857142857143 0.022857142857142857
6 0.015714285714285715 0.539047619047619 0.03142857142857143 0.0419047619047619
8 0.14714285714285713 0.5638095238095238 0.055714285714285716 0.06476190476190476
1 0.15571428571428572 0.5923809523809523 0.012857142857142857 0.02857142857142857
1 0.11035714285714286 0.6252380952380953 0.010714285714285714 0.03333333333333333
1 0.14607142857142857 0.59 0.012142857142857143 0.03333333333333333
4 0.10607142857142857 0.638095238095238 0.013571428571428571 0.03428571428571429
2 0.11 0.6428571428571429 0.03571428571428571 0.02095238095238095
6 0.8971428571428571 0.6285714285714286 0.06285714285714286 0.04380952380952381