6 0.25107142857142856 0.8666666666666667 0.03785714285714286 0.0761904761904762
6 0.2982142857142857 0.3676190476190476 0.016428571428571428 0.02095238095238095
6 0.41714285714285715 0.42 0.03142857142857143 0.022857142857142857
8 0.36892857142857144 0.7304761904761905 0.07642857142857143 0.05142857142857143
8 0.3525 0.7847619047619048 0.08214285714285714 0.06095238095238095
1 0.38642857142857145 0.9095238095238095 0.004285714285714286 0.02095238095238095
6 0.515 0.6423809523809524 0.02 0.05619047619047619
6 0.5253571428571429 0.5561904761904762 0.017857142857142856 0.045714285714285714
2 0.45357142857142857 0.5323809523809524 0.007142857142857143 0.024761904761904763
6 0.5178571428571429 0.42095238095238097 0.015714285714285715 0.02666666666666667
2 0.46714285714285714 0.37666666666666665 0.004285714285714286 0.014285714285714285
4 0.46714285714285714 0.37285714285714283 0.002857142857142857 0.008571428571428572
6 0.42964285714285716 0.37476190476190474 0.025 0.023809523809523808
6 0.5153571428571428 0.2509523809523809 0.007857142857142858 0.010476190476190476
6 0.4332142857142857 0.26285714285714284 0.010714285714285714 0.013333333333333334
7 0.4357142857142857 0.2557142857142857 0.02 0.01619047619047619
1 0.5582142857142857 0.24666666666666667 0.0035714285714285713 0.009523809523809525
6 0.4575 0.11190476190476191 0.013571428571428571 0.006666666666666667
6 0.4564285714285714 0.13428571428571429 0.015714285714285715 0.009523809523809525
6 0.5060714285714286 0.1419047619047619 0.009285714285714286 0.011428571428571429
6 0.4810714285714286 0.1523809523809524 0.009285714285714286 0.011428571428571429
6 0.5042857142857143 0.11333333333333333 0.007142857142857143 0.011428571428571429
6 0.4942857142857143 0.08666666666666667 0.008571428571428572 0.009523809523809525
6 0.49642857142857144 0.027142857142857142 0.005714285714285714 0.010476190476190476
1 0.5764285714285714 0.3028571428571429 0.002857142857142857 0.009523809523809525
1 0.5717857142857142 0.3028571428571429 0.0035714285714285713 0.009523809523809525
1 0.565 0.3304761904761905 0.002857142857142857 0.009523809523809525
1 0.5657142857142857 0.2719047619047619 0.002857142857142857 0.010476190476190476
1 0.5646428571428571 0.5452380952380952 0.0035714285714285713 0.012380952380952381
6 0.5746428571428571 0.6061904761904762 0.016428571428571428 0.04666666666666667
1 0.6146428571428572 0.8104761904761905 0.0035714285714285713 0.02666666666666667
7 0.6882142857142857 0.8214285714285714 0.03357142857142857 0.08095238095238096
7 0.6671428571428571 0.7080952380952381 0.025714285714285714 0.06380952380952382