0 0.48428571428571426 0.0980952380952381 0.015714285714285715 0.03238095238095238
0 0.5089285714285714 0.07952380952380952 0.010714285714285714 0.012380952380952381
0 0.5339285714285714 0.11095238095238096 0.012142857142857143 0.018095238095238095
1 0.49785714285714283 0.2823809523809524 0.002857142857142857 0.010476190476190476
0 0.49642857142857144 0.16 0.008571428571428572 0.03619047619047619
0 0.4682142857142857 0.11190476190476191 0.005 0.010476190476190476
8 0.4682142857142857 0.1 0.005 0.009523809523809525
0 0.45821428571428574 0.13952380952380952 0.005 0.006666666666666667
0 0.3717857142857143 0.19857142857142857 0.005 0.010476190476190476
0 0.4089285714285714 0.09095238095238095 0.017857142857142856 0.010476190476190476
1 0.10178571428571428 0.7928571428571428 0.012142857142857143 0.029523809523809525
8 0.36392857142857143 0.22428571428571428 0.007857142857142858 0.018095238095238095
7 0.6075 0.22714285714285715 0.015 0.010476190476190476
7 0.62 0.20523809523809525 0.014285714285714285 0.008571428571428572
6 0.6157142857142858 0.20142857142857143 0.011428571428571429 0.006666666666666667
6 0.6132142857142857 0.1957142857142857 0.010714285714285714 0.006666666666666667
6 0.6435714285714286 0.22714285714285715 0.01 0.012380952380952381
8 0.2557142857142857 0.758095238095238 0.05285714285714286 0.024761904761904763
8 0.2117857142857143 0.24476190476190476 0.02214285714285714 0.01904761904761905