7 0.10025 0.6133333333333333 0.0695 0.116
6 0.18 0.418 0.06 0.09066666666666667
6 0.214 0.3343333333333333 0.049 0.07933333333333334
6 0.246 0.27566666666666667 0.044 0.06333333333333334
6 0.5775 0.615 0.057 0.11266666666666666
7 0.9275 0.9093333333333333 0.116 0.18133333333333335
6 0.671 0.19166666666666668 0.039 0.07
6 0.6935 0.256 0.044 0.06533333333333333
11 0.77875 0.43233333333333335 0.1265 0.23666666666666666
0 0.6395 0.29733333333333334 0.038 0.058666666666666666
4 0.67475 0.3313333333333333 0.0155 0.034666666666666665
4 0.68775 0.33466666666666667 0.0155 0.032
5 0.68 0.3546666666666667 0.029 0.024
6 0.29475 0.13366666666666666 0.0275 0.046
6 0.283 0.192 0.037 0.050666666666666665
7 0.63425 0.11166666666666666 0.0415 0.062