8 0.5567857142857143 0.9029187817258884 0.05071428571428571 0.15101522842639595
11 0.5071428571428571 0.5234771573604061 0.05714285714285714 0.05203045685279188
6 0.5442857142857143 0.5152284263959391 0.022857142857142857 0.02030456852791878
6 0.5728571428571428 0.5095177664974619 0.027142857142857142 0.021573604060913704
6 0.5957142857142858 0.5279187817258884 0.022857142857142857 0.02030456852791878
6 0.6457142857142857 0.5171319796954315 0.025714285714285714 0.021573604060913704
6 0.6375 0.49428934010152287 0.025 0.021573604060913704
6 0.6189285714285714 0.4714467005076142 0.02214285714285714 0.021573604060913704
6 0.6607142857142857 0.45748730964467005 0.022857142857142857 0.01903553299492386
8 0.6689285714285714 0.4346446700507614 0.04642857142857143 0.046954314720812185
11 0.5982142857142857 0.4549492385786802 0.030714285714285715 0.02918781725888325
11 0.5596428571428571 0.46383248730964466 0.05071428571428571 0.04949238578680203
11 0.5060714285714286 0.47779187817258884 0.055 0.04949238578680203
6 0.31214285714285717 0.5190355329949239 0.022857142857142857 0.017766497461928935
2 0.3217857142857143 0.5260152284263959 0.012142857142857143 0.013959390862944163
6 0.4042857142857143 0.4473350253807107 0.012857142857142857 0.024111675126903553
6 0.41785714285714287 0.4486040609137056 0.011428571428571429 0.021573604060913704
6 0.41035714285714286 0.43274111675126903 0.012142857142857143 0.017766497461928935
6 0.4042857142857143 0.41814720812182743 0.012857142857142857 0.01903553299492386
6 0.40035714285714286 0.40545685279187815 0.010714285714285714 0.01649746192893401
7 0.3678571428571429 0.41116751269035534 0.011428571428571429 0.027918781725888325
6 0.37107142857142855 0.37880710659898476 0.010714285714285714 0.01649746192893401
6 0.3585714285714286 0.3889593908629442 0.011428571428571429 0.01649746192893401
6 0.35892857142857143 0.31281725888324874 0.009285714285714286 0.01649746192893401
0 0.38 0.29251269035532995 0.03142857142857143 0.09517766497461928