2 0.16178571428571428 0.7242857142857143 0.019285714285714285 0.06761904761904762
1 0.2757142857142857 0.7314285714285714 0.017142857142857144 0.07809523809523809
1 0.2889285714285714 0.8228571428571428 0.039285714285714285 0.10285714285714286
1 0.32321428571428573 0.8457142857142858 0.04357142857142857 0.10095238095238095
1 0.3582142857142857 0.810952380952381 0.02214285714285714 0.1
1 0.38142857142857145 0.7695238095238095 0.017142857142857144 0.08190476190476191
2 0.19392857142857142 0.64 0.03357142857142857 0.045714285714285714
10 0.21964285714285714 0.5933333333333334 0.065 0.08190476190476191
1 0.24428571428571427 0.6061904761904762 0.014285714285714285 0.05238095238095238
3 0.4375 0.7966666666666666 0.029285714285714286 0.07714285714285714
1 0.45107142857142857 0.6757142857142857 0.015 0.06761904761904762
1 0.5717857142857142 0.6304761904761905 0.012142857142857143 0.05714285714285714
1 0.5867857142857142 0.6276190476190476 0.016428571428571428 0.06095238095238095
3 0.5871428571428572 0.638095238095238 0.015714285714285715 0.04
1 0.6403571428571428 0.6847619047619048 0.019285714285714285 0.0761904761904762
1 0.6560714285714285 0.6780952380952381 0.017857142857142856 0.07809523809523809
1 0.6664285714285715 0.6971428571428572 0.025714285714285714 0.0761904761904762
1 0.24357142857142858 0.4319047619047619 0.004285714285714286 0.010476190476190476
8 0.26285714285714284 0.42428571428571427 0.032857142857142856 0.021904761904761906
8 0.2907142857142857 0.42428571428571427 0.024285714285714285 0.023809523809523808
8 0.3242857142857143 0.42142857142857143 0.032857142857142856 0.018095238095238095
8 0.35535714285714287 0.4180952380952381 0.030714285714285715 0.01904761904761905
3 0.3092857142857143 0.4657142857142857 0.055714285714285716 0.045714285714285714
5 0.3992857142857143 0.5880952380952381 0.032857142857142856 0.023809523809523808
0 0.4853571428571429 0.5747619047619048 0.020714285714285713 0.018095238095238095
5 0.4942857142857143 0.5576190476190476 0.024285714285714285 0.02
2 0.5021428571428571 0.5395238095238095 0.024285714285714285 0.02
2 0.5185714285714286 0.5133333333333333 0.02 0.017142857142857144
2 0.5253571428571429 0.5 0.019285714285714285 0.015238095238095238
5 0.5321428571428571 0.4961904761904762 0.017142857142857144 0.013333333333333334
1 0.5667857142857143 0.5271428571428571 0.007857142857142858 0.03333333333333333
1 0.5585714285714286 0.5204761904761904 0.008571428571428572 0.03142857142857143
1 0.5964285714285714 0.5404761904761904 0.01 0.03333333333333333
1 0.6207142857142857 0.5447619047619048 0.008571428571428572 0.03238095238095238
1 0.6107142857142858 0.540952380952381 0.011428571428571429 0.02857142857142857
1 0.6342857142857142 0.5471428571428572 0.011428571428571429 0.040952380952380955
1 0.6457142857142857 0.54 0.008571428571428572 0.030476190476190476
1 0.6410714285714286 0.5333333333333333 0.0064285714285714285 0.030476190476190476
1 0.6171428571428571 0.5333333333333333 0.007142857142857143 0.03428571428571429
1 0.6103571428571428 0.5223809523809524 0.007857142857142858 0.03142857142857143
1 0.5932142857142857 0.5128571428571429 0.0064285714285714285 0.03142857142857143
1 0.5964285714285714 0.5128571428571429 0.004285714285714286 0.02761904761904762
1 0.6328571428571429 0.5223809523809524 0.007142857142857143 0.03142857142857143
1 0.5664285714285714 0.4776190476190476 0.004285714285714286 0.02
1 0.5610714285714286 0.47523809523809524 0.005 0.01904761904761905
1 0.5864285714285714 0.47619047619047616 0.004285714285714286 0.01904761904761905
1 0.5835714285714285 0.4747619047619048 0.002857142857142857 0.018095238095238095
6 0.6003571428571428 0.4480952380952381 0.023571428571428573 0.012380952380952381
5 0.6267857142857143 0.48428571428571426 0.020714285714285713 0.01619047619047619
0 0.63 0.4990476190476191 0.007142857142857143 0.02095238095238095
8 0.6064285714285714 0.43952380952380954 0.027142857142857142 0.01619047619047619
0 0.4075 0.4076190476190476 0.0064285714285714285 0.007619047619047619
1 0.2525 0.6004761904761905 0.010714285714285714 0.054285714285714284