6 0.325678496868476 0.8645640074211502 0.03549060542797495 0.09647495361781076
6 0.38413361169102295 0.6567717996289425 0.049060542797494784 0.05194805194805195
6 0.3512526096033403 0.43738404452690166 0.0407098121085595 0.038033395176252316
6 0.33402922755741127 0.37569573283859 0.029227557411273485 0.027829313543599257
6 0.3533402922755741 0.26484230055658625 0.016701461377870562 0.038033395176252316
6 0.3295929018789144 0.2755102040816326 0.01826722338204593 0.03339517625231911
1 0.06602296450939457 0.11363636363636363 0.004697286012526096 0.013914656771799629
1 0.013308977035490605 0.11549165120593692 0.006784968684759917 0.013914656771799629
2 0.039926931106471816 0.12894248608534323 0.012004175365344467 0.012987012987012988
4 0.03914405010438413 0.12523191094619665 0.005219206680584551 0.01855287569573284
1 0.08194154488517745 0.35435992578849723 0.009394572025052192 0.022263450834879406
6 0.012265135699373696 0.6145640074211502 0.024530271398747392 0.032467532467532464
6 0.009916492693110648 0.6442486085343229 0.019832985386221295 0.03432282003710575
0 0.019572025052192066 0.5449907235621522 0.019311064718162838 0.01948051948051948
6 0.21242171189979123 0.7648423005565863 0.05636743215031315 0.06586270871985157
6 0.15605427974947808 0.7940630797773655 0.0511482254697286 0.05380333951762523
7 0.5033924843423799 0.6781076066790352 0.050626304801670144 0.0575139146567718
0 0.6724947807933194 0.2922077922077922 0.031837160751565764 0.04823747680890538
6 0.8963987473903967 0.33487940630797774 0.03392484342379958 0.03525046382189239
6 0.9115344467640919 0.2945269016697588 0.02870563674321503 0.03432282003710575
6 0.9926931106471816 0.3042671614100185 0.013569937369519834 0.029684601113172542
6 0.26148225469728603 0.9763450834879406 0.05636743215031315 0.045454545454545456