6 0.7484342379958246 0.6952690166975881 0.029227557411273485 0.05287569573283859
6 0.5827244258872651 0.7546382189239332 0.037056367432150315 0.05658627087198516
7 0.5323590814196242 0.7504638218923934 0.03549060542797495 0.07421150278293136
6 0.5581941544885177 0.7133580705009277 0.0255741127348643 0.04638218923933209
6 0.5853340292275574 0.6739332096474954 0.031837160751565764 0.04730983302411874
6 0.6432672233820459 0.5756029684601113 0.02244258872651357 0.045454545454545456
6 0.6758872651356994 0.5157699443413729 0.016701461377870562 0.03153988868274583
7 0.6589248434237995 0.5463821892393321 0.015135699373695199 0.04267161410018553
1 0.590553235908142 0.5960111317254174 0.004697286012526096 0.01020408163265306
1 0.5926409185803758 0.5807050092764379 0.0026096033402922755 0.016697588126159554
1 0.596294363256785 0.5853432282003711 0.005741127348643006 0.0074211502782931356
1 0.5 0.7073283858998145 0.0041753653444676405 0.02504638218923933
1 0.5044363256784968 0.700834879406308 0.005741127348643006 0.032467532467532464
11 0.7888830897703549 0.4642857142857143 0.02661795407098121 0.06215213358070501
11 0.7993215031315241 0.426252319109462 0.01722338204592902 0.05473098330241188
11 0.8489039665970772 0.3038033395176252 0.010960334029227558 0.026901669758812616
7 0.7664405010438413 0.3821892393320965 0.009916492693110648 0.01855287569573284
1 0.7742693110647182 0.38404452690166974 0.0036534446764091857 0.014842300556586271
2 0.6116910229645094 0.5788497217068646 0.012526096033402923 0.014842300556586271
0 0.6607515657620042 0.5018552875695733 0.017745302713987474 0.03525046382189239
1 0.6450939457202505 0.5315398886827458 0.0041753653444676405 0.014842300556586271
2 0.630741127348643 0.5570500927643784 0.012004175365344467 0.013914656771799629
6 0.764874739039666 0.3469387755102041 0.01722338204592902 0.014842300556586271
6 0.769572025052192 0.3385899814471243 0.019311064718162838 0.012987012987012988
6 0.7789665970772442 0.3200371057513915 0.014091858037578288 0.012987012987012988
6 0.7719206680584552 0.33302411873840443 0.017745302713987474 0.011131725417439703
6 0.7961899791231732 0.3302411873840445 0.008872651356993737 0.012987012987012988
6 0.7807933194154488 0.31307977736549164 0.012526096033402923 0.00463821892393321
6 0.8032359081419624 0.2884972170686456 0.010438413361169102 0.00927643784786642
6 0.7987995824634656 0.2922077922077922 0.012004175365344467 0.012987012987012988
7 0.8089770354906054 0.26391465677179965 0.008350730688935281 0.01020408163265306
6 0.8593423799582464 0.2699443413729128 0.007828810020876827 0.011131725417439703
4 0.8024530271398748 0.3404452690166976 0.0026096033402922755 0.0055658627087198514
2 0.8019311064718163 0.3450834879406308 0.0036534446764091857 0.0074211502782931356
6 0.8815240083507306 0.2481447124304267 0.006263048016701462 0.008348794063079777
6 0.9024008350730689 0.2755102040816326 0.005219206680584551 0.0074211502782931356
6 0.9016179540709812 0.22448979591836735 0.004697286012526096 0.0055658627087198514
6 0.9086638830897703 0.22680890538033396 0.0041753653444676405 0.00463821892393321
6 0.8940501043841336 0.2082560296846011 0.005219206680584551 0.006493506493506494
6 0.9050104384133612 0.19480519480519481 0.0041753653444676405 0.0037105751391465678
6 0.899008350730689 0.19434137291280149 0.0026096033402922755 0.0027829313543599257
0 0.9073590814196242 0.1725417439703154 0.01722338204592902 0.02411873840445269