0 0.5635714285714286 0.19 0.015714285714285715 0.021904761904761906
0 0.5589285714285714 0.14095238095238094 0.035 0.04380952380952381
8 0.5346428571428572 0.6604761904761904 0.065 0.04285714285714286
8 0.5264285714285715 0.6066666666666667 0.05857142857142857 0.030476190476190476
8 0.5617857142857143 0.40190476190476193 0.016428571428571428 0.05142857142857143
7 0.6085714285714285 0.31142857142857144 0.02142857142857143 0.017142857142857144
7 0.585 0.3142857142857143 0.017142857142857144 0.011428571428571429
7 0.6646428571428571 0.3566666666666667 0.012142857142857143 0.01619047619047619
7 0.61 0.4519047619047619 0.027142857142857142 0.025714285714285714
8 0.6092857142857143 0.4623809523809524 0.032857142857142856 0.03333333333333333
6 0.6075 0.5133333333333333 0.015 0.03238095238095238
6 0.6035714285714285 0.48523809523809525 0.012857142857142857 0.02761904761904762
6 0.6125 0.39714285714285713 0.023571428571428573 0.013333333333333334
6 0.6789285714285714 0.44476190476190475 0.027857142857142858 0.017142857142857144
6 0.4 0.5023809523809524 0.02 0.02761904761904762
6 0.41678571428571426 0.47095238095238096 0.019285714285714285 0.023809523809523808
3 0.47464285714285714 0.6552380952380953 0.04357142857142857 0.04380952380952381
11 0.44107142857142856 0.4228571428571429 0.02642857142857143 0.04380952380952381
6 0.6142857142857143 0.4342857142857143 0.03 0.01904761904761905
6 0.6135714285714285 0.4119047619047619 0.024285714285714285 0.018095238095238095
6 0.5792857142857143 0.35285714285714287 0.008571428571428572 0.012380952380952381
3 0.5835714285714285 0.42714285714285716 0.02 0.02
3 0.5814285714285714 0.4176190476190476 0.02 0.018095238095238095
3 0.5878571428571429 0.4038095238095238 0.018571428571428572 0.02095238095238095
3 0.5871428571428572 0.38904761904761903 0.02142857142857143 0.021904761904761906
6 0.655 0.30523809523809525 0.017142857142857144 0.012380952380952381
7 0.5689285714285715 0.3414285714285714 0.0064285714285714285 0.014285714285714285
7 0.655 0.2995238095238095 0.018571428571428572 0.010476190476190476
6 0.5807142857142857 0.34285714285714286 0.008571428571428572 0.011428571428571429
0 0.5225 0.28809523809523807 0.009285714285714286 0.025714285714285714
0 0.5660714285714286 0.22 0.007857142857142858 0.01904761904761905
6 0.5585714285714286 0.25857142857142856 0.012857142857142857 0.006666666666666667
6 0.5771428571428572 0.2342857142857143 0.005714285714285714 0.007619047619047619
6 0.5775 0.24666666666666667 0.0064285714285714285 0.007619047619047619
3 0.49464285714285716 0.24333333333333335 0.012142857142857143 0.012380952380952381
3 0.5660714285714286 0.9123809523809524 0.017857142857142856 0.05333333333333334
1 0.16785714285714284 0.4461904761904762 0.01 0.021904761904761906
1 0.23392857142857143 0.46285714285714286 0.0064285714285714285 0.02095238095238095
1 0.21392857142857144 0.46714285714285714 0.012142857142857143 0.01619047619047619
1 0.24071428571428571 0.46476190476190476 0.004285714285714286 0.022857142857142857
1 0.2739285714285714 0.43 0.005 0.021904761904761906
1 0.21071428571428572 0.4452380952380952 0.007142857142857143 0.018095238095238095
1 0.19678571428571429 0.47285714285714286 0.0064285714285714285 0.018095238095238095
1 0.19857142857142857 0.44666666666666666 0.007142857142857143 0.017142857142857144
1 0.18464285714285714 0.44904761904761903 0.007857142857142858 0.018095238095238095
1 0.19464285714285715 0.43238095238095237 0.0064285714285714285 0.017142857142857144
1 0.19107142857142856 0.4666666666666667 0.005 0.017142857142857144
1 0.19892857142857143 0.4666666666666667 0.007857142857142858 0.017142857142857144
1 0.2571428571428571 0.4552380952380952 0.005714285714285714 0.017142857142857144
6 0.0825 0.45904761904761904 0.03642857142857143 0.015238095238095238
6 0.08714285714285715 0.44666666666666666 0.03571428571428571 0.013333333333333334
11 0.023214285714285715 0.46523809523809523 0.04642857142857143 0.035238095238095235
8 0.03464285714285714 0.45285714285714285 0.047857142857142855 0.02
1 0.3432142857142857 0.34809523809523807 0.0035714285714285713 0.018095238095238095
3 0.3442857142857143 0.4595238095238095 0.047142857142857146 0.09428571428571429
0 0.14785714285714285 0.45380952380952383 0.011428571428571429 0.012380952380952381