8 0.3517857142857143 0.77 0.13785714285714284 0.3952380952380952
10 0.055357142857142855 0.31238095238095237 0.08214285714285714 0.14095238095238094
8 0.6328571428571429 0.8757142857142857 0.10857142857142857 0.24857142857142858
6 0.6028571428571429 0.02095238095238095 0.08285714285714285 0.0419047619047619
10 0.2775 0.011904761904761904 0.04071428571428572 0.023809523809523808
10 0.205 0.049523809523809526 0.06571428571428571 0.0838095238095238
10 0.24785714285714286 0.05952380952380952 0.03428571428571429 0.07142857142857142
3 0.4342857142857143 0.1280952380952381 0.08142857142857143 0.09428571428571429
10 0.5767857142857142 0.14523809523809525 0.08214285714285714 0.08476190476190476
10 0.7925 0.17761904761904762 0.09928571428571428 0.06190476190476191
8 0.8825 0.4480952380952381 0.235 0.15714285714285714
1 0.4467857142857143 0.44095238095238093 0.015 0.05714285714285714
1 0.5285714285714286 0.46523809523809523 0.015714285714285715 0.04857142857142857
1 0.5489285714285714 0.4766666666666667 0.015 0.05619047619047619
1 0.5478571428571428 0.44333333333333336 0.014285714285714285 0.054285714285714284
1 0.5528571428571428 0.4266666666666667 0.015714285714285715 0.05523809523809524
8 0.22107142857142856 0.20904761904761904 0.16785714285714284 0.09238095238095238
4 0.3242857142857143 0.20095238095238097 0.022857142857142857 0.030476190476190476
1 0.3939285714285714 0.21571428571428572 0.015 0.054285714285714284
1 0.3942857142857143 0.32571428571428573 0.02 0.05523809523809524
1 0.4725 0.33 0.010714285714285714 0.04857142857142857
1 0.5442857142857143 0.31761904761904763 0.017142857142857144 0.054285714285714284
1 0.5335714285714286 0.2938095238095238 0.015714285714285715 0.05619047619047619
1 0.465 0.23952380952380953 0.02 0.054285714285714284
4 0.5567857142857143 0.22428571428571428 0.017857142857142856 0.035238095238095235
1 0.5853571428571429 0.17523809523809525 0.013571428571428571 0.05523809523809524
5 0.5589285714285714 0.2280952380952381 0.03357142857142857 0.03142857142857143
1 0.6907142857142857 0.22142857142857142 0.011428571428571429 0.04476190476190476
2 0.685 0.17761904761904762 0.041428571428571426 0.040952380952380955
2 0.5125 0.10095238095238095 0.016428571428571428 0.05142857142857143
1 0.6592857142857143 0.05952380952380952 0.011428571428571429 0.04666666666666667
1 0.08928571428571429 0.060476190476190475 0.022857142857142857 0.04666666666666667
1 0.18785714285714286 0.01904761904761905 0.011428571428571429 0.0380952380952381
1 0.23964285714285713 0.013333333333333334 0.012142857142857143 0.02666666666666667
1 0.3132142857142857 0.025714285714285714 0.013571428571428571 0.05142857142857143
1 0.3357142857142857 0.032857142857142856 0.011428571428571429 0.04476190476190476
1 0.35428571428571426 0.03380952380952381 0.01 0.039047619047619046
4 0.30392857142857144 0.01380952380952381 0.013571428571428571 0.02761904761904762
1 0.9714285714285714 0.1219047619047619 0.025714285714285714 0.04380952380952381
4 0.9507142857142857 0.25857142857142856 0.017142857142857144 0.03333333333333333
2 0.9482142857142857 0.2661904761904762 0.039285714285714285 0.029523809523809525
2 0.9910714285714286 0.2633333333333333 0.017857142857142856 0.023809523809523808