6 0.044642857142857144 0.4035532994923858 0.02642857142857143 0.048223350253807105
6 0.4107142857142857 0.8083756345177665 0.032857142857142856 0.027918781725888325
6 0.4442857142857143 0.8001269035532995 0.027142857142857142 0.0266497461928934
8 0.32321428571428573 0.7011421319796954 0.065 0.05203045685279188
6 0.3225 0.5653553299492385 0.016428571428571428 0.05964467005076142
6 0.2885714285714286 0.5767766497461929 0.017142857142857144 0.05710659898477157
6 0.3892857142857143 0.5526649746192893 0.017142857142857144 0.05456852791878172
6 0.4060714285714286 0.5437817258883249 0.016428571428571428 0.05203045685279188
6 0.4210714285714286 0.5361675126903553 0.012142857142857143 0.044416243654822336
7 0.3057142857142857 0.43908629441624364 0.017142857142857144 0.06091370558375635
6 0.4025 0.4143401015228426 0.013571428571428571 0.046954314720812185
6 0.3610714285714286 0.4860406091370558 0.030714285714285715 0.027918781725888325
2 0.1792857142857143 0.549492385786802 0.017142857142857144 0.017766497461928935
2 0.2882142857142857 0.43908629441624364 0.013571428571428571 0.015228426395939087
2 0.2907142857142857 0.4606598984771574 0.012857142857142857 0.02030456852791878
2 0.2592857142857143 0.4803299492385787 0.017142857142857144 0.01649746192893401
0 0.40785714285714286 0.4987309644670051 0.01 0.01015228426395939
6 0.4342857142857143 0.4010152284263959 0.014285714285714285 0.048223350253807105
7 0.4496428571428571 0.4010152284263959 0.016428571428571428 0.05583756345177665
7 0.4635714285714286 0.39086294416243655 0.017142857142857144 0.05583756345177665
6 0.4957142857142857 0.38451776649746194 0.017142857142857144 0.048223350253807105
6 0.575 0.3565989847715736 0.018571428571428572 0.048223350253807105
6 0.6060714285714286 0.3432741116751269 0.016428571428571428 0.046954314720812185
6 0.5514285714285714 0.20939086294416243 0.014285714285714285 0.03553299492385787
6 0.6371428571428571 0.33883248730964466 0.017142857142857144 0.050761421319796954
6 0.6528571428571428 0.33248730964467005 0.015714285714285715 0.04314720812182741
7 0.6846428571428571 0.31916243654822335 0.015 0.044416243654822336
7 0.6678571428571428 0.31852791878172587 0.017142857142857144 0.05583756345177665
7 0.7153571428571428 0.3083756345177665 0.020714285714285713 0.0532994923857868
7 0.6121428571428571 0.4720812182741117 0.018571428571428572 0.0532994923857868
7 0.6296428571428572 0.4676395939086294 0.016428571428571428 0.046954314720812185
7 0.6453571428571429 0.46954314720812185 0.017857142857142856 0.05583756345177665
7 0.6603571428571429 0.4619289340101523 0.017857142857142856 0.05583756345177665
7 0.6782142857142858 0.4530456852791878 0.017857142857142856 0.0532994923857868
6 0.6939285714285715 0.4486040609137056 0.017857142857142856 0.046954314720812185
6 0.7082142857142857 0.44225888324873097 0.017857142857142856 0.046954314720812185
6 0.7246428571428571 0.43591370558375636 0.019285714285714285 0.05456852791878172
11 0.6217857142857143 0.5913705583756346 0.08357142857142857 0.06345177664974619
6 0.6364285714285715 0.9079949238578681 0.03857142857142857 0.03934010152284264
6 0.7 0.883248730964467 0.03571428571428571 0.03807106598984772
6 0.9335714285714286 0.9670050761421319 0.02857142857142857 0.06345177664974619
6 0.9389285714285714 0.8661167512690355 0.027857142857142858 0.06979695431472081
6 0.9160714285714285 0.7836294416243654 0.025 0.06725888324873096