0 0.15785714285714286 0.1742857142857143 0.02857142857142857 0.022857142857142857
0 0.1792857142857143 0.20809523809523808 0.037142857142857144 0.01619047619047619
0 0.14642857142857144 0.1523809523809524 0.018571428571428572 0.015238095238095238
6 0.4564285714285714 0.7385714285714285 0.025714285714285714 0.04476190476190476
6 0.5357142857142857 0.97 0.045714285714285714 0.05619047619047619
6 0.8678571428571429 0.7571428571428571 0.04 0.03619047619047619
6 0.8789285714285714 0.6457142857142857 0.03357142857142857 0.030476190476190476
6 0.29035714285714287 0.39095238095238094 0.010714285714285714 0.012380952380952381
6 0.265 0.34285714285714286 0.01 0.011428571428571429
7 0.23392857142857143 0.30523809523809525 0.0064285714285714285 0.010476190476190476
6 0.20607142857142857 0.2623809523809524 0.005 0.006666666666666667
6 0.19714285714285715 0.2361904761904762 0.004285714285714286 0.005714285714285714
0 0.24964285714285714 0.26857142857142857 0.010714285714285714 0.007619047619047619
0 0.19785714285714287 0.2633333333333333 0.005714285714285714 0.012380952380952381
0 0.22428571428571428 0.26285714285714284 0.004285714285714286 0.011428571428571429
1 0.2382142857142857 0.3395238095238095 0.002142857142857143 0.008571428571428572
8 0.18678571428571428 0.23142857142857143 0.007857142857142858 0.013333333333333334
8 0.24857142857142858 0.2857142857142857 0.015714285714285715 0.024761904761904763
8 0.2767857142857143 0.39 0.015 0.025714285714285714
3 0.7164285714285714 0.44095238095238093 0.21285714285714286 0.14095238095238094
3 0.5296428571428572 0.3376190476190476 0.13214285714285715 0.09428571428571429
0 0.6717857142857143 0.32571428571428573 0.14785714285714285 0.0419047619047619
8 0.17785714285714285 0.19428571428571428 0.007142857142857143 0.011428571428571429
8 0.18321428571428572 0.18666666666666668 0.0064285714285714285 0.011428571428571429
6 0.21714285714285714 0.2776190476190476 0.005714285714285714 0.006666666666666667
6 0.24464285714285713 0.2571428571428571 0.005 0.005714285714285714
6 0.24071428571428571 0.24761904761904763 0.004285714285714286 0.005714285714285714