6 0.14892857142857144 0.4114285714285714 0.03357142857142857 0.045714285714285714
6 0.2825 0.7480952380952381 0.05785714285714286 0.06380952380952382
6 0.4928571428571429 0.6233333333333333 0.06 0.06380952380952382
6 0.15321428571428572 0.10571428571428572 0.025 0.017142857142857144
7 0.27714285714285714 0.48523809523809525 0.05714285714285714 0.06190476190476191
7 0.35964285714285715 0.5014285714285714 0.05071428571428571 0.058095238095238096
6 0.04428571428571428 0.014285714285714285 0.02 0.017142857142857144
1 0.048928571428571425 0.03857142857142857 0.005 0.006666666666666667
1 0.0625 0.03571428571428571 0.0064285714285714285 0.010476190476190476
4 0.18607142857142858 0.1523809523809524 0.005 0.011428571428571429
4 0.32535714285714284 0.2342857142857143 0.005 0.011428571428571429
3 0.3264285714285714 0.2357142857142857 0.02142857142857143 0.029523809523809525
2 0.18571428571428572 0.1523809523809524 0.01 0.017142857142857144
10 0.5139285714285714 0.2280952380952381 0.013571428571428571 0.021904761904761906
8 0.8175 0.29 0.10214285714285715 0.06380952380952382
7 0.6385714285714286 0.42857142857142855 0.05142857142857143 0.049523809523809526