8 0.031785714285714285 0.7163705583756346 0.03785714285714286 0.0799492385786802
6 0.13035714285714287 0.9657360406091371 0.02214285714285714 0.048223350253807105
7 0.15071428571428572 0.9143401015228426 0.02142857142857143 0.046954314720812185
7 0.1707142857142857 0.8572335025380711 0.018571428571428572 0.04187817258883249
1 0.10785714285714286 0.38451776649746194 0.007142857142857143 0.01015228426395939
1 0.14821428571428572 0.3946700507614213 0.005 0.007614213197969543
1 0.25214285714285717 0.10786802030456853 0.004285714285714286 0.012690355329949238
1 0.25035714285714283 0.09517766497461928 0.005 0.007614213197969543
1 0.21857142857142858 0.11357868020304568 0.002857142857142857 0.006345177664974619
1 0.4060714285714286 0.04060913705583756 0.005 0.015228426395939087
1 0.4107142857142857 0.04251269035532995 0.004285714285714286 0.011421319796954314
1 0.22035714285714286 0.366751269035533 0.0035714285714285713 0.007614213197969543
4 0.19428571428571428 0.4149746192893401 0.007142857142857143 0.007614213197969543
1 0.16 0.7030456852791879 0.005714285714285714 0.01015228426395939
6 0.42428571428571427 0.7899746192893401 0.018571428571428572 0.044416243654822336
7 0.4367857142857143 0.8121827411167513 0.019285714285714285 0.04568527918781726
7 0.4496428571428571 0.8293147208121827 0.019285714285714285 0.04949238578680203
3 0.4825 0.7423857868020305 0.015 0.03299492385786802
6 0.45285714285714285 0.5596446700507615 0.017142857142857144 0.04060913705583756
8 0.46035714285714285 0.6484771573604061 0.04071428571428572 0.1065989847715736
8 0.495 0.5431472081218274 0.03142857142857143 0.07868020304568528
3 0.52 0.4682741116751269 0.024285714285714285 0.06091370558375635
7 0.4928571428571429 0.7112944162436549 0.017142857142857144 0.044416243654822336
7 0.5028571428571429 0.6833756345177665 0.015714285714285715 0.044416243654822336
7 0.5107142857142857 0.6478426395939086 0.014285714285714285 0.046954314720812185
7 0.5189285714285714 0.6192893401015228 0.013571428571428571 0.04060913705583756
6 0.5282142857142857 0.5920050761421319 0.013571428571428571 0.044416243654822336
7 0.5382142857142858 0.5615482233502538 0.016428571428571428 0.046954314720812185
2 0.5460714285714285 0.5583756345177665 0.005 0.030456852791878174
2 0.5496428571428571 0.5336294416243654 0.010714285714285714 0.01649746192893401
6 0.5721428571428572 0.46954314720812185 0.024285714285714285 0.027918781725888325
7 0.8564285714285714 0.9765228426395939 0.017142857142857144 0.044416243654822336
1 0.8964285714285715 0.993020304568528 0.005714285714285714 0.006345177664974619
1 0.8757142857142857 0.8013959390862944 0.005714285714285714 0.008883248730964468
1 0.8692857142857143 0.7766497461928934 0.004285714285714286 0.01015228426395939
7 0.8471428571428572 0.8115482233502538 0.012857142857142857 0.046954314720812185
6 0.8467857142857143 0.7341370558375635 0.012142857142857143 0.04949238578680203
6 0.8442857142857143 0.6211928934010152 0.011428571428571429 0.046954314720812185
1 0.8903571428571428 0.2760152284263959 0.0064285714285714285 0.011421319796954314
7 0.8596428571428572 0.22081218274111675 0.013571428571428571 0.04314720812182741
7 0.8714285714285714 0.037436548223350255 0.011428571428571429 0.04187817258883249
7 0.6982142857142857 0.9225888324873096 0.012142857142857143 0.050761421319796954
7 0.6628571428571428 0.9238578680203046 0.012857142857142857 0.0532994923857868
6 0.6389285714285714 0.8464467005076142 0.012142857142857143 0.050761421319796954
7 0.5389285714285714 0.9346446700507615 0.016428571428571428 0.046954314720812185
7 0.5867857142857142 0.8984771573604061 0.015 0.0532994923857868
7 0.5517857142857143 0.8578680203045685 0.015 0.050761421319796954
11 0.675 0.6516497461928934 0.012857142857142857 0.046954314720812185
7 0.5971428571428572 0.807741116751269 0.014285714285714285 0.05203045685279188
8 0.5653571428571429 0.9238578680203046 0.016428571428571428 0.05583756345177665
11 0.5164285714285715 0.8730964467005076 0.04285714285714286 0.1218274111675127
11 0.5671428571428572 0.6738578680203046 0.03571428571428571 0.11421319796954314
7 0.5546428571428571 0.7906091370558376 0.016428571428571428 0.048223350253807105
7 0.5746428571428571 0.8394670050761421 0.017857142857142856 0.05203045685279188
7 0.5860714285714286 0.7626903553299492 0.013571428571428571 0.04568527918781726
7 0.6028571428571429 0.7315989847715736 0.015714285714285715 0.05203045685279188
7 0.5953571428571428 0.690989847715736 0.013571428571428571 0.046954314720812185
7 0.6121428571428571 0.6421319796954315 0.012857142857142857 0.04568527918781726
6 0.6128571428571429 0.575507614213198 0.014285714285714285 0.04187817258883249
7 0.5957142857142858 0.574238578680203 0.012857142857142857 0.044416243654822336
8 0.6057142857142858 0.4860406091370558 0.02 0.06852791878172589
7 0.6282142857142857 0.475253807106599 0.012142857142857143 0.046954314720812185
7 0.6871428571428572 0.46890862944162437 0.011428571428571429 0.046954314720812185
7 0.6714285714285714 0.4213197969543147 0.011428571428571429 0.03807106598984772
6 0.6382142857142857 0.39911167512690354 0.010714285714285714 0.0266497461928934
6 0.5764285714285714 0.4486040609137056 0.022857142857142857 0.0266497461928934
7 0.58 0.4270304568527919 0.024285714285714285 0.0266497461928934
6 0.5914285714285714 0.39213197969543145 0.017142857142857144 0.02284263959390863
7 0.5925 0.3680203045685279 0.023571428571428573 0.02284263959390863
6 0.5982142857142857 0.32741116751269034 0.023571428571428573 0.025380710659898477
3 0.5571428571428572 0.3166243654822335 0.011428571428571429 0.0266497461928934
3 0.5710714285714286 0.2760152284263959 0.010714285714285714 0.0266497461928934
6 0.6028571428571429 0.3083756345177665 0.02142857142857143 0.02030456852791878
6 0.6064285714285714 0.2880710659898477 0.02 0.02284263959390863
7 0.6257142857142857 0.36928934010152287 0.014285714285714285 0.04060913705583756
7 0.6478571428571429 0.3286802030456853 0.011428571428571429 0.03299492385786802
6 0.7014285714285714 0.3166243654822335 0.011428571428571429 0.03934010152284264
6 0.7278571428571429 0.20114213197969544 0.011428571428571429 0.03934010152284264
6 0.6385714285714286 0.27982233502538073 0.012857142857142857 0.03934010152284264
6 0.6582142857142858 0.23857868020304568 0.010714285714285714 0.030456852791878174
6 0.6507142857142857 0.18718274111675126 0.01 0.03426395939086294
11 0.6692857142857143 0.14784263959390864 0.011428571428571429 0.03680203045685279
6 0.7217857142857143 0.11104060913705584 0.010714285714285714 0.031725888324873094
7 0.6807142857142857 0.07487309644670051 0.012857142857142857 0.03299492385786802
6 0.6689285714285714 0.03362944162436548 0.012142857142857143 0.031725888324873094
6 0.6425 0.05203045685279188 0.010714285714285714 0.03553299492385787
6 0.6375 0.0850253807106599 0.016428571428571428 0.03299492385786802
8 0.6260714285714286 0.12055837563451777 0.02214285714285714 0.06598984771573604
8 0.5975 0.1618020304568528 0.029285714285714286 0.08756345177664974
8 0.6082142857142857 0.18781725888324874 0.029285714285714286 0.07868020304568528
8 0.6221428571428571 0.20558375634517767 0.02 0.06598984771573604
4 0.005 0.3965736040609137 0.005714285714285714 0.013959390862944163