6 0.43575 0.03866666666666667 0.0325 0.04666666666666667
6 0.44825 0.083 0.0335 0.048666666666666664
6 0.55675 0.085 0.0335 0.051333333333333335
6 0.601 0.12366666666666666 0.051 0.058
6 0.3585 0.12666666666666668 0.038 0.064
6 0.3625 0.192 0.042 0.08266666666666667
6 0.3645 0.29233333333333333 0.048 0.10466666666666667
6 0.37075 0.423 0.0575 0.142
6 0.55175 0.5133333333333333 0.0955 0.16933333333333334
6 0.392 0.6603333333333333 0.073 0.21266666666666667
6 0.60475 0.713 0.1135 0.21933333333333332
6 0.7675 0.854 0.169 0.292
6 0.67375 0.9373333333333334 0.1205 0.12533333333333332
6 0.95425 0.6193333333333333 0.0915 0.116
6 0.727 0.3863333333333333 0.078 0.09933333333333333
6 0.69125 0.29533333333333334 0.0735 0.09066666666666667
1 0.57875 0.3496666666666667 0.0205 0.06466666666666666
7 0.62675 0.17933333333333334 0.0395 0.07333333333333333
7 0.5235 0.181 0.042 0.07133333333333333
7 0.54975 0.030666666666666665 0.0395 0.04666666666666667
7 0.464 0.14933333333333335 0.04 0.088
7 0.3595 0.026 0.029 0.052
2 0.91075 0.11366666666666667 0.0245 0.034
2 0.91925 0.10733333333333334 0.0215 0.036
6 0.57325 0.006 0.0585 0.012