6 0.5067857142857143 0.8661904761904762 0.17642857142857143 0.12095238095238095
0 0.46464285714285714 0.6704761904761904 0.18785714285714286 0.2342857142857143
6 0.4232142857142857 0.5142857142857142 0.12642857142857142 0.05904761904761905
6 0.42857142857142855 0.47619047619047616 0.11142857142857143 0.04380952380952381
7 0.4142857142857143 0.4319047619047619 0.09571428571428571 0.058095238095238096
6 0.41785714285714287 0.3861904761904762 0.09 0.054285714285714284
6 0.4228571428571429 0.3595238095238095 0.1 0.06380952380952382
6 0.7042857142857143 0.10428571428571429 0.054285714285714284 0.06190476190476191
6 0.6592857142857143 0.025714285714285714 0.05142857142857143 0.047619047619047616
6 0.49214285714285716 0.018095238095238095 0.03142857142857143 0.03619047619047619
0 0.7242857142857143 0.25761904761904764 0.10428571428571429 0.1361904761904762