6 0.5885714285714285 0.6519047619047619 0.012857142857142857 0.008571428571428572
6 0.5967857142857143 0.6480952380952381 0.012142857142857143 0.008571428571428572
6 0.5982142857142857 0.6447619047619048 0.012142857142857143 0.005714285714285714
6 0.6039285714285715 0.621904761904762 0.009285714285714286 0.005714285714285714
6 0.615 0.6276190476190476 0.01 0.007619047619047619
6 0.6267857142857143 0.621904761904762 0.009285714285714286 0.005714285714285714
6 0.6271428571428571 0.628095238095238 0.011428571428571429 0.006666666666666667
0 0.6014285714285714 0.6347619047619047 0.015714285714285715 0.018095238095238095
6 0.535 0.6528571428571428 0.011428571428571429 0.006666666666666667
6 0.5460714285714285 0.6504761904761904 0.013571428571428571 0.007619047619047619
6 0.5535714285714286 0.6476190476190476 0.012857142857142857 0.007619047619047619
11 0.5532142857142858 0.6428571428571429 0.017857142857142856 0.011428571428571429
0 0.56 0.6304761904761905 0.024285714285714285 0.02857142857142857
6 0.5842857142857143 0.6195238095238095 0.01 0.006666666666666667
6 0.04214285714285714 0.6442857142857142 0.015714285714285715 0.008571428571428572
6 0.024642857142857143 0.6261904761904762 0.010714285714285714 0.006666666666666667
6 0.03321428571428572 0.6247619047619047 0.009285714285714286 0.007619047619047619
6 0.01 0.6271428571428571 0.014285714285714285 0.006666666666666667
6 0.04107142857142857 0.6242857142857143 0.010714285714285714 0.006666666666666667
6 0.046785714285714285 0.6233333333333333 0.009285714285714286 0.006666666666666667
6 0.05142857142857143 0.621904761904762 0.008571428571428572 0.007619047619047619
6 0.0575 0.6214285714285714 0.007857142857142858 0.006666666666666667
6 0.06142857142857143 0.6190476190476191 0.008571428571428572 0.007619047619047619
7 0.04642857142857143 0.6390476190476191 0.012857142857142857 0.007619047619047619
6 0.05178571428571429 0.6366666666666667 0.010714285714285714 0.006666666666666667
6 0.05821428571428571 0.6333333333333333 0.010714285714285714 0.005714285714285714
7 0.14214285714285715 0.6109523809523809 0.007142857142857143 0.004761904761904762
6 0.13607142857142857 0.6114285714285714 0.0064285714285714285 0.005714285714285714
7 0.12357142857142857 0.6138095238095238 0.01 0.006666666666666667
7 0.13 0.6128571428571429 0.008571428571428572 0.006666666666666667
0 0.09178571428571429 0.6180952380952381 0.052142857142857144 0.03238095238095238
0 0.17357142857142857 0.6047619047619047 0.05285714285714286 0.015238095238095238
6 0.5003571428571428 0.6019047619047619 0.0064285714285714285 0.005714285714285714
6 0.5107142857142857 0.6028571428571429 0.005714285714285714 0.005714285714285714
6 0.5067857142857143 0.6071428571428571 0.005 0.004761904761904762
6 0.5103571428571428 0.6080952380952381 0.005 0.004761904761904762
6 0.5139285714285714 0.6090476190476191 0.0064285714285714285 0.004761904761904762
6 0.5142857142857142 0.6033333333333334 0.005714285714285714 0.004761904761904762
6 0.5192857142857142 0.6038095238095238 0.005714285714285714 0.005714285714285714
6 0.5217857142857143 0.61 0.005 0.004761904761904762
6 0.5346428571428572 0.6066666666666667 0.0064285714285714285 0.005714285714285714
6 0.5385714285714286 0.6076190476190476 0.005714285714285714 0.005714285714285714
6 0.5417857142857143 0.6085714285714285 0.0064285714285714285 0.005714285714285714
7 0.5492857142857143 0.6095238095238096 0.005714285714285714 0.005714285714285714
6 0.5560714285714285 0.6104761904761905 0.007857142857142858 0.005714285714285714
6 0.5589285714285714 0.6123809523809524 0.007857142857142858 0.0038095238095238095
6 0.5646428571428571 0.6138095238095238 0.007857142857142858 0.006666666666666667
7 0.5703571428571429 0.6142857142857143 0.007857142857142858 0.005714285714285714
6 0.5767857142857142 0.6161904761904762 0.007857142857142858 0.005714285714285714
0 0.5342857142857143 0.6152380952380953 0.017142857142857144 0.011428571428571429