6 0.625 0.5983302411873841 0.048538622129436326 0.05380333951762523
6 0.5302713987473904 0.3427643784786642 0.03549060542797495 0.039888682745825604
6 0.4551148225469729 0.24860853432282004 0.021920668058455117 0.027829313543599257
6 0.4157098121085595 0.17625231910946196 0.015135699373695199 0.02411873840445269
6 0.11586638830897704 0.23747680890538034 0.03444676409185804 0.027829313543599257
6 0.09394572025052192 0.1841372912801484 0.026096033402922755 0.02504638218923933
6 0.01174321503131524 0.2481447124304267 0.02244258872651357 0.036178107606679034
4 0.10725469728601253 0.13821892393320964 0.004697286012526096 0.016697588126159554
4 0.24425887265135698 0.1507421150278293 0.0041753653444676405 0.013914656771799629
4 0.18006263048016702 0.08998144712430427 0.0041753653444676405 0.0074211502782931356
4 0.20902922755741127 0.07606679035250463 0.004697286012526096 0.012987012987012988
4 0.3298538622129436 0.07421150278293136 0.0041753653444676405 0.014842300556586271
4 0.3468162839248434 0.05519480519480519 0.0036534446764091857 0.008348794063079777
4 0.5036534446764092 0.26669758812615957 0.0041753653444676405 0.013914656771799629
2 0.10777661795407098 0.1442486085343228 0.007828810020876827 0.008348794063079777
2 0.18006263048016702 0.09693877551020408 0.008350730688935281 0.006493506493506494
2 0.20902922755741127 0.08441558441558442 0.006784968684759917 0.00927643784786642
2 0.24425887265135698 0.16001855287569575 0.0041753653444676405 0.006493506493506494
2 0.346294363256785 0.061224489795918366 0.0036534446764091857 0.0074211502782931356
5 0.5046972860125261 0.27319109461966606 0.008350730688935281 0.012059369202226345
4 0.47416492693110646 0.23608534322820038 0.0036534446764091857 0.012059369202226345
4 0.4707724425887265 0.23144712430426717 0.0041753653444676405 0.012059369202226345
9 0.4725991649269311 0.24025974025974026 0.013048016701461378 0.014842300556586271
0 0.31106471816283926 0.02040816326530612 0.013569937369519834 0.01855287569573284
0 0.3575156576200417 0.05194805194805195 0.006263048016701462 0.012987012987012988