6 0.39375 0.763 0.0745 0.19
6 0.38975 0.5756666666666667 0.0565 0.12333333333333334
6 0.40075 0.46 0.0675 0.09466666666666666
1 0.42725 0.3373333333333333 0.0155 0.04533333333333334
6 0.395 0.30633333333333335 0.038 0.06333333333333334
1 0.4285 0.2816666666666667 0.009 0.043333333333333335
6 0.39775 0.254 0.0345 0.052
6 0.39975 0.217 0.0295 0.04466666666666667
1 0.428 0.23633333333333334 0.011 0.03666666666666667
1 0.438 0.26166666666666666 0.008 0.038
1 0.43425 0.254 0.0075 0.036
6 0.59975 0.32966666666666666 0.0485 0.07533333333333334
6 0.66825 0.18833333333333332 0.0385 0.046
6 0.74275 0.22933333333333333 0.0485 0.04
6 0.7635 0.14966666666666667 0.04 0.035333333333333335
1 0.9325 0.261 0.015 0.04066666666666666
7 0.96275 0.23933333333333334 0.0745 0.048
6 0.9205 0.22566666666666665 0.064 0.038
6 0.89475 0.20533333333333334 0.0675 0.03866666666666667
6 0.884 0.18233333333333332 0.06 0.03133333333333333
7 0.85975 0.158 0.0535 0.037333333333333336
6 0.84725 0.148 0.0665 0.029333333333333333
6 0.861 0.135 0.056 0.028666666666666667
7 0.8495 0.11933333333333333 0.052 0.03333333333333333
7 0.84875 0.091 0.0425 0.03
7 0.90725 0.119 0.0565 0.034
7 0.89475 0.09066666666666667 0.0455 0.025333333333333333
6 0.788 0.11366666666666667 0.046 0.027333333333333334
1 0.8065 0.09733333333333333 0.007 0.021333333333333333
7 0.8065 0.08966666666666667 0.042 0.034
7 0.75325 0.08 0.0285 0.036
1 0.73625 0.08933333333333333 0.0055 0.024
1 0.74175 0.09033333333333333 0.0045 0.022
7 0.9405 0.09 0.036 0.032
7 0.966 0.08866666666666667 0.028 0.032
7 0.987 0.08666666666666667 0.026 0.029333333333333333
7 0.92925 0.07266666666666667 0.0295 0.02266666666666667
7 0.90825 0.08433333333333333 0.0335 0.03133333333333333
7 0.8735 0.07966666666666666 0.033 0.03133333333333333
8 0.823 0.06533333333333333 0.066 0.05333333333333334
8 0.707 0.08533333333333333 0.05 0.036
1 0.67725 0.07366666666666667 0.0085 0.023333333333333334
1 0.6845 0.07366666666666667 0.004 0.022
6 0.67075 0.07033333333333333 0.0205 0.024666666666666667
9 0.69225 0.06533333333333333 0.0135 0.014666666666666666
1 0.71625 0.061 0.0045 0.012666666666666666
1 0.7035 0.043 0.007 0.022
7 0.679 0.041666666666666664 0.022 0.023333333333333334
2 0.66175 0.04733333333333333 0.0115 0.014666666666666666
6 0.64275 0.043333333333333335 0.0275 0.024
6 0.6095 0.03233333333333333 0.02 0.019333333333333334
1 0.61825 0.09366666666666666 0.0085 0.018
1 0.61325 0.09633333333333334 0.0045 0.016666666666666666
2 0.61775 0.1 0.0155 0.016
6 0.48225 0.099 0.0255 0.034
6 0.5335 0.060333333333333336 0.041 0.023333333333333334
7 0.5275 0.039 0.041 0.024666666666666667
6 0.40325 0.04566666666666667 0.0185 0.026
6 0.40825 0.030333333333333334 0.0175 0.020666666666666667
6 0.403 0.009333333333333334 0.015 0.018666666666666668
7 0.59875 0.010666666666666666 0.0285 0.02
6 0.60975 0.014666666666666666 0.0245 0.016
6 0.62 0.023 0.018 0.016666666666666666
4 0.38725 0.06833333333333333 0.0065 0.015333333333333332
5 0.3945 0.06966666666666667 0.005 0.018
5 0.3405 0.259 0.029 0.026
6 0.94275 0.12266666666666666 0.0425 0.03333333333333333