6 0.2625 0.7385714285714285 0.11071428571428571 0.06190476190476191
6 0.2664285714285714 0.6847619047619048 0.09428571428571429 0.05904761904761905
6 0.2775 0.6376190476190476 0.09357142857142857 0.05619047619047619
6 0.2885714285714286 0.5519047619047619 0.06857142857142857 0.04666666666666667
6 0.2914285714285714 0.33714285714285713 0.032857142857142856 0.06095238095238095
6 0.3267857142857143 0.3314285714285714 0.030714285714285715 0.05904761904761905
6 0.36178571428571427 0.3319047619047619 0.029285714285714286 0.06190476190476191
6 0.24035714285714285 0.32904761904761903 0.035 0.06
6 0.25285714285714284 0.40714285714285714 0.05714285714285714 0.04285714285714286
6 0.3407142857142857 0.10666666666666667 0.045714285714285714 0.0380952380952381
7 0.29392857142857143 0.4471428571428571 0.035 0.06380952380952382
7 0.3467857142857143 0.3861904761904762 0.07071428571428572 0.06380952380952382
1 0.31107142857142855 0.5966666666666667 0.017857142857142856 0.03142857142857143
1 0.3489285714285714 0.8142857142857143 0.02214285714285714 0.0419047619047619
1 0.32607142857142857 0.7733333333333333 0.016428571428571428 0.03619047619047619
1 0.3292857142857143 0.6328571428571429 0.012857142857142857 0.029523809523809525
1 0.34785714285714286 0.7195238095238096 0.015714285714285715 0.03333333333333333
1 0.3485714285714286 0.7661904761904762 0.014285714285714285 0.040952380952380955
1 0.32785714285714285 0.7080952380952381 0.014285714285714285 0.035238095238095235
1 0.3292857142857143 0.6080952380952381 0.012857142857142857 0.025714285714285714
1 0.34285714285714286 0.6071428571428571 0.012857142857142857 0.03333333333333333
1 0.3535714285714286 0.6457142857142857 0.011428571428571429 0.03619047619047619
1 0.3692857142857143 0.6071428571428571 0.011428571428571429 0.035238095238095235
1 0.35535714285714287 0.6066666666666667 0.012142857142857143 0.03619047619047619
6 0.43142857142857144 0.7166666666666667 0.04285714285714286 0.11904761904761904
6 0.4564285714285714 0.5961904761904762 0.041428571428571426 0.1180952380952381
6 0.4325 0.5133333333333333 0.03357142857142857 0.0838095238095238
2 0.4767857142857143 0.5242857142857142 0.016428571428571428 0.040952380952380955
6 0.44107142857142856 0.43476190476190474 0.03214285714285714 0.07523809523809524
6 0.43857142857142856 0.36666666666666664 0.02857142857142857 0.06095238095238095
6 0.44035714285714284 0.30714285714285716 0.027857142857142858 0.06
6 0.4382142857142857 0.25285714285714284 0.023571428571428573 0.05047619047619047
6 0.4417857142857143 0.2123809523809524 0.020714285714285713 0.047619047619047616
7 0.4382142857142857 0.16857142857142857 0.027857142857142858 0.045714285714285714
7 0.4207142857142857 0.14333333333333334 0.02857142857142857 0.040952380952380955
1 0.48678571428571427 0.12571428571428572 0.005 0.024761904761904763
6 0.3975 0.06 0.04214285714285714 0.02857142857142857
8 0.36142857142857143 0.04619047619047619 0.05714285714285714 0.03333333333333333
1 0.5514285714285714 0.2342857142857143 0.008571428571428572 0.022857142857142857
9 0.5414285714285715 0.21523809523809523 0.017142857142857144 0.024761904761904763
6 0.5357142857142857 0.1580952380952381 0.024285714285714285 0.03619047619047619
6 0.5685714285714286 0.13523809523809524 0.041428571428571426 0.07238095238095238
6 0.65 0.06142857142857143 0.03857142857142857 0.023809523809523808
6 0.5435714285714286 0.28476190476190477 0.024285714285714285 0.05333333333333334
6 0.5525 0.3442857142857143 0.03214285714285714 0.05619047619047619
6 0.5632142857142857 0.40476190476190477 0.03214285714285714 0.06095238095238095
6 0.5764285714285714 0.48333333333333334 0.032857142857142856 0.06761904761904762
6 0.5860714285714286 0.5676190476190476 0.04214285714285714 0.08761904761904762
6 0.5982142857142857 0.6671428571428571 0.04642857142857143 0.1019047619047619
6 0.6039285714285715 0.789047619047619 0.047857142857142855 0.12666666666666668
6 0.6367857142857143 0.9495238095238095 0.062142857142857146 0.10095238095238095
6 0.7175 0.08047619047619048 0.035 0.021904761904761906
6 0.8160714285714286 0.08714285714285715 0.04071428571428572 0.02761904761904762
1 0.7885714285714286 0.0980952380952381 0.007142857142857143 0.02095238095238095
1 0.8239285714285715 0.10523809523809524 0.009285714285714286 0.02
1 0.8742857142857143 0.1376190476190476 0.011428571428571429 0.023809523809523808
1 0.8682142857142857 0.13428571428571429 0.009285714285714286 0.02095238095238095
7 0.8407142857142857 0.13666666666666666 0.05 0.035238095238095235
7 0.8539285714285715 0.1538095238095238 0.04071428571428572 0.025714285714285714
7 0.8567857142857143 0.16857142857142857 0.05071428571428571 0.024761904761904763
1 0.9410714285714286 0.13 0.007857142857142858 0.021904761904761906
1 0.9442857142857143 0.11857142857142858 0.008571428571428572 0.018095238095238095
7 0.9203571428571429 0.011904761904761904 0.03357142857142857 0.023809523809523808
1 0.9578571428571429 0.13047619047619047 0.01 0.02095238095238095
6 0.9675 0.14285714285714285 0.05071428571428571 0.030476190476190476
6 0.9775 0.15428571428571428 0.045 0.02857142857142857
6 0.9767857142857143 0.15333333333333332 0.045 0.02857142857142857
6 0.21607142857142858 0.3319047619047619 0.02642857142857143 0.05238095238095238