4 0.4245 0.03666666666666667 0.03 0.06933333333333333
2 0.42425 0.06233333333333333 0.0305 0.08466666666666667
10 0.56775 0.08633333333333333 0.0475 0.16466666666666666
1 0.303 0.03966666666666667 0.032 0.07666666666666666
1 0.23825 0.033 0.0355 0.066
8 0.08225 0.2 0.1645 0.196
1 0.36175 0.24033333333333334 0.0325 0.054
1 0.287 0.31133333333333335 0.036 0.048
1 0.27975 0.3566666666666667 0.0325 0.04666666666666667
1 0.3285 0.42233333333333334 0.037 0.051333333333333335
1 0.19175 0.43666666666666665 0.0345 0.04666666666666667
1 0.17575 0.5203333333333333 0.0445 0.03666666666666667
1 0.181 0.584 0.043 0.04533333333333334
1 0.26725 0.7023333333333334 0.0395 0.034
4 0.29075 0.6106666666666667 0.0255 0.029333333333333333
5 0.61525 0.23633333333333334 0.0185 0.094
6 0.531 0.5443333333333333 0.09 0.25933333333333336
5 0.337 0.22566666666666665 0.025 0.10466666666666667
5 0.30975 0.42933333333333334 0.0355 0.09333333333333334
2 0.2885 0.63 0.025 0.096
2 0.6655 0.4666666666666667 0.053 0.04533333333333334