6 0.78525 0.6616666666666666 0.1045 0.162
6 0.95325 0.712 0.0935 0.16266666666666665
6 0.87825 0.579 0.1175 0.13133333333333333
6 0.69925 0.5023333333333333 0.0705 0.10333333333333333
6 0.7615 0.3496666666666667 0.054 0.056666666666666664
6 0.9755 0.5076666666666667 0.049 0.082
6 0.942 0.43933333333333335 0.09 0.06933333333333333
6 0.851 0.35533333333333333 0.047 0.05733333333333333
6 0.80625 0.32 0.0545 0.04666666666666667
6 0.761 0.286 0.031 0.037333333333333336
6 0.701 0.3253333333333333 0.044 0.06133333333333333
6 0.738 0.25266666666666665 0.04 0.03333333333333333
6 0.7525 0.229 0.053 0.03133333333333333
6 0.7225 0.21966666666666668 0.051 0.035333333333333335
6 0.6775 0.20033333333333334 0.028 0.026
6 0.6585 0.4126666666666667 0.054 0.08666666666666667
6 0.62775 0.3516666666666667 0.0385 0.06066666666666667
6 0.60875 0.305 0.0315 0.043333333333333335
6 0.668 0.2856666666666667 0.036 0.043333333333333335
6 0.64425 0.25366666666666665 0.0275 0.035333333333333335
1 0.5525 0.7976666666666666 0.034 0.062
6 0.57825 0.237 0.0235 0.03666666666666667
6 0.60775 0.204 0.0235 0.032
6 0.59475 0.19033333333333333 0.0195 0.023333333333333334
6 0.5945 0.16933333333333334 0.018 0.02
6 0.58075 0.159 0.0115 0.019333333333333334
6 0.60075 0.16033333333333333 0.0145 0.019333333333333334
6 0.59375 0.14366666666666666 0.0125 0.016666666666666666
6 0.635 0.159 0.014 0.019333333333333334
6 0.62975 0.149 0.0135 0.018
6 0.6255 0.137 0.012 0.015333333333333332
6 0.62 0.131 0.013 0.016666666666666666
6 0.61475 0.12566666666666668 0.0095 0.012666666666666666
6 0.60975 0.114 0.0105 0.013333333333333334
6 0.60825 0.11 0.0095 0.013333333333333334
6 0.6055 0.10333333333333333 0.008 0.010666666666666666
6 0.59725 0.09566666666666666 0.0105 0.01
6 0.585 0.11433333333333333 0.01 0.012666666666666666
6 0.583 0.108 0.009 0.009333333333333334
6 0.5815 0.102 0.008 0.009333333333333334
6 0.5905 0.093 0.01 0.01
6 0.58725 0.07533333333333334 0.0135 0.008
6 0.5755 0.09333333333333334 0.01 0.010666666666666666
6 0.56725 0.09266666666666666 0.0095 0.012
6 0.583 0.06966666666666667 0.009 0.006
6 0.59075 0.06966666666666667 0.0085 0.006
6 0.5755 0.07 0.009 0.006666666666666667
4 0.83575 0.382 0.0165 0.029333333333333333
2 0.832 0.3883333333333333 0.017 0.03
2 0.1065 0.6463333333333333 0.054 0.042
2 0.138 0.6173333333333333 0.05 0.03866666666666667
5 0.12875 0.6353333333333333 0.0445 0.036
5 0.14925 0.601 0.0515 0.03666666666666667
5 0.16 0.5923333333333334 0.048 0.034
5 0.17075 0.5773333333333334 0.0485 0.037333333333333336