6 0.017 0.9266666666666666 0.034 0.05333333333333334
6 0.03075 0.8733333333333333 0.0615 0.05333333333333334
6 0.0725 0.833 0.075 0.05266666666666667
6 0.10575 0.8053333333333333 0.0605 0.034666666666666665
6 0.12725 0.7786666666666666 0.0615 0.03866666666666667
6 0.16325 0.7416666666666667 0.0255 0.038
6 0.22675 0.7846666666666666 0.0335 0.05733333333333333
6 0.09725 0.742 0.0265 0.03866666666666667
6 0.09875 0.7046666666666667 0.0215 0.03333333333333333
6 0.061 0.727 0.029 0.03266666666666666
6 0.02875 0.7396666666666667 0.0395 0.034
6 0.01625 0.7883333333333333 0.0325 0.042
6 0.16925 0.708 0.0215 0.03333333333333333
6 0.1985 0.6663333333333333 0.018 0.04466666666666667
6 0.24775 0.7136666666666667 0.0195 0.038
6 0.268 0.748 0.061 0.034666666666666665
6 0.30775 0.725 0.0485 0.034
6 0.277 0.774 0.058 0.04133333333333333
6 0.2835 0.7936666666666666 0.066 0.04733333333333333
6 0.28475 0.8376666666666667 0.0645 0.078
6 0.50475 0.8823333333333333 0.0415 0.07933333333333334
1 0.50625 0.964 0.0115 0.044
1 0.49425 0.976 0.0095 0.04
1 0.30825 0.958 0.0095 0.034666666666666665
1 0.2965 0.9486666666666667 0.012 0.034666666666666665
1 0.28975 0.9576666666666667 0.0135 0.03
1 0.23575 0.9043333333333333 0.0125 0.03666666666666667
1 0.01675 0.6896666666666667 0.0085 0.020666666666666667
1 0.02675 0.678 0.0075 0.024
1 0.03375 0.6996666666666667 0.0065 0.019333333333333334
6 0.11425 0.5793333333333334 0.0215 0.02266666666666667
6 0.0825 0.556 0.017 0.02
6 0.1735 0.6693333333333333 0.02 0.025333333333333333
6 0.24825 0.6566666666666666 0.0165 0.030666666666666665
6 0.24425 0.633 0.0175 0.024666666666666667
6 0.242 0.6103333333333333 0.016 0.022
6 0.23975 0.592 0.0145 0.018666666666666668
6 0.23675 0.573 0.0135 0.015333333333333332
6 0.2355 0.5583333333333333 0.012 0.015333333333333332
6 0.23325 0.5443333333333333 0.0105 0.015333333333333332
6 0.2325 0.5286666666666666 0.011 0.012
6 0.23 0.513 0.008 0.011333333333333334
6 0.0975 0.5263333333333333 0.021 0.012666666666666666
6 0.1015 0.5313333333333333 0.017 0.012
6 0.109 0.5333333333333333 0.017 0.012
6 0.11375 0.5366666666666666 0.0155 0.012
6 0.1195 0.5413333333333333 0.022 0.014666666666666666
6 0.17725 0.632 0.0205 0.030666666666666665
6 0.1785 0.6113333333333333 0.022 0.024
6 0.18125 0.597 0.0185 0.020666666666666667
6 0.185 0.5766666666666667 0.017 0.02266666666666667
6 0.18725 0.5636666666666666 0.0155 0.018
6 0.1915 0.5363333333333333 0.013 0.023333333333333334
6 0.19575 0.5113333333333333 0.0105 0.012
6 0.211 0.514 0.009 0.013333333333333334
6 0.228 0.49833333333333335 0.01 0.011333333333333334
6 0.228 0.49266666666666664 0.008 0.009333333333333334
6 0.228 0.4866666666666667 0.007 0.008
6 0.2275 0.47633333333333333 0.006 0.011333333333333334
6 0.227 0.4656666666666667 0.006 0.011333333333333334
6 0.226 0.454 0.006 0.009333333333333334
6 0.2255 0.448 0.005 0.005333333333333333
6 0.224 0.443 0.004 0.006
6 0.2235 0.43533333333333335 0.003 0.005333333333333333
0 0.19875 0.4656666666666667 0.0165 0.07133333333333333
0 0.20775 0.41533333333333333 0.0385 0.030666666666666665
6 0.16625 0.4706666666666667 0.0155 0.009333333333333334
6 0.15925 0.47 0.0145 0.009333333333333334
6 0.14975 0.4673333333333333 0.0135 0.008
1 0.14975 0.4826666666666667 0.0025 0.009333333333333334
1 0.1585 0.49233333333333335 0.003 0.01
1 0.1785 0.806 0.011 0.02666666666666667
1 0.1685 0.8106666666666666 0.007 0.02266666666666667
4 0.26575 0.889 0.0125 0.03666666666666667
2 0.26625 0.8923333333333333 0.0165 0.024666666666666667
1 0.1315 0.701 0.007 0.024666666666666667
4 0.02825 0.631 0.0065 0.011333333333333334
0 0.59325 0.69 0.1375 0.11333333333333333
2 0.49075 0.7353333333333333 0.0095 0.024
8 0.52925 0.7726666666666666 0.0575 0.044
7 0.574 0.7916666666666666 0.046 0.058
7 0.6135 0.844 0.06 0.068
6 0.69325 0.9023333333333333 0.0675 0.056666666666666664
1 0.5815 0.9706666666666667 0.008 0.04
1 0.65325 0.9606666666666667 0.0115 0.04666666666666667
1 0.64675 0.9676666666666667 0.0115 0.04466666666666667
1 0.6225 0.9456666666666667 0.009 0.034
4 0.62925 0.9516666666666667 0.0095 0.028666666666666667
2 0.63075 0.9606666666666667 0.0155 0.030666666666666665
2 0.46375 0.9203333333333333 0.0285 0.023333333333333334
1 0.529 0.9033333333333333 0.01 0.04
1 0.5555 0.9146666666666666 0.012 0.03866666666666667
1 0.57725 0.9116666666666666 0.0085 0.038
1 0.57625 0.8873333333333333 0.0115 0.025333333333333333
1 0.55725 0.8873333333333333 0.0105 0.034666666666666665
1 0.6155 0.8953333333333333 0.007 0.03866666666666667
1 0.63075 0.899 0.0095 0.034
1 0.65025 0.8526666666666667 0.0085 0.029333333333333333
1 0.5965 0.8783333333333333 0.009 0.024666666666666667
1 0.6045 0.892 0.009 0.036
1 0.60875 0.873 0.0095 0.019333333333333334
1 0.62 0.888 0.008 0.037333333333333336
1 0.61875 0.8706666666666667 0.0065 0.02666666666666667
1 0.61425 0.8626666666666667 0.0075 0.02666666666666667
4 0.63 0.8686666666666667 0.008 0.021333333333333333
4 0.64075 0.862 0.0085 0.02266666666666667
4 0.7085 0.8406666666666667 0.011 0.029333333333333333
1 0.81375 0.8486666666666667 0.0095 0.032
4 0.77 0.804 0.008 0.02
4 0.75575 0.8083333333333333 0.0125 0.015333333333333332
4 0.82425 0.7776666666666666 0.0095 0.018
1 0.85775 0.796 0.0075 0.028
4 0.86075 0.817 0.0105 0.026
2 0.85875 0.8226666666666667 0.0155 0.028
1 0.81775 0.7443333333333333 0.0105 0.027333333333333334
1 0.82525 0.7466666666666667 0.0065 0.02
1 0.8735 0.747 0.005 0.024666666666666667
1 0.883 0.752 0.005 0.028
5 0.7995 0.7026666666666667 0.014 0.017333333333333333
6 0.905 0.8183333333333334 0.056 0.046
6 0.977 0.7796666666666666 0.046 0.043333333333333335
7 0.96025 0.854 0.0775 0.068
7 0.96575 0.8783333333333333 0.0655 0.05533333333333333
7 0.85775 0.729 0.0605 0.04466666666666667
6 0.9105 0.706 0.042 0.03333333333333333
6 0.9125 0.6946666666666667 0.054 0.034666666666666665
6 0.935 0.692 0.06 0.037333333333333336
6 0.95775 0.6873333333333334 0.0555 0.036
6 0.86325 0.591 0.0285 0.024666666666666667
6 0.909 0.5846666666666667 0.036 0.02266666666666667
6 0.922 0.61 0.039 0.02666666666666667
6 0.9745 0.6276666666666667 0.044 0.03133333333333333
6 0.97625 0.5866666666666667 0.0395 0.018666666666666668
6 0.9025 0.5543333333333333 0.031 0.015333333333333332
7 0.80475 0.532 0.0225 0.016
7 0.76775 0.554 0.0245 0.016
1 0.996 0.7026666666666667 0.007 0.025333333333333333
7 0.91 0.9683333333333334 0.074 0.06333333333333334
2 0.962 0.947 0.031 0.046
1 0.98775 0.932 0.0145 0.037333333333333336
1 0.4405 0.8453333333333334 0.01 0.029333333333333333
4 0.43525 0.8153333333333334 0.0125 0.021333333333333333
4 0.44425 0.8063333333333333 0.0095 0.016666666666666666
4 0.4465 0.8173333333333334 0.01 0.009333333333333334
4 0.4495 0.8286666666666667 0.008 0.02
7 0.3255 0.9146666666666666 0.072 0.068
6 0.66275 0.4886666666666667 0.0195 0.012
6 0.604 0.4706666666666667 0.014 0.010666666666666666
6 0.63175 0.4553333333333333 0.0125 0.008
6 0.619 0.456 0.013 0.009333333333333334
6 0.5975 0.4533333333333333 0.013 0.008
6 0.5845 0.45466666666666666 0.011 0.009333333333333334
6 0.6645 0.453 0.012 0.008666666666666666
6 0.62925 0.4493333333333333 0.0085 0.006666666666666667
6 0.5525 0.465 0.011 0.01
6 0.46825 0.49066666666666664 0.0115 0.013333333333333334
11 0.44925 0.4816666666666667 0.0195 0.022
6 0.443 0.5276666666666666 0.019 0.011333333333333334
8 0.4005 0.509 0.037 0.016666666666666666
6 0.36675 0.49133333333333334 0.0195 0.009333333333333334
6 0.393 0.49066666666666664 0.02 0.009333333333333334
8 0.38125 0.481 0.0205 0.012666666666666666
0 0.3495 0.463 0.07 0.05
6 0.4305 0.476 0.017 0.008
6 0.42 0.4693333333333333 0.016 0.009333333333333334
8 0.4135 0.46266666666666667 0.017 0.008
6 0.40775 0.46 0.0125 0.008
6 0.4005 0.4573333333333333 0.01 0.006666666666666667
8 0.38775 0.44733333333333336 0.0165 0.010666666666666666
8 0.3845 0.44533333333333336 0.019 0.014666666666666666