6 0.6532142857142857 0.7476190476190476 0.03214285714285714 0.05904761904761905
6 0.6003571428571428 0.9242857142857143 0.03642857142857143 0.0980952380952381
6 0.4767857142857143 0.8323809523809523 0.02642857142857143 0.0761904761904762
6 0.5060714285714286 0.6642857142857143 0.02214285714285714 0.04476190476190476
6 0.5275 0.5133333333333333 0.016428571428571428 0.02857142857142857
6 0.5642857142857143 0.5495238095238095 0.017142857142857144 0.02857142857142857
6 0.5164285714285715 0.5747619047619048 0.017142857142857144 0.03142857142857143
6 0.6407142857142857 0.579047619047619 0.02 0.03238095238095238
6 0.64 0.4847619047619048 0.017142857142857144 0.01904761904761905
6 0.6178571428571429 0.4095238095238095 0.01 0.015238095238095238
6 0.5692857142857143 0.42952380952380953 0.011428571428571429 0.017142857142857144
6 0.5671428571428572 0.4661904761904762 0.011428571428571429 0.02
6 0.5503571428571429 0.4638095238095238 0.013571428571428571 0.017142857142857144
7 0.5475 0.5119047619047619 0.016428571428571428 0.029523809523809525
0 0.7425 0.2671428571428571 0.035 0.039047619047619046
6 0.6392857142857142 0.379047619047619 0.01 0.011428571428571429
6 0.6814285714285714 0.2976190476190476 0.008571428571428572 0.004761904761904762
0 0.7103571428571429 0.30904761904761907 0.015 0.008571428571428572
7 0.5635714285714286 0.7166666666666667 0.022857142857142857 0.05619047619047619
0 0.7464285714285714 0.69 0.012857142857142857 0.025714285714285714
0 0.7132142857142857 0.5871428571428572 0.009285714285714286 0.023809523809523808