6 0.28035714285714286 0.8319047619047619 0.019285714285714285 0.02
6 0.20892857142857144 0.888095238095238 0.019285714285714285 0.021904761904761906
6 0.12571428571428572 0.9152380952380952 0.02 0.02857142857142857
6 0.1225 0.7019047619047619 0.012142857142857143 0.013333333333333334
6 0.07 0.710952380952381 0.011428571428571429 0.012380952380952381
6 0.026785714285714284 0.7261904761904762 0.012142857142857143 0.014285714285714285
6 0.018214285714285714 0.7047619047619048 0.013571428571428571 0.013333333333333334
6 0.02214285714285714 0.6519047619047619 0.008571428571428572 0.010476190476190476
6 0.05607142857142857 0.6557142857142857 0.009285714285714286 0.010476190476190476
6 0.07785714285714286 0.621904761904762 0.008571428571428572 0.007619047619047619
6 0.07928571428571428 0.5966666666666667 0.007142857142857143 0.006666666666666667
0 0.041428571428571426 0.5966666666666667 0.04 0.07523809523809524
0 0.07285714285714286 0.56 0.025714285714285714 0.030476190476190476