7 0.4225 0.7052380952380952 0.052142857142857144 0.11714285714285715
6 0.5760714285714286 0.5552380952380952 0.06785714285714285 0.12
6 0.3314285714285714 0.7338095238095238 0.09857142857142857 0.15333333333333332
6 0.2789285714285714 0.7042857142857143 0.11357142857142857 0.15142857142857144
6 0.815 0.3923809523809524 0.03857142857142857 0.07809523809523809
6 0.8175 0.2957142857142857 0.03214285714285714 0.06
6 0.8175 0.21904761904761905 0.029285714285714286 0.045714285714285714
6 0.8375 0.15904761904761905 0.025 0.03238095238095238
6 0.8428571428571429 0.13476190476190475 0.02142857142857143 0.029523809523809525
6 0.8360714285714286 0.10476190476190476 0.023571428571428573 0.0380952380952381
6 0.8646428571428572 0.02 0.016428571428571428 0.024761904761904763
6 0.99 0.024285714285714285 0.02 0.021904761904761906
6 0.9939285714285714 0.2057142857142857 0.012142857142857143 0.03238095238095238
6 0.6082142857142857 0.44857142857142857 0.05785714285714286 0.08190476190476191
6 0.49464285714285716 0.32047619047619047 0.06642857142857143 0.05238095238095238
6 0.49178571428571427 0.28523809523809524 0.06642857142857143 0.04285714285714286
6 0.5146428571428572 0.2604761904761905 0.06357142857142857 0.04476190476190476
6 0.43785714285714283 0.24285714285714285 0.05 0.045714285714285714
6 0.4025 0.9261904761904762 0.11928571428571429 0.1457142857142857
6 0.04428571428571428 0.5638095238095238 0.08857142857142856 0.10476190476190476
6 0.018214285714285714 0.5338095238095238 0.03642857142857143 0.08095238095238096
1 0.053214285714285714 0.8138095238095238 0.04642857142857143 0.054285714285714284
5 0.23964285714285713 0.5833333333333334 0.03357142857142857 0.04285714285714286
2 0.2817857142857143 0.6080952380952381 0.04071428571428572 0.037142857142857144
9 0.20857142857142857 0.5723809523809524 0.03 0.03428571428571429
1 0.5985714285714285 0.7995238095238095 0.018571428571428572 0.06190476190476191
1 0.6625 0.6971428571428572 0.02214285714285714 0.05142857142857143
1 0.5971428571428572 0.7323809523809524 0.022857142857142857 0.049523809523809526
1 0.6235714285714286 0.7504761904761905 0.018571428571428572 0.05333333333333334
1 0.6292857142857143 0.7180952380952381 0.015714285714285715 0.05523809523809524
4 0.6439285714285714 0.7538095238095238 0.020714285714285713 0.04476190476190476
6 0.6557142857142857 0.08904761904761904 0.047142857142857146 0.037142857142857144