6 0.5457142857142857 0.6571428571428571 0.15142857142857144 0.15619047619047619
6 0.3960714285714286 0.41095238095238096 0.13785714285714284 0.13238095238095238
6 0.8378571428571429 0.7066666666666667 0.1757142857142857 0.1580952380952381
8 0.7339285714285714 0.24904761904761905 0.11642857142857142 0.20285714285714285
11 0.046785714285714285 0.14952380952380953 0.09357142857142857 0.1295238095238095
6 0.04392857142857143 0.0680952380952381 0.08785714285714286 0.1
6 0.26571428571428574 0.047142857142857146 0.08428571428571428 0.09428571428571429
6 0.315 0.06666666666666667 0.09 0.1219047619047619
6 0.35964285714285715 0.11047619047619048 0.085 0.14095238095238094
7 0.9189285714285714 0.03333333333333333 0.06642857142857143 0.06666666666666667
6 0.05 0.6004761904761905 0.1 0.19333333333333333
2 0.5728571428571428 0.28095238095238095 0.03428571428571429 0.045714285714285714
2 0.7510714285714286 0.0719047619047619 0.009285714285714286 0.06761904761904762
2 0.7182142857142857 0.10523809523809524 0.02642857142857143 0.05619047619047619
9 0.6960714285714286 0.46285714285714286 0.08357142857142857 0.06476190476190476
4 0.6796428571428571 0.4757142857142857 0.029285714285714286 0.035238095238095235
1 0.6571428571428571 0.3280952380952381 0.017142857142857144 0.04666666666666667
1 0.6803571428571429 0.3414285714285714 0.012142857142857143 0.04666666666666667
1 0.7214285714285714 0.3 0.03428571428571429 0.03238095238095238
1 0.6132142857142857 0.3919047619047619 0.017857142857142856 0.039047619047619046
1 0.6210714285714286 0.4423809523809524 0.02214285714285714 0.040952380952380955
1 0.7360714285714286 0.3761904761904762 0.023571428571428573 0.02857142857142857
1 0.7271428571428571 0.3628571428571429 0.018571428571428572 0.047619047619047616
1 0.7371428571428571 0.040952380952380955 0.02 0.05142857142857143
4 0.5585714285714286 0.36 0.02 0.0380952380952381
5 0.7314285714285714 0.39904761904761904 0.04 0.04
5 0.6157142857142858 0.3914285714285714 0.04 0.047619047619047616
5 0.5582142857142857 0.36333333333333334 0.025 0.04476190476190476
4 0.39571428571428574 0.9576190476190476 0.02 0.040952380952380955
4 0.41714285714285715 0.8095238095238095 0.017142857142857144 0.024761904761904763
1 0.5085714285714286 0.7871428571428571 0.014285714285714285 0.01619047619047619
1 0.5 0.770952380952381 0.012857142857142857 0.03142857142857143
1 0.4785714285714286 0.7461904761904762 0.03142857142857143 0.025714285714285714
1 0.43607142857142855 0.75 0.019285714285714285 0.03333333333333333
9 0.4382142857142857 0.8276190476190476 0.08357142857142857 0.09904761904761905
9 0.27285714285714285 0.8871428571428571 0.06428571428571428 0.12285714285714286