1 0.4345 0.7906666666666666 0.018 0.06133333333333333
1 0.43025 0.7473333333333333 0.0185 0.04666666666666667
1 0.43525 0.724 0.0105 0.052
4 0.4015 0.6906666666666667 0.021 0.04533333333333334
4 0.3575 0.663 0.026 0.042
1 0.49475 0.491 0.0075 0.03
1 0.44875 0.5556666666666666 0.0105 0.035333333333333335
1 0.47475 0.5643333333333334 0.0115 0.03933333333333333
1 0.4805 0.5606666666666666 0.017 0.037333333333333336
1 0.476 0.558 0.014 0.034666666666666665
6 0.97 0.47333333333333333 0.057 0.025333333333333333
6 0.9705 0.46266666666666667 0.058 0.02666666666666667
6 0.90225 0.43433333333333335 0.0435 0.022
6 0.80775 0.49766666666666665 0.0445 0.03133333333333333
6 0.81675 0.46166666666666667 0.0535 0.023333333333333334
8 0.7985 0.42733333333333334 0.054 0.034666666666666665
1 0.7495 0.4166666666666667 0.004 0.017333333333333333
6 0.747 0.46066666666666667 0.053 0.024
1 0.79875 0.461 0.0125 0.027333333333333334
1 0.79625 0.46166666666666667 0.0095 0.024666666666666667
0 0.7635 0.371 0.039 0.018
1 0.5985 0.5076666666666667 0.008 0.034
6 0.644 0.4603333333333333 0.051 0.024666666666666667
6 0.57875 0.46066666666666667 0.0505 0.024
6 0.52125 0.46066666666666667 0.0485 0.024
9 0.497 0.444 0.028 0.013333333333333334
1 0.45775 0.37766666666666665 0.0035 0.012666666666666666
1 0.47025 0.37833333333333335 0.0035 0.011333333333333334
6 0.30825 0.44133333333333336 0.0425 0.02
6 0.25125 0.4533333333333333 0.0465 0.02266666666666667
6 0.20875 0.411 0.0265 0.019333333333333334
0 0.44125 0.3343333333333333 0.0165 0.01
1 0.4085 0.357 0.003 0.008666666666666666
1 0.41225 0.357 0.0025 0.008666666666666666
5 0.07475 0.407 0.0055 0.011333333333333334
8 0.0385 0.4056666666666667 0.045 0.023333333333333334
6 0.11925 0.4196666666666667 0.0265 0.019333333333333334
6 0.1035 0.3963333333333333 0.021 0.015333333333333332
6 0.09725 0.387 0.0245 0.012666666666666666
4 0.10375 0.4036666666666667 0.0065 0.011333333333333334
4 0.10725 0.4043333333333333 0.0055 0.01
4 0.111 0.4066666666666667 0.007 0.012
2 0.11175 0.41 0.0085 0.009333333333333334
2 0.1085 0.409 0.01 0.01
2 0.10625 0.407 0.0095 0.01
6 0.1425 0.37966666666666665 0.02 0.01
6 0.1405 0.387 0.021 0.011333333333333334
7 0.31525 0.404 0.0135 0.02
0 0.186 0.36466666666666664 0.004 0.006666666666666667
6 0.191 0.37533333333333335 0.025 0.012
6 0.27 0.36233333333333334 0.016 0.008666666666666666
6 0.28325 0.359 0.0145 0.008666666666666666
6 0.37675 0.32966666666666666 0.0085 0.004666666666666667