6 0.7721428571428571 0.95 0.05857142857142857 0.1
6 0.7221428571428572 0.9371428571428572 0.06 0.12571428571428572
6 0.6760714285714285 0.91 0.05928571428571429 0.14
6 0.6239285714285714 0.8952380952380953 0.05928571428571429 0.15428571428571428
7 0.9614285714285714 0.8828571428571429 0.07714285714285714 0.08761904761904762
6 0.9075 0.85 0.10357142857142858 0.0980952380952381
6 0.8510714285714286 0.8080952380952381 0.07928571428571428 0.08285714285714285
6 0.7753571428571429 0.7642857142857142 0.10785714285714286 0.08476190476190476
6 0.7196428571428571 0.7361904761904762 0.07928571428571428 0.07428571428571429
6 0.65 0.7047619047619048 0.09 0.07428571428571429
6 0.5907142857142857 0.6757142857142857 0.09285714285714286 0.08857142857142856
6 0.5307142857142857 0.6433333333333333 0.08428571428571428 0.08285714285714285
6 0.47964285714285715 0.6057142857142858 0.09214285714285714 0.08190476190476191
6 0.9178571428571428 0.6776190476190476 0.09285714285714286 0.07523809523809524
6 0.7985714285714286 0.621904761904762 0.08857142857142856 0.06857142857142857
6 0.6957142857142857 0.5714285714285714 0.08142857142857143 0.06476190476190476
6 0.6042857142857143 0.5271428571428571 0.08 0.06761904761904762
6 0.5117857142857143 0.47714285714285715 0.07214285714285715 0.06285714285714286
6 0.4182142857142857 0.42952380952380953 0.07928571428571428 0.06476190476190476
7 0.42392857142857143 0.5804761904761905 0.08642857142857142 0.07904761904761905
6 0.3171428571428571 0.5295238095238095 0.09142857142857143 0.0838095238095238
6 0.35535714285714287 0.7252380952380952 0.065 0.11523809523809524
6 0.2639285714285714 0.49857142857142855 0.08785714285714286 0.07333333333333333
6 0.23285714285714285 0.3628571428571429 0.08714285714285715 0.04380952380952381
6 0.8946428571428572 0.5804761904761905 0.085 0.06380952380952382
6 0.7775 0.5266666666666666 0.08642857142857142 0.06476190476190476
8 0.6667857142857143 0.4633333333333333 0.085 0.06571428571428571
7 0.5807142857142857 0.4276190476190476 0.06714285714285714 0.06666666666666667
6 0.5 0.3919047619047619 0.07428571428571429 0.06380952380952382
6 0.7528571428571429 0.40904761904761905 0.07571428571428572 0.06190476190476191
8 0.9471428571428572 0.4785714285714286 0.10571428571428572 0.08857142857142856
6 0.5139285714285714 0.3 0.07928571428571428 0.06285714285714286
6 0.4110714285714286 0.3547619047619048 0.08071428571428571 0.06761904761904762
6 0.33535714285714285 0.39571428571428574 0.07357142857142857 0.06571428571428571
6 0.18392857142857144 0.30666666666666664 0.07214285714285715 0.07047619047619047
6 0.11178571428571428 0.26761904761904765 0.075 0.06857142857142857
7 0.1275 0.4142857142857143 0.07071428571428572 0.06285714285714286
6 0.07857142857142857 0.39476190476190476 0.08285714285714285 0.07333333333333333
6 0.0375 0.37952380952380954 0.075 0.07714285714285714
6 0.040357142857142855 0.24095238095238095 0.065 0.05523809523809524
6 0.275 0.2866666666666667 0.06857142857142857 0.05904761904761905
6 0.35928571428571426 0.22285714285714286 0.07142857142857142 0.06095238095238095
6 0.4807142857142857 0.81 0.05714285714285714 0.13428571428571429
6 0.44642857142857145 0.7833333333333333 0.05714285714285714 0.13047619047619047
6 0.3078571428571429 0.7057142857142857 0.06142857142857143 0.1219047619047619
6 0.2760714285714286 0.6823809523809524 0.062142857142857146 0.12285714285714286
6 0.23607142857142857 0.6642857142857143 0.05785714285714286 0.11904761904761904
6 0.1325 0.5895238095238096 0.06785714285714285 0.11428571428571428