1 0.2525 0.5396666666666666 0.025 0.05
1 0.24575 0.4856666666666667 0.0225 0.056666666666666664
4 0.183 0.5066666666666667 0.022 0.02666666666666667
4 0.17975 0.5003333333333333 0.0175 0.020666666666666667
4 0.1685 0.5186666666666667 0.016 0.021333333333333333
4 0.154 0.5203333333333333 0.017 0.03133333333333333
1 0.2415 0.455 0.02 0.04733333333333333
1 0.239 0.44466666666666665 0.021 0.036
1 0.264 0.4866666666666667 0.012 0.029333333333333333
1 0.29425 0.451 0.0175 0.03133333333333333
4 0.28175 0.4653333333333333 0.0105 0.02
1 0.1945 0.43733333333333335 0.022 0.042666666666666665
1 0.20125 0.405 0.0255 0.051333333333333335
1 0.1915 0.407 0.013 0.018
4 0.273 0.444 0.024 0.028
1 0.34775 0.46166666666666667 0.0175 0.05
4 0.34775 0.4513333333333333 0.0125 0.018666666666666668
1 0.3665 0.46 0.011 0.04533333333333334
4 0.36675 0.444 0.0085 0.017333333333333333
1 0.354 0.445 0.014 0.046
4 0.35725 0.434 0.0075 0.030666666666666665
3 0.393 0.47333333333333333 0.022 0.03333333333333333
3 0.32625 0.428 0.0255 0.03333333333333333
3 0.216 0.3476666666666667 0.026 0.038
3 0.2035 0.495 0.021 0.020666666666666667
3 0.1335 0.5436666666666666 0.029 0.04466666666666667
3 0.252 0.31366666666666665 0.023 0.038
5 0.269 0.21966666666666668 0.024 0.035333333333333335
5 0.2805 0.21533333333333332 0.025 0.042666666666666665
5 0.40225 0.24 0.0345 0.03333333333333333
5 0.4945 0.21133333333333335 0.031 0.03333333333333333
1 0.89325 0.217 0.0225 0.04466666666666667
3 0.8765 0.21766666666666667 0.023 0.027333333333333334