3 0.020714285714285713 0.9519047619047619 0.04 0.09047619047619047
3 0.025 0.699047619047619 0.04285714285714286 0.08571428571428572
1 0.17535714285714285 0.7609523809523809 0.03214285714285714 0.12380952380952381
1 0.23857142857142857 0.7138095238095238 0.03428571428571429 0.11142857142857143
1 0.4075 0.659047619047619 0.025 0.10095238095238095
1 0.4282142857142857 0.43714285714285717 0.012142857142857143 0.05142857142857143
1 0.43892857142857145 0.43333333333333335 0.012142857142857143 0.05142857142857143
1 0.45 0.43523809523809526 0.011428571428571429 0.049523809523809526
1 0.4539285714285714 0.4280952380952381 0.010714285714285714 0.04285714285714286
1 0.48857142857142855 0.4357142857142857 0.012857142857142857 0.04476190476190476
1 0.4742857142857143 0.4180952380952381 0.01 0.0380952380952381
1 0.4982142857142857 0.4138095238095238 0.016428571428571428 0.039047619047619046
1 0.47714285714285715 0.3914285714285714 0.008571428571428572 0.03238095238095238
1 0.4853571428571429 0.39285714285714285 0.007857142857142858 0.03333333333333333
1 0.5157142857142857 0.4319047619047619 0.011428571428571429 0.04666666666666667
1 0.5192857142857142 0.4247619047619048 0.008571428571428572 0.04
1 0.5164285714285715 0.3995238095238095 0.01 0.035238095238095235
1 0.4660714285714286 0.3647619047619048 0.0064285714285714285 0.02857142857142857
1 0.47535714285714287 0.3638095238095238 0.010714285714285714 0.030476190476190476
3 0.47714285714285715 0.36952380952380953 0.007142857142857143 0.017142857142857144
1 0.4425 0.34523809523809523 0.007857142857142858 0.023809523809523808
1 0.45571428571428574 0.33904761904761904 0.007142857142857143 0.022857142857142857
1 0.4667857142857143 0.34 0.005 0.024761904761904763
1 0.4725 0.33904761904761904 0.005 0.022857142857142857
1 0.4525 0.33666666666666667 0.005 0.021904761904761906
1 0.4832142857142857 0.30857142857142855 0.0035714285714285713 0.013333333333333334
6 0.5028571428571429 0.3080952380952381 0.024285714285714285 0.014285714285714285
6 0.4689285714285714 0.30095238095238097 0.015 0.011428571428571429
6 0.44357142857142856 0.2980952380952381 0.024285714285714285 0.011428571428571429
2 0.5175 0.3514285714285714 0.019285714285714285 0.017142857142857144
2 0.5246428571428572 0.3523809523809524 0.015 0.015238095238095238
2 0.5182142857142857 0.3719047619047619 0.009285714285714286 0.018095238095238095
1 0.5203571428571429 0.36 0.005 0.02095238095238095
2 0.3939285714285714 0.3647619047619048 0.02214285714285714 0.02095238095238095
2 0.3792857142857143 0.3838095238095238 0.02142857142857143 0.01904761904761905
5 0.29214285714285715 0.4714285714285714 0.04285714285714286 0.0419047619047619
5 0.31035714285714283 0.46095238095238095 0.03357142857142857 0.03238095238095238
5 0.32571428571428573 0.4461904761904762 0.032857142857142856 0.023809523809523808
5 0.3435714285714286 0.43047619047619046 0.032857142857142856 0.024761904761904763
2 0.3467857142857143 0.41714285714285715 0.03214285714285714 0.024761904761904763
5 0.2825 0.41619047619047617 0.03357142857142857 0.024761904761904763
5 0.2717857142857143 0.4219047619047619 0.027857142857142858 0.024761904761904763
5 0.25 0.43523809523809526 0.04285714285714286 0.03619047619047619
0 0.27535714285714286 0.43333333333333335 0.007857142857142858 0.017142857142857144
3 0.13857142857142857 0.2995238095238095 0.06714285714285714 0.04666666666666667
8 0.14285714285714285 0.2580952380952381 0.047142857142857146 0.030476190476190476
8 0.11392857142857143 0.2538095238095238 0.04071428571428572 0.023809523809523808
8 0.19535714285714287 0.25761904761904764 0.027857142857142858 0.02
8 0.24464285714285713 0.2557142857142857 0.013571428571428571 0.018095238095238095
0 0.2546428571428571 0.25285714285714284 0.005 0.010476190476190476