6 0.4275 0.5466666666666666 0.062142857142857146 0.05142857142857143
6 0.5914285714285714 0.5038095238095238 0.06 0.047619047619047616
6 0.5882142857142857 0.4461904761904762 0.056428571428571425 0.035238095238095235
6 0.7157142857142857 0.4938095238095238 0.06428571428571428 0.037142857142857144
6 0.8160714285714286 0.4504761904761905 0.062142857142857146 0.030476190476190476
6 0.9021428571428571 0.4804761904761905 0.05285714285714286 0.03142857142857143
6 0.11785714285714285 0.5933333333333334 0.07857142857142857 0.06666666666666667
6 0.032857142857142856 0.7252380952380952 0.06571428571428571 0.07904761904761905
6 0.17464285714285716 0.4142857142857143 0.03357142857142857 0.04380952380952381
6 0.26821428571428574 0.34809523809523807 0.029285714285714286 0.037142857142857144
6 0.3003571428571429 0.30904761904761907 0.04214285714285714 0.02
6 0.21107142857142858 0.2895238095238095 0.023571428571428573 0.022857142857142857
6 0.18035714285714285 0.25666666666666665 0.015 0.021904761904761906
6 0.13607142857142857 0.21857142857142858 0.017857142857142856 0.018095238095238095
6 0.07642857142857143 0.13285714285714287 0.011428571428571429 0.010476190476190476
0 0.0425 0.07095238095238095 0.03214285714285714 0.08285714285714285
0 0.09464285714285714 0.44952380952380955 0.039285714285714285 0.05333333333333334