8 0.17607142857142857 0.5766666666666667 0.08214285714285714 0.058095238095238096
8 0.49214285714285716 0.59 0.04857142857142857 0.06380952380952382
8 0.7146428571428571 0.8542857142857143 0.09071428571428572 0.10666666666666667
8 0.8128571428571428 0.9595238095238096 0.09142857142857143 0.08095238095238096
0 0.3982142857142857 0.38761904761904764 0.027857142857142858 0.030476190476190476
0 0.3514285714285714 0.25857142857142856 0.025714285714285714 0.029523809523809525
0 0.31607142857142856 0.35285714285714287 0.017857142857142856 0.02761904761904762
8 0.28464285714285714 0.5047619047619047 0.08785714285714286 0.06285714285714286
8 0.5046428571428572 0.4261904761904762 0.04928571428571429 0.039047619047619046
3 0.5839285714285715 0.5842857142857143 0.03785714285714286 0.029523809523809525
3 0.5775 0.6033333333333334 0.016428571428571428 0.021904761904761906
8 0.6817857142857143 0.6961904761904761 0.035 0.03619047619047619
6 0.5796428571428571 0.7047619047619048 0.027857142857142858 0.030476190476190476
6 0.6514285714285715 0.7952380952380952 0.03571428571428571 0.0380952380952381
6 0.615 0.7452380952380953 0.02857142857142857 0.035238095238095235
6 0.5310714285714285 0.64 0.023571428571428573 0.024761904761904763
7 0.6 0.5914285714285714 0.017142857142857144 0.01904761904761905
6 0.5578571428571428 0.6704761904761904 0.022857142857142857 0.02857142857142857
8 0.11535714285714285 0.5657142857142857 0.095 0.06095238095238095
8 0.17035714285714285 0.5676190476190476 0.08785714285714286 0.047619047619047616
8 0.08428571428571428 0.6209523809523809 0.07428571428571429 0.05333333333333334
6 0.04178571428571429 0.6285714285714286 0.029285714285714286 0.02095238095238095
1 0.33285714285714285 0.6795238095238095 0.004285714285714286 0.014285714285714285
1 0.36142857142857143 0.6861904761904762 0.004285714285714286 0.012380952380952381
1 0.40035714285714286 0.6985714285714286 0.0035714285714285713 0.012380952380952381
6 0.4064285714285714 0.47 0.018571428571428572 0.01619047619047619
6 0.41214285714285714 0.4076190476190476 0.01 0.009523809523809525
6 0.3692857142857143 0.3985714285714286 0.012857142857142857 0.006666666666666667
7 0.3982142857142857 0.4166666666666667 0.012142857142857143 0.010476190476190476
7 0.37857142857142856 0.37761904761904763 0.008571428571428572 0.008571428571428572
7 0.3603571428571429 0.3838095238095238 0.012142857142857143 0.009523809523809525
6 0.36714285714285716 0.3923809523809524 0.014285714285714285 0.009523809523809525
6 0.36357142857142855 0.38857142857142857 0.01 0.009523809523809525
6 0.3560714285714286 0.3838095238095238 0.012142857142857143 0.007619047619047619
6 0.38357142857142856 0.379047619047619 0.008571428571428572 0.007619047619047619
6 0.49392857142857144 0.4066666666666667 0.007857142857142858 0.009523809523809525
6 0.4853571428571429 0.4057142857142857 0.0064285714285714285 0.011428571428571429
6 0.4757142857142857 0.4076190476190476 0.007142857142857143 0.011428571428571429
6 0.4564285714285714 0.4095238095238095 0.005714285714285714 0.009523809523809525
6 0.5153571428571428 0.4042857142857143 0.009285714285714286 0.008571428571428572
6 0.5010714285714286 0.3914285714285714 0.010714285714285714 0.007619047619047619
6 0.48642857142857143 0.3952380952380952 0.01 0.009523809523809525
6 0.49392857142857144 0.3933333333333333 0.009285714285714286 0.009523809523809525
6 0.47928571428571426 0.39571428571428574 0.01 0.010476190476190476
7 0.5253571428571429 0.4004761904761905 0.0064285714285714285 0.010476190476190476
7 0.5085714285714286 0.38904761904761903 0.01 0.010476190476190476
7 0.5132142857142857 0.3852380952380952 0.009285714285714286 0.010476190476190476
6 0.5567857142857143 0.41333333333333333 0.012142857142857143 0.009523809523809525
6 0.4660714285714286 0.40904761904761905 0.007857142857142858 0.010476190476190476
0 0.4475 0.43761904761904763 0.009285714285714286 0.010476190476190476
0 0.47535714285714287 0.43142857142857144 0.007857142857142858 0.009523809523809525
0 0.39571428571428574 0.4542857142857143 0.007142857142857143 0.007619047619047619
0 0.43785714285714283 0.49857142857142855 0.012857142857142857 0.012380952380952381
0 0.4767857142857143 0.48238095238095235 0.009285714285714286 0.01619047619047619
0 0.55 0.40285714285714286 0.008571428571428572 0.009523809523809525
1 0.435 0.4276190476190476 0.002857142857142857 0.005714285714285714
1 0.4207142857142857 0.4380952380952381 0.0014285714285714286 0.007619047619047619
9 0.5632142857142857 0.41714285714285715 0.010714285714285714 0.007619047619047619
6 0.5892857142857143 0.42095238095238097 0.01 0.007619047619047619
6 0.5760714285714286 0.4 0.007857142857142858 0.007619047619047619
6 0.585 0.40095238095238095 0.008571428571428572 0.009523809523809525
2 0.7696428571428572 0.9066666666666666 0.02214285714285714 0.022857142857142857
2 0.8821428571428571 0.9019047619047619 0.015714285714285715 0.02095238095238095
2 0.9303571428571429 0.9266666666666666 0.02642857142857143 0.03238095238095238
2 0.7289285714285715 0.7795238095238095 0.012142857142857143 0.018095238095238095
2 0.7357142857142858 0.7871428571428571 0.007142857142857143 0.01619047619047619
2 0.6778571428571428 0.7557142857142857 0.004285714285714286 0.018095238095238095
2 0.7839285714285714 0.7842857142857143 0.017857142857142856 0.021904761904761906
2 0.7410714285714286 0.7495238095238095 0.012142857142857143 0.015238095238095238
9 0.76 0.7590476190476191 0.014285714285714285 0.02095238095238095
6 0.8282142857142857 0.9047619047619048 0.05071428571428571 0.05904761904761905
6 0.7739285714285714 0.840952380952381 0.027857142857142858 0.05333333333333334
8 0.013214285714285715 0.36 0.02642857142857143 0.017142857142857144
8 0.09107142857142857 0.3442857142857143 0.03642857142857143 0.01619047619047619
8 0.08964285714285715 0.3514285714285714 0.027857142857142858 0.013333333333333334
8 0.21392857142857144 0.37476190476190474 0.010714285714285714 0.02
11 0.24464285714285713 0.3219047619047619 0.012142857142857143 0.015238095238095238
6 0.21928571428571428 0.34285714285714286 0.011428571428571429 0.007619047619047619
8 0.18107142857142858 0.3580952380952381 0.007857142857142858 0.011428571428571429
0 0.20642857142857143 0.3047619047619048 0.024285714285714285 0.022857142857142857