8 0.7075 0.6419047619047619 0.1407142857142857 0.11428571428571428
7 0.4032142857142857 0.560952380952381 0.05071428571428571 0.04380952380952381
6 0.5121428571428571 0.4519047619047619 0.03 0.021904761904761906
6 0.5178571428571429 0.43047619047619046 0.02857142857142857 0.017142857142857144
1 0.6171428571428571 0.4123809523809524 0.004285714285714286 0.011428571428571429
6 0.5475 0.4066666666666667 0.023571428571428573 0.013333333333333334
8 0.22142857142857142 0.5085714285714286 0.05714285714285714 0.05333333333333334
8 0.17464285714285716 0.4766666666666667 0.07357142857142857 0.06190476190476191
2 0.2042857142857143 0.41 0.008571428571428572 0.006666666666666667
4 0.20392857142857143 0.40714285714285714 0.0035714285714285713 0.010476190476190476
10 0.11357142857142857 0.5061904761904762 0.02 0.01619047619047619
4 0.11785714285714285 0.5052380952380953 0.005714285714285714 0.012380952380952381
0 0.3942857142857143 0.41333333333333333 0.15142857142857144 0.02666666666666667
0 0.215 0.38857142857142857 0.16 0.030476190476190476