7 0.018214285714285714 0.018571428571428572 0.017857142857142856 0.02
6 0.1707142857142857 0.12285714285714286 0.041428571428571426 0.02666666666666667
6 0.14857142857142858 0.11571428571428571 0.02857142857142857 0.023809523809523808
7 0.1175 0.11142857142857143 0.03785714285714286 0.03238095238095238
6 0.08571428571428572 0.11190476190476191 0.032857142857142856 0.02761904761904762
6 0.04428571428571428 0.10571428571428572 0.04 0.024761904761904763
6 0.01892857142857143 0.09761904761904762 0.030714285714285715 0.025714285714285714
6 0.1625 0.09333333333333334 0.03214285714285714 0.02095238095238095
6 0.13071428571428573 0.0880952380952381 0.032857142857142856 0.021904761904761906
6 0.10892857142857143 0.0880952380952381 0.029285714285714286 0.021904761904761906
6 0.08821428571428572 0.08428571428571428 0.025 0.023809523809523808
6 0.06285714285714286 0.08142857142857143 0.027142857142857142 0.025714285714285714
6 0.04071428571428572 0.0761904761904762 0.024285714285714285 0.01904761904761905
6 0.01892857142857143 0.07380952380952381 0.02642857142857143 0.023809523809523808
6 0.19964285714285715 0.1 0.029285714285714286 0.02857142857142857
6 0.225 0.10095238095238095 0.032857142857142856 0.02095238095238095
6 0.24 0.12904761904761905 0.03428571428571429 0.02761904761904762
6 0.2525 0.10476190476190476 0.027857142857142858 0.024761904761904763
6 0.275 0.13285714285714287 0.02857142857142857 0.023809523809523808
6 0.32 0.11571428571428571 0.02142857142857143 0.021904761904761906
6 0.29428571428571426 0.10523809523809524 0.027142857142857142 0.029523809523809525
6 0.08928571428571429 0.047142857142857146 0.02 0.018095238095238095
7 0.11464285714285714 0.04476190476190476 0.03214285714285714 0.030476190476190476
6 0.1332142857142857 0.05285714285714286 0.023571428571428573 0.023809523809523808
6 0.15214285714285714 0.05380952380952381 0.024285714285714285 0.02
6 0.17357142857142857 0.058095238095238096 0.02 0.01904761904761905
6 0.19214285714285714 0.05761904761904762 0.024285714285714285 0.02761904761904762
6 0.21821428571428572 0.060476190476190475 0.02642857142857143 0.025714285714285714
6 0.25607142857142856 0.06761904761904762 0.020714285714285713 0.022857142857142857
6 0.2760714285714286 0.07095238095238095 0.020714285714285713 0.023809523809523808
7 0.29464285714285715 0.07047619047619047 0.023571428571428573 0.02666666666666667
6 0.3192857142857143 0.07476190476190477 0.027142857142857142 0.023809523809523808
6 0.35642857142857143 0.08238095238095237 0.024285714285714285 0.023809523809523808
6 0.3792857142857143 0.08523809523809524 0.018571428571428572 0.023809523809523808
6 0.40035714285714286 0.08904761904761904 0.025 0.02761904761904762
7 0.425 0.08523809523809524 0.02142857142857143 0.03142857142857143
6 0.4614285714285714 0.09380952380952381 0.022857142857142857 0.025714285714285714
6 0.34035714285714286 0.11714285714285715 0.029285714285714286 0.02666666666666667
6 0.32357142857142857 0.14476190476190476 0.032857142857142856 0.02666666666666667
6 0.37392857142857144 0.12523809523809523 0.02642857142857143 0.029523809523809525
6 0.4082142857142857 0.12904761904761905 0.025 0.025714285714285714
6 0.435 0.12904761904761905 0.027142857142857142 0.029523809523809525
6 0.43607142857142855 0.16238095238095238 0.027857142857142858 0.029523809523809525
7 0.4635714285714286 0.16333333333333333 0.025714285714285714 0.040952380952380955
7 0.4925 0.16476190476190475 0.029285714285714286 0.047619047619047616
7 0.38 0.15 0.03571428571428571 0.040952380952380955
6 0.4825 0.13857142857142857 0.023571428571428573 0.025714285714285714
6 0.45785714285714285 0.1357142857142857 0.022857142857142857 0.029523809523809525
6 0.47714285714285715 0.08 0.017142857142857144 0.022857142857142857
6 0.4525 0.0761904761904762 0.017857142857142856 0.022857142857142857
6 0.485 0.05904761904761905 0.015714285714285715 0.022857142857142857
7 0.4667857142857143 0.06095238095238095 0.025 0.022857142857142857
6 0.45071428571428573 0.05333333333333334 0.02 0.022857142857142857
6 0.4303571428571429 0.07047619047619047 0.020714285714285713 0.015238095238095238
6 0.42142857142857143 0.05095238095238095 0.024285714285714285 0.018095238095238095
6 0.39107142857142857 0.06714285714285714 0.017857142857142856 0.018095238095238095
6 0.39785714285714285 0.048095238095238094 0.02 0.01619047619047619
6 0.38142857142857145 0.04238095238095238 0.014285714285714285 0.023809523809523808
6 0.37107142857142855 0.06666666666666667 0.019285714285714285 0.017142857142857144
6 0.365 0.043333333333333335 0.017142857142857144 0.021904761904761906
6 0.345 0.043333333333333335 0.018571428571428572 0.018095238095238095
6 0.3489285714285714 0.06523809523809523 0.02214285714285714 0.018095238095238095
6 0.33285714285714285 0.06333333333333334 0.017142857142857144 0.02
7 0.3271428571428571 0.03380952380952381 0.02142857142857143 0.021904761904761906
6 0.3167857142857143 0.056666666666666664 0.016428571428571428 0.014285714285714285
7 0.30642857142857144 0.03380952380952381 0.022857142857142857 0.023809523809523808
6 0.3007142857142857 0.054285714285714284 0.017142857142857144 0.013333333333333334
6 0.2882142857142857 0.03333333333333333 0.016428571428571428 0.017142857142857144
6 0.27071428571428574 0.029523809523809525 0.017142857142857144 0.02095238095238095
6 0.25107142857142856 0.029047619047619048 0.020714285714285713 0.018095238095238095
6 0.21964285714285714 0.047142857142857146 0.020714285714285713 0.02
6 0.23 0.02666666666666667 0.022857142857142857 0.017142857142857144
6 0.20035714285714284 0.02238095238095238 0.02214285714285714 0.02
6 0.19964285714285715 0.04285714285714286 0.023571428571428573 0.013333333333333334
7 0.1757142857142857 0.016666666666666666 0.02142857142857143 0.023809523809523808
6 0.15535714285714286 0.017142857142857144 0.013571428571428571 0.017142857142857144
6 0.14107142857142857 0.014285714285714285 0.020714285714285713 0.017142857142857144
6 0.15178571428571427 0.037142857142857144 0.020714285714285713 0.015238095238095238
6 0.12821428571428573 0.032857142857142856 0.023571428571428573 0.01619047619047619
8 0.025714285714285714 0.19238095238095237 0.05142857142857143 0.047619047619047616
7 0.06964285714285715 0.16523809523809524 0.05071428571428571 0.04476190476190476
6 0.11428571428571428 0.1738095238095238 0.045714285714285714 0.03142857142857143
6 0.17214285714285715 0.1895238095238095 0.027142857142857142 0.030476190476190476
8 0.21214285714285713 0.18047619047619048 0.06714285714285714 0.054285714285714284
8 0.21392857142857144 0.22523809523809524 0.07071428571428572 0.06
6 0.2975 0.20238095238095238 0.04071428571428572 0.035238095238095235
8 0.33714285714285713 0.22380952380952382 0.06428571428571428 0.08571428571428572
8 0.38535714285714284 0.24857142857142858 0.047857142857142855 0.045714285714285714
6 0.4085714285714286 0.21904761904761905 0.032857142857142856 0.0380952380952381
7 0.54 0.1295238095238095 0.022857142857142857 0.02857142857142857
8 0.5567857142857143 0.15523809523809523 0.029285714285714286 0.04
8 0.5653571428571429 0.20809523809523808 0.04357142857142857 0.05619047619047619
1 0.5896428571428571 0.18095238095238095 0.0064285714285714285 0.030476190476190476
7 0.5814285714285714 0.12333333333333334 0.037142857142857144 0.03142857142857143
8 0.5860714285714286 0.03190476190476191 0.03642857142857143 0.02761904761904762
8 0.5625 0.014761904761904763 0.03214285714285714 0.023809523809523808
8 0.625 0.01619047619047619 0.05 0.02095238095238095
2 0.5364285714285715 0.032857142857142856 0.015714285714285715 0.010476190476190476
2 0.5296428571428572 0.04476190476190476 0.013571428571428571 0.009523809523809525
5 0.5185714285714286 0.06 0.005714285714285714 0.017142857142857144
3 0.6025 0.09095238095238095 0.04071428571428572 0.021904761904761906
7 0.6692857142857143 0.010952380952380953 0.012857142857142857 0.021904761904761906
8 0.6989285714285715 0.023809523809523808 0.016428571428571428 0.045714285714285714
1 0.6785714285714286 0.039523809523809524 0.01 0.02
1 0.7032142857142857 0.07333333333333333 0.0064285714285714285 0.01904761904761905
6 0.7175 0.08238095238095237 0.015 0.025714285714285714
8 0.7446428571428572 0.09380952380952381 0.016428571428571428 0.040952380952380955
1 0.7557142857142857 0.10238095238095238 0.005714285714285714 0.01619047619047619
1 0.6160714285714286 0.05095238095238095 0.0035714285714285713 0.014285714285714285
1 0.6521428571428571 0.05476190476190476 0.005714285714285714 0.014285714285714285
6 0.6717857142857143 0.12142857142857143 0.016428571428571428 0.03142857142857143
1 0.6371428571428571 0.2357142857142857 0.005714285714285714 0.018095238095238095
1 0.6535714285714286 0.23761904761904762 0.01 0.01619047619047619
8 0.6653571428571429 0.18761904761904763 0.02642857142857143 0.07047619047619047
6 0.7610714285714286 0.2519047619047619 0.04357142857142857 0.035238095238095235
6 0.7539285714285714 0.2261904761904762 0.045 0.029523809523809525
9 0.6642857142857143 0.24142857142857144 0.037142857142857144 0.025714285714285714
7 0.6567857142857143 0.27476190476190476 0.02642857142857143 0.05047619047619047
7 0.6653571428571429 0.3333333333333333 0.039285714285714285 0.08761904761904762
3 0.6589285714285714 0.38333333333333336 0.020714285714285713 0.12285714285714286
6 0.7892857142857143 0.3423809523809524 0.04 0.05238095238095238
6 0.7632142857142857 0.4561904761904762 0.04642857142857143 0.06857142857142857
6 0.6975 0.4595238095238095 0.03785714285714286 0.07714285714285714
1 0.6535714285714286 0.5028571428571429 0.015714285714285715 0.04
1 0.6317857142857143 0.5104761904761905 0.015 0.04380952380952381
1 0.635 0.4928571428571429 0.015714285714285715 0.03142857142857143
2 0.7485714285714286 0.5314285714285715 0.024285714285714285 0.04
4 0.7535714285714286 0.5161904761904762 0.012857142857142857 0.03238095238095238
7 0.9392857142857143 0.5957142857142858 0.10285714285714286 0.09619047619047619
7 0.9385714285714286 0.8566666666666667 0.12 0.10571428571428572
6 0.4114285714285714 0.07428571428571429 0.024285714285714285 0.022857142857142857