6 0.3585 0.5236666666666666 0.066 0.03666666666666667
7 0.44825 0.5233333333333333 0.0575 0.03866666666666667
6 0.659 0.5346666666666666 0.063 0.03866666666666667
6 0.823 0.5376666666666666 0.057 0.03666666666666667
6 0.87425 0.405 0.0845 0.04066666666666666
6 0.669 0.43166666666666664 0.083 0.035333333333333335
0 0.67225 0.5003333333333333 0.0285 0.020666666666666667
5 0.70725 0.562 0.0205 0.018666666666666668
5 0.20275 0.8326666666666667 0.0155 0.03866666666666667
5 0.30175 0.5586666666666666 0.0125 0.025333333333333333
5 0.24325 0.5386666666666666 0.0265 0.02
5 0.25025 0.526 0.0205 0.013333333333333334
1 0.24025 0.5316666666666666 0.0105 0.016666666666666666
1 0.24525 0.5213333333333333 0.0125 0.018666666666666668
0 0.21825 0.17666666666666667 0.0285 0.032
0 0.42175 0.18466666666666667 0.0245 0.02266666666666667
0 0.6845 0.148 0.016 0.02266666666666667
0 0.7185 0.19566666666666666 0.023 0.024666666666666667
0 0.7565 0.20266666666666666 0.027 0.032
6 0.57375 0.17466666666666666 0.0525 0.032
6 0.662 0.175 0.05 0.027333333333333334
6 0.6645 0.11133333333333334 0.023 0.050666666666666665
6 0.7805 0.11166666666666666 0.049 0.028666666666666667
6 0.7805 0.088 0.05 0.02666666666666667
0 0.43175 0.14366666666666666 0.0115 0.04066666666666666
2 0.733 0.062 0.016 0.018666666666666668
1 0.037 0.12966666666666668 0.011 0.026
6 0.009 0.147 0.018 0.026