6 0.29464285714285715 0.8747619047619047 0.24071428571428571 0.25047619047619046
1 0.73 0.6461904761904762 0.05714285714285714 0.1819047619047619
1 0.6425 0.45571428571428574 0.027857142857142858 0.1019047619047619
1 0.48142857142857143 0.23285714285714285 0.015714285714285715 0.06190476190476191
1 0.5717857142857142 0.30142857142857143 0.017857142857142856 0.054285714285714284
1 0.5571428571428572 0.29285714285714287 0.015714285714285715 0.06190476190476191
6 0.8025 0.5447619047619048 0.20357142857142857 0.1676190476190476
6 0.8707142857142857 0.4123809523809524 0.18428571428571427 0.10095238095238095
6 0.7010714285714286 0.3580952380952381 0.14357142857142857 0.08952380952380952
6 0.4742857142857143 0.3942857142857143 0.08571428571428572 0.11428571428571428
6 0.36392857142857143 0.45666666666666667 0.09642857142857143 0.15714285714285714
6 0.1442857142857143 0.4114285714285714 0.12571428571428572 0.1295238095238095
6 0.13785714285714284 0.2995238095238095 0.14 0.06
6 0.1457142857142857 0.2714285714285714 0.1357142857142857 0.06666666666666667
6 0.25357142857142856 0.25047619047619046 0.05285714285714286 0.07238095238095238
6 0.36642857142857144 0.3419047619047619 0.06714285714285714 0.08952380952380952
6 0.44035714285714284 0.30857142857142855 0.060714285714285714 0.07047619047619047
6 0.36428571428571427 0.26476190476190475 0.05285714285714286 0.06476190476190476
6 0.41892857142857143 0.24857142857142858 0.04642857142857143 0.045714285714285714
6 0.5442857142857143 0.26571428571428574 0.054285714285714284 0.049523809523809526
6 0.2792857142857143 0.21666666666666667 0.04428571428571428 0.04666666666666667
6 0.2985714285714286 0.20476190476190476 0.03 0.03619047619047619
6 0.3078571428571429 0.18857142857142858 0.024285714285714285 0.03428571428571429
6 0.27214285714285713 0.1819047619047619 0.05285714285714286 0.02857142857142857
6 0.2985714285714286 0.16047619047619047 0.05 0.029523809523809525
6 0.3 0.15523809523809523 0.04428571428571428 0.030476190476190476
6 0.3292857142857143 0.15142857142857144 0.027142857142857142 0.02857142857142857
6 0.36964285714285716 0.22857142857142856 0.04071428571428572 0.04
6 0.4139285714285714 0.2261904761904762 0.03642857142857143 0.039047619047619046
6 0.36464285714285716 0.20523809523809525 0.035 0.040952380952380955
6 0.36678571428571427 0.17666666666666667 0.027857142857142858 0.025714285714285714
6 0.36892857142857144 0.1619047619047619 0.023571428571428573 0.02666666666666667
6 0.3703571428571429 0.1519047619047619 0.023571428571428573 0.021904761904761906
6 0.3682142857142857 0.1376190476190476 0.017857142857142856 0.021904761904761906
6 0.4132142857142857 0.21047619047619048 0.03214285714285714 0.030476190476190476
6 0.4060714285714286 0.19095238095238096 0.029285714285714286 0.02761904761904762
6 0.4007142857142857 0.17238095238095238 0.024285714285714285 0.01904761904761905
6 0.3960714285714286 0.16380952380952382 0.020714285714285713 0.022857142857142857
6 0.39 0.15 0.018571428571428572 0.021904761904761906
6 0.3867857142857143 0.13714285714285715 0.012142857142857143 0.013333333333333334
7 0.48892857142857143 0.19476190476190477 0.03214285714285714 0.03333333333333333
6 0.4717857142857143 0.1895238095238095 0.027857142857142858 0.024761904761904763
6 0.46214285714285713 0.17476190476190476 0.037142857142857144 0.03142857142857143
6 0.4575 0.15571428571428572 0.04357142857142857 0.023809523809523808
0 0.34285714285714286 0.12476190476190477 0.03 0.02095238095238095
0 0.41785714285714287 0.1319047619047619 0.017142857142857144 0.02761904761904762
0 0.38607142857142857 0.12285714285714286 0.023571428571428573 0.015238095238095238
6 0.49178571428571427 0.21476190476190476 0.035 0.04285714285714286