8 0.05285714285714286 0.16476190476190475 0.06857142857142857 0.06285714285714286
5 0.125 0.08523809523809524 0.01 0.014285714285714285
4 0.12464285714285714 0.07571428571428572 0.0064285714285714285 0.01619047619047619
1 0.12428571428571429 0.04666666666666667 0.01 0.02666666666666667
1 0.155 0.020476190476190478 0.005714285714285714 0.02
7 0.014285714285714285 0.007619047619047619 0.027142857142857142 0.015238095238095238
6 0.17 0.08714285714285715 0.03571428571428571 0.039047619047619046
6 0.23642857142857143 0.06190476190476191 0.022857142857142857 0.030476190476190476
6 0.34535714285714286 0.06619047619047619 0.02642857142857143 0.029523809523809525
8 0.3757142857142857 0.018571428571428572 0.04 0.037142857142857144
6 0.4082142857142857 0.012380952380952381 0.015 0.02095238095238095
6 0.435 0.011904761904761904 0.015714285714285715 0.01619047619047619
8 0.36892857142857144 0.09285714285714286 0.09357142857142857 0.12476190476190477
11 0.42214285714285715 0.09476190476190476 0.03857142857142857 0.07714285714285714
11 0.39107142857142857 0.18571428571428572 0.06357142857142857 0.11619047619047619
11 0.3532142857142857 0.31523809523809526 0.085 0.18285714285714286
11 0.2617857142857143 0.35904761904761906 0.12214285714285714 0.2038095238095238
1 0.47 0.15523809523809523 0.011428571428571429 0.030476190476190476
1 0.4775 0.10476190476190476 0.010714285714285714 0.030476190476190476
1 0.5035714285714286 0.16285714285714287 0.01 0.03238095238095238
1 0.495 0.18285714285714286 0.008571428571428572 0.0380952380952381
1 0.5128571428571429 0.1661904761904762 0.008571428571428572 0.035238095238095235
1 0.5410714285714285 0.09857142857142857 0.005 0.029523809523809525
1 0.5496428571428571 0.09428571428571429 0.010714285714285714 0.02666666666666667
1 0.5610714285714286 0.09761904761904762 0.005 0.023809523809523808
1 0.5478571428571428 0.08666666666666667 0.007142857142857143 0.02095238095238095
1 0.5592857142857143 0.08571428571428572 0.004285714285714286 0.022857142857142857
5 0.5157142857142857 0.09238095238095238 0.007142857142857143 0.015238095238095238
5 0.4953571428571429 0.07761904761904762 0.009285714285714286 0.01619047619047619
4 0.495 0.06666666666666667 0.005714285714285714 0.013333333333333334
4 0.5139285714285714 0.08095238095238096 0.0064285714285714285 0.01904761904761905
1 0.44821428571428573 0.3038095238095238 0.013571428571428571 0.04
1 0.4685714285714286 0.36095238095238097 0.011428571428571429 0.047619047619047616
1 0.5692857142857143 0.014285714285714285 0.005714285714285714 0.02095238095238095
6 0.5585714285714286 0.01 0.015714285714285715 0.02
6 0.5796428571428571 0.010952380952380953 0.015 0.021904761904761906
8 0.5996428571428571 0.010476190476190476 0.016428571428571428 0.02095238095238095
8 0.6185714285714285 0.008571428571428572 0.014285714285714285 0.017142857142857144
8 0.6378571428571429 0.010952380952380953 0.015714285714285715 0.021904761904761906
6 0.6582142857142858 0.01 0.013571428571428571 0.02
6 0.6846428571428571 0.007619047619047619 0.03642857142857143 0.015238095238095238
7 0.6317857142857143 0.043333333333333335 0.02214285714285714 0.03333333333333333
7 0.5553571428571429 0.047619047619047616 0.029285714285714286 0.03238095238095238
7 0.6532142857142857 0.043333333333333335 0.019285714285714285 0.029523809523809525
7 0.6685714285714286 0.027142857142857142 0.018571428571428572 0.025714285714285714
6 0.5860714285714286 0.048095238095238094 0.016428571428571428 0.023809523809523808
6 0.5878571428571429 0.030952380952380953 0.017142857142857144 0.029523809523809525
6 0.7014285714285714 0.02666666666666667 0.03571428571428571 0.022857142857142857
6 0.7017857142857142 0.04619047619047619 0.023571428571428573 0.021904761904761906
6 0.7260714285714286 0.0419047619047619 0.020714285714285713 0.030476190476190476
1 0.515 0.04523809523809524 0.008571428571428572 0.02
7 0.5992857142857143 0.09857142857142857 0.022857142857142857 0.039047619047619046
7 0.56 0.15666666666666668 0.041428571428571426 0.04857142857142857
6 0.6271428571428571 0.0980952380952381 0.02142857142857143 0.03428571428571429
6 0.6532142857142857 0.10095238095238095 0.02214285714285714 0.03238095238095238
6 0.6196428571428572 0.08333333333333333 0.019285714285714285 0.021904761904761906
6 0.6685714285714286 0.07523809523809524 0.022857142857142857 0.030476190476190476
6 0.6828571428571428 0.09666666666666666 0.025714285714285714 0.037142857142857144
6 0.6985714285714286 0.07571428571428572 0.025714285714285714 0.023809523809523808
6 0.7117857142857142 0.09333333333333334 0.027857142857142858 0.03428571428571429
6 0.7328571428571429 0.06952380952380953 0.03428571428571429 0.01904761904761905
6 0.7439285714285714 0.07238095238095238 0.035 0.013333333333333334
6 0.7614285714285715 0.08523809523809524 0.045714285714285714 0.021904761904761906
6 0.7646428571428572 0.10238095238095238 0.045 0.02761904761904762
0 0.8139285714285714 0.035238095238095235 0.039285714285714285 0.05714285714285714
1 0.8453571428571428 0.09523809523809523 0.009285714285714286 0.02857142857142857
1 0.8414285714285714 0.08904761904761904 0.007142857142857143 0.03142857142857143
8 0.5560714285714285 0.42523809523809525 0.14357142857142857 0.1438095238095238
6 0.5725 0.5247619047619048 0.12928571428571428 0.08571428571428572
6 0.37464285714285717 0.5761904761904761 0.12357142857142857 0.08190476190476191
1 0.5014285714285714 0.6876190476190476 0.02 0.05333333333333334
1 0.4064285714285714 0.8080952380952381 0.02 0.058095238095238096
7 0.5214285714285715 0.8938095238095238 0.15571428571428572 0.16285714285714287
7 0.6757142857142857 0.8161904761904762 0.14857142857142858 0.13333333333333333
6 0.9 0.8023809523809524 0.16714285714285715 0.11142857142857143
9 0.8057142857142857 0.5404761904761904 0.054285714285714284 0.05238095238095238
6 0.9232142857142858 0.2895238095238095 0.05071428571428571 0.06857142857142857
8 0.9082142857142858 0.36238095238095236 0.11785714285714285 0.054285714285714284
11 0.12571428571428572 0.809047619047619 0.25142857142857145 0.38
7 0.6453571428571429 0.15904761904761905 0.030714285714285715 0.05904761904761905