6 0.205 0.6085714285714285 0.06857142857142857 0.045714285714285714
6 0.45 0.7061904761904761 0.07857142857142857 0.054285714285714284
6 0.5010714285714286 0.6738095238095239 0.07642857142857143 0.05619047619047619
6 0.6842857142857143 0.7747619047619048 0.08857142857142856 0.058095238095238096
6 0.6785714285714286 0.7161904761904762 0.08285714285714285 0.05904761904761905
6 0.8332142857142857 0.758095238095238 0.09785714285714285 0.06095238095238095
6 0.9389285714285714 0.8404761904761905 0.10785714285714286 0.07142857142857142
6 0.6082142857142857 0.3271428571428571 0.03642857142857143 0.03142857142857143
6 0.4039285714285714 0.3780952380952381 0.04642857142857143 0.03619047619047619
6 0.3625 0.37523809523809526 0.045 0.03428571428571429
6 0.4542857142857143 0.3514285714285714 0.041428571428571426 0.030476190476190476
6 0.8371428571428572 0.19285714285714287 0.024285714285714285 0.021904761904761906
6 0.7817857142857143 0.21666666666666667 0.025 0.023809523809523808
6 0.5078571428571429 0.32904761904761903 0.03857142857142857 0.03333333333333333
6 0.5696428571428571 0.30666666666666664 0.03785714285714286 0.02857142857142857
6 0.6092857142857143 0.2876190476190476 0.032857142857142856 0.024761904761904763
6 0.6535714285714286 0.2704761904761905 0.03571428571428571 0.02857142857142857
6 0.6967857142857142 0.2523809523809524 0.03214285714285714 0.024761904761904763
6 0.7410714285714286 0.2361904761904762 0.03785714285714286 0.02666666666666667
6 0.7532142857142857 0.21285714285714286 0.030714285714285715 0.029523809523809525
6 0.6785714285714286 0.24142857142857144 0.03142857142857143 0.029523809523809525
6 0.6442857142857142 0.25666666666666665 0.02857142857142857 0.025714285714285714
6 0.6010714285714286 0.2752380952380952 0.03642857142857143 0.02857142857142857
6 0.5632142857142857 0.29333333333333333 0.03214285714285714 0.030476190476190476
6 0.5260714285714285 0.3057142857142857 0.03642857142857143 0.02666666666666667
6 0.47214285714285714 0.3219047619047619 0.041428571428571426 0.03428571428571429
6 0.4175 0.3466666666666667 0.039285714285714285 0.03238095238095238
6 0.7075 0.29714285714285715 0.02642857142857143 0.022857142857142857
6 0.5471428571428572 0.3757142857142857 0.041428571428571426 0.035238095238095235
2 0.5128571428571429 0.6057142857142858 0.03 0.017142857142857144
2 0.45821428571428574 0.5695238095238095 0.030714285714285715 0.030476190476190476
2 0.29285714285714287 0.5514285714285714 0.027142857142857142 0.022857142857142857
2 0.6407142857142857 0.5785714285714286 0.025714285714285714 0.02
2 0.6253571428571428 0.5533333333333333 0.02214285714285714 0.022857142857142857
4 0.2953571428571429 0.5404761904761904 0.012142857142857143 0.025714285714285714
4 0.45714285714285713 0.5604761904761905 0.015714285714285715 0.02761904761904762
4 0.5132142857142857 0.6009523809523809 0.015 0.022857142857142857
4 0.6253571428571428 0.5452380952380952 0.013571428571428571 0.02
4 0.6403571428571428 0.5695238095238095 0.009285714285714286 0.02095238095238095
4 0.6457142857142857 0.57 0.012857142857142857 0.02
6 0.7064285714285714 0.8942857142857142 0.10714285714285714 0.08190476190476191
6 0.9742857142857143 0.7928571428571428 0.05142857142857143 0.054285714285714284
0 0.1992857142857143 0.37952380952380954 0.018571428571428572 0.018095238095238095