0 0.2025 0.043666666666666666 0.036 0.019333333333333334
0 0.2495 0.12 0.054 0.030666666666666665
6 0.4075 0.5726666666666667 0.031 0.036
6 0.3835 0.578 0.031 0.036
6 0.3575 0.5956666666666667 0.031 0.038
6 0.33675 0.608 0.0275 0.037333333333333336
6 0.441 0.55 0.031 0.03333333333333333
6 0.46825 0.5406666666666666 0.0225 0.030666666666666665
0 0.31975 0.758 0.0295 0.04133333333333333
0 0.3395 0.791 0.035 0.05
0 0.30225 0.8126666666666666 0.0375 0.06266666666666666
0 0.2555 0.8336666666666667 0.058 0.09133333333333334
0 0.19125 0.8726666666666667 0.0635 0.07466666666666667
0 0.13 0.9183333333333333 0.057 0.059333333333333335
0 0.07125 0.954 0.0605 0.08533333333333333
6 0.90225 0.8913333333333333 0.0395 0.06933333333333333
6 0.87425 0.9283333333333333 0.0385 0.07
6 0.8425 0.9576666666666667 0.051 0.07133333333333333
6 0.82325 0.982 0.0405 0.036
5 0.39325 0.8096666666666666 0.0175 0.020666666666666667
5 0.485 0.8 0.014 0.018666666666666668
5 0.48 0.7933333333333333 0.016 0.018666666666666668
5 0.46525 0.7743333333333333 0.0155 0.018
5 0.4515 0.754 0.015 0.018666666666666668
5 0.4495 0.7476666666666667 0.015 0.018
5 0.4435 0.7426666666666667 0.014 0.018666666666666668
5 0.363 0.719 0.011 0.016666666666666666
1 0.3665 0.711 0.007 0.019333333333333334
5 0.35 0.727 0.012 0.015333333333333332
5 0.3505 0.7416666666666667 0.016 0.018
5 0.35725 0.745 0.0155 0.019333333333333334
5 0.3645 0.7643333333333333 0.016 0.019333333333333334
5 0.3625 0.759 0.014 0.022
5 0.3565 0.7533333333333333 0.014 0.017333333333333333