2 0.607 0.8623333333333333 0.024 0.04066666666666666
4 0.62275 0.904 0.0165 0.029333333333333333
1 0.55375 0.8396666666666667 0.0105 0.04466666666666667
1 0.543 0.8386666666666667 0.011 0.04666666666666667
1 0.531 0.822 0.014 0.052
8 0.5745 0.7483333333333333 0.038 0.07533333333333334
7 0.4545 0.7756666666666666 0.032 0.062
1 0.555 0.6843333333333333 0.008 0.03133333333333333
1 0.54025 0.6976666666666667 0.0085 0.03266666666666666
1 0.54 0.688 0.008 0.032
1 0.5515 0.6483333333333333 0.007 0.023333333333333334
1 0.56375 0.668 0.0055 0.021333333333333333
8 0.57075 0.6916666666666667 0.0265 0.048666666666666664
8 0.61125 0.6196666666666667 0.0385 0.086
8 0.61875 0.56 0.0505 0.042666666666666665
1 0.551 0.5973333333333334 0.005 0.021333333333333333
7 0.62625 0.5333333333333333 0.0325 0.021333333333333333
7 0.62025 0.516 0.0245 0.018666666666666668
6 0.60025 0.5433333333333333 0.0275 0.017333333333333333
6 0.65575 0.5223333333333333 0.0275 0.014
6 0.662 0.542 0.032 0.012
2 0.58275 0.5486666666666666 0.0145 0.010666666666666666
10 0.55775 0.5886666666666667 0.0105 0.03333333333333333
1 0.57075 0.5736666666666667 0.0045 0.020666666666666667
8 0.43775 0.714 0.0665 0.06
6 0.478 0.635 0.026 0.04066666666666666
1 0.50325 0.6 0.0055 0.021333333333333333
2 0.499 0.64 0.007 0.02
4 0.49925 0.6336666666666667 0.0075 0.024666666666666667
2 0.511 0.638 0.007 0.021333333333333333
4 0.5115 0.632 0.006 0.021333333333333333
1 0.48475 0.558 0.0045 0.017333333333333333
6 0.491 0.5493333333333333 0.015 0.021333333333333333
1 0.52925 0.5513333333333333 0.0045 0.018666666666666668
9 0.52575 0.609 0.0155 0.020666666666666667
4 0.52275 0.6023333333333334 0.0055 0.015333333333333332
1 0.53625 0.553 0.0045 0.018
1 0.5405 0.5523333333333333 0.005 0.020666666666666667
5 0.53125 0.586 0.0035 0.014666666666666666
4 0.5315 0.582 0.005 0.016
6 0.4955 0.537 0.013 0.018
6 0.49525 0.5226666666666666 0.0125 0.016
6 0.49675 0.5096666666666667 0.0115 0.016666666666666666
1 0.503 0.506 0.003 0.013333333333333334
1 0.5055 0.49966666666666665 0.004 0.012666666666666666
7 0.51425 0.5063333333333333 0.0135 0.016666666666666666
6 0.52175 0.5353333333333333 0.0135 0.016
9 0.50825 0.5236666666666666 0.0075 0.014
4 0.5085 0.5203333333333333 0.003 0.011333333333333334
6 0.55375 0.5376666666666666 0.0185 0.015333333333333332
1 0.55325 0.5246666666666666 0.0035 0.017333333333333333
2 0.5345 0.5303333333333333 0.004 0.011333333333333334
4 0.535 0.528 0.005 0.014666666666666666
2 0.52975 0.5186666666666667 0.0055 0.010666666666666666
1 0.53175 0.5096666666666667 0.0045 0.014
1 0.5355 0.5133333333333333 0.004 0.012
1 0.5245 0.505 0.003 0.012666666666666666
9 0.547 0.5153333333333333 0.017 0.017333333333333333
6 0.52225 0.44733333333333336 0.0135 0.008
1 0.51725 0.44566666666666666 0.0025 0.008666666666666666
0 0.52075 0.4723333333333333 0.0455 0.04466666666666667
0 0.615 0.4836666666666667 0.015 0.011333333333333334
6 0.597 0.483 0.017 0.015333333333333332
6 0.569 0.468 0.008 0.010666666666666666
5 0.58525 0.4666666666666667 0.0025 0.006666666666666667
0 0.61025 0.49533333333333335 0.0125 0.012
1 0.6005 0.47333333333333333 0.004 0.009333333333333334
6 0.476 0.4493333333333333 0.015 0.008