1 0.735 0.9514285714285714 0.03857142857142857 0.09714285714285714
6 0.10892857142857143 0.72 0.21785714285714286 0.13523809523809524
6 0.39 0.719047619047619 0.24 0.13523809523809524
6 0.8878571428571429 0.7623809523809524 0.22428571428571428 0.16095238095238096
6 0.9403571428571429 0.4142857142857143 0.11214285714285714 0.06857142857142857
6 0.8532142857142857 0.36238095238095236 0.08785714285714286 0.054285714285714284
6 0.54 0.4361904761904762 0.11142857142857143 0.06666666666666667
6 0.5775 0.3495238095238095 0.095 0.045714285714285714
6 0.5825 0.37714285714285717 0.10928571428571429 0.049523809523809526
6 0.5721428571428572 0.4004761904761905 0.11142857142857143 0.06380952380952382
6 0.3610714285714286 0.12523809523809523 0.025 0.01619047619047619
6 0.4017857142857143 0.12285714285714286 0.017857142857142856 0.015238095238095238
6 0.44571428571428573 0.1419047619047619 0.032857142857142856 0.01904761904761905
6 0.4575 0.14952380952380953 0.035 0.02095238095238095
6 0.4664285714285714 0.15476190476190477 0.03142857142857143 0.02
6 0.38607142857142857 0.49238095238095236 0.12071428571428572 0.08190476190476191
6 0.22892857142857143 0.48523809523809525 0.11642857142857142 0.09047619047619047