1 0.23642857142857143 0.4357142857142857 0.015714285714285715 0.04857142857142857
1 0.2542857142857143 0.43761904761904763 0.011428571428571429 0.04285714285714286
1 0.2625 0.4380952380952381 0.012142857142857143 0.045714285714285714
3 0.13642857142857143 0.3261904761904762 0.08142857142857143 0.05047619047619047
8 0.09821428571428571 0.26 0.052142857142857144 0.03238095238095238
8 0.1357142857142857 0.26142857142857145 0.03428571428571429 0.03142857142857143
8 0.19785714285714287 0.25523809523809526 0.02142857142857143 0.024761904761904763
8 0.23392857142857143 0.25333333333333335 0.017857142857142856 0.022857142857142857
0 0.2842857142857143 0.2733333333333333 0.032857142857142856 0.009523809523809525
0 0.3292857142857143 0.5604761904761905 0.05 0.03333333333333333
0 0.33714285714285713 0.5385714285714286 0.04 0.029523809523809525
0 0.34785714285714286 0.5214285714285715 0.032857142857142856 0.03142857142857143
5 0.35964285714285715 0.5066666666666667 0.03642857142857143 0.03428571428571429
5 0.42892857142857144 0.6085714285714285 0.047857142857142855 0.030476190476190476
5 0.4317857142857143 0.569047619047619 0.04357142857142857 0.023809523809523808
5 0.44357142857142856 0.5333333333333333 0.03857142857142857 0.0380952380952381
2 0.4382142857142857 0.508095238095238 0.039285714285714285 0.03333333333333333
2 0.4525 0.4419047619047619 0.029285714285714286 0.02666666666666667
2 0.45607142857142857 0.4085714285714286 0.029285714285714286 0.024761904761904763
1 0.4810714285714286 0.3547619047619048 0.007857142857142858 0.023809523809523808
1 0.49607142857142855 0.36238095238095236 0.007857142857142858 0.023809523809523808
1 0.5164285714285715 0.35619047619047617 0.007142857142857143 0.02666666666666667
1 0.52 0.3585714285714286 0.005714285714285714 0.023809523809523808
1 0.5292857142857142 0.35428571428571426 0.007142857142857143 0.024761904761904763
1 0.5417857142857143 0.3252380952380952 0.005 0.018095238095238095
1 0.5353571428571429 0.4714285714285714 0.015 0.047619047619047616
1 0.5746428571428571 0.4638095238095238 0.009285714285714286 0.04380952380952381
1 0.5907142857142857 0.4638095238095238 0.008571428571428572 0.04380952380952381
1 0.6085714285714285 0.5238095238095238 0.011428571428571429 0.05333333333333334
1 0.625 0.51 0.012857142857142857 0.058095238095238096
1 0.6528571428571428 0.5242857142857142 0.015714285714285715 0.054285714285714284
1 0.6782142857142858 0.54 0.015 0.05523809523809524
1 0.6685714285714286 0.508095238095238 0.01 0.04666666666666667
1 0.6778571428571428 0.508095238095238 0.012857142857142857 0.04285714285714286
1 0.6589285714285714 0.4990476190476191 0.012142857142857143 0.049523809523809526
1 0.6542857142857142 0.48142857142857143 0.014285714285714285 0.04666666666666667
1 0.6628571428571428 0.4719047619047619 0.008571428571428572 0.04857142857142857
1 0.6396428571428572 0.44333333333333336 0.016428571428571428 0.037142857142857144
2 0.6192857142857143 0.43761904761904763 0.01 0.02761904761904762
2 0.5792857142857143 0.3757142857142857 0.02 0.021904761904761906
6 0.5217857142857143 0.30904761904761907 0.030714285714285715 0.01619047619047619
8 0.5221428571428571 0.29714285714285715 0.04 0.01904761904761905
6 0.45607142857142857 0.2976190476190476 0.027857142857142858 0.012380952380952381