6 0.09675 0.794 0.1235 0.22133333333333333
4 0.2825 0.5886666666666667 0.023 0.050666666666666665
4 0.28575 0.5656666666666667 0.0135 0.035333333333333335
9 0.28725 0.593 0.0325 0.078
6 0.68075 0.52 0.0675 0.09733333333333333
6 0.78525 0.5213333333333333 0.0805 0.09866666666666667
6 0.96425 0.5233333333333333 0.0715 0.12
1 0.995 0.39166666666666666 0.01 0.028666666666666667
7 0.9075 0.423 0.08 0.07533333333333334
6 0.835 0.424 0.061 0.072
6 0.84225 0.35033333333333333 0.0475 0.056666666666666664
5 0.22375 0.30866666666666664 0.0145 0.028
1 0.2355 0.2956666666666667 0.014 0.03933333333333333
1 0.25325 0.29133333333333333 0.0115 0.03866666666666667
1 0.24625 0.276 0.0115 0.037333333333333336
7 0.254 0.007 0.016 0.014
6 0.2775 0.337 0.051 0.07666666666666666
7 0.299 0.2783333333333333 0.04 0.07133333333333333
1 0.3505 0.261 0.01 0.03933333333333333
6 0.3415 0.174 0.029 0.04
6 0.41725 0.07533333333333334 0.0185 0.02666666666666667
6 0.36475 0.12166666666666667 0.0235 0.028666666666666667
6 0.37675 0.08966666666666667 0.0205 0.026
6 0.383 0.07133333333333333 0.022 0.028
6 0.3895 0.061 0.018 0.024666666666666667
6 0.39675 0.038 0.0165 0.021333333333333333
6 0.40075 0.029 0.0155 0.020666666666666667
6 0.40375 0.02 0.0155 0.018666666666666668
6 0.408 0.010666666666666666 0.015 0.018666666666666668
6 0.47625 0.013 0.0155 0.023333333333333334
4 0.83575 0.49233333333333335 0.0225 0.04066666666666666
2 0.8325 0.502 0.027 0.06533333333333333
2 0.96125 0.335 0.0335 0.026
2 0.93525 0.29933333333333334 0.0325 0.028
6 0.805 0.30866666666666664 0.045 0.052
6 0.77575 0.27366666666666667 0.0485 0.04466666666666667
2 0.91175 0.212 0.0245 0.024
6 0.83775 0.24966666666666668 0.0765 0.046
6 0.83 0.21866666666666668 0.075 0.03866666666666667
6 0.64175 0.195 0.0345 0.03933333333333333
6 0.73575 0.19433333333333333 0.0355 0.03933333333333333
6 0.698 0.14833333333333334 0.034 0.03133333333333333
6 0.6865 0.12666666666666668 0.028 0.028
7 0.67825 0.107 0.0275 0.034
6 0.552 0.08633333333333333 0.02 0.024666666666666667
11 0.5745 0.03966666666666667 0.032 0.05533333333333333
1 0.61975 0.007333333333333333 0.0055 0.014666666666666666
4 0.612 0.07533333333333334 0.007 0.014666666666666666
2 0.6125 0.08133333333333333 0.008 0.017333333333333333
6 0.6595 0.095 0.032 0.028666666666666667
6 0.65325 0.085 0.0355 0.023333333333333334
6 0.65225 0.074 0.0245 0.021333333333333333
7 0.639 0.059 0.02 0.024666666666666667
7 0.6325 0.05 0.016 0.02266666666666667
6 0.60325 0.011 0.0165 0.015333333333333332
6 0.5975 0.005333333333333333 0.014 0.010666666666666666
4 0.5835 0.008 0.004 0.012
4 0.5835 0.008333333333333333 0.006 0.011333333333333334
2 0.58325 0.012333333333333333 0.0065 0.012666666666666666
1 0.59975 0.015666666666666666 0.0045 0.012666666666666666
4 0.5985 0.023666666666666666 0.006 0.015333333333333332
2 0.5985 0.024333333333333332 0.006 0.018
6 0.61925 0.037 0.0215 0.022
1 0.62025 0.04066666666666666 0.0045 0.02
1 0.617 0.041 0.005 0.020666666666666667
1 0.61075 0.04133333333333333 0.0045 0.02
1 0.61225 0.039 0.0045 0.020666666666666667
7 0.8495 0.18833333333333332 0.064 0.042
7 0.833 0.179 0.067 0.042
6 0.8255 0.167 0.052 0.027333333333333334
7 0.8105 0.15533333333333332 0.061 0.037333333333333336
7 0.794 0.14633333333333334 0.051 0.03666666666666667
8 0.7825 0.13466666666666666 0.055 0.034666666666666665
8 0.762 0.11566666666666667 0.053 0.03266666666666666
6 0.74675 0.10133333333333333 0.0495 0.025333333333333333
6 0.7365 0.09266666666666666 0.043 0.024
6 0.732 0.086 0.045 0.021333333333333333
7 0.727 0.07733333333333334 0.046 0.028
6 0.71375 0.06966666666666667 0.0405 0.020666666666666667
7 0.704 0.059666666666666666 0.031 0.026
7 0.706 0.051666666666666666 0.046 0.028666666666666667
6 0.69475 0.049 0.0355 0.022
7 0.68625 0.043666666666666666 0.0335 0.024666666666666667
7 0.68425 0.034 0.0305 0.02266666666666667
6 0.68375 0.039 0.0305 0.019333333333333334
0 0.7255 0.003 0.03 0.006
2 0.97425 0.16366666666666665 0.0185 0.018
2 0.96175 0.16266666666666665 0.0195 0.021333333333333333
2 0.9445 0.14866666666666667 0.01 0.02
2 0.931 0.136 0.015 0.02
2 0.906 0.158 0.017 0.024
2 0.907 0.146 0.021 0.017333333333333333
5 0.91375 0.144 0.0155 0.021333333333333333
5 0.904 0.11166666666666666 0.01 0.019333333333333334
6 0.86625 0.11966666666666667 0.0525 0.03133333333333333
6 0.8545 0.10866666666666666 0.051 0.029333333333333333
7 0.83475 0.08966666666666667 0.0555 0.034
1 0.823 0.058666666666666666 0.003 0.018666666666666668
1 0.82675 0.064 0.0065 0.02
8 0.805 0.06666666666666667 0.045 0.02666666666666667
7 0.802 0.06 0.037 0.025333333333333333