6 0.7210714285714286 0.8728571428571429 0.14214285714285715 0.2542857142857143
6 0.41964285714285715 0.8776190476190476 0.16357142857142856 0.24476190476190476
6 0.08285714285714285 0.4980952380952381 0.1657142857142857 0.10476190476190476
7 0.6646428571428571 0.3761904761904762 0.052142857142857144 0.12
6 0.4953571428571429 0.4742857142857143 0.06785714285714285 0.10476190476190476
6 0.4135714285714286 0.4680952380952381 0.08142857142857143 0.12857142857142856
6 0.2125 0.35523809523809524 0.125 0.08
6 0.45035714285714284 0.36142857142857143 0.062142857142857146 0.10952380952380952
6 0.2375 0.319047619047619 0.11642857142857142 0.0761904761904762
6 0.2875 0.27380952380952384 0.10214285714285715 0.07333333333333333
6 0.3842857142857143 0.24 0.07857142857142857 0.05142857142857143
6 0.5389285714285714 0.29428571428571426 0.05357142857142857 0.07047619047619047
6 0.5596428571428571 0.22285714285714286 0.04642857142857143 0.05714285714285714
6 0.6792857142857143 0.22095238095238096 0.041428571428571426 0.05714285714285714
6 0.36178571428571427 0.21571428571428572 0.06785714285714285 0.039047619047619046
6 0.3807142857142857 0.18714285714285714 0.08714285714285715 0.04285714285714286
6 0.51 0.2319047619047619 0.05285714285714286 0.07904761904761905
2 0.8953571428571429 0.5923809523809523 0.065 0.06285714285714286
6 0.5203571428571429 0.1819047619047619 0.029285714285714286 0.047619047619047616
6 0.5207142857142857 0.15714285714285714 0.03 0.024761904761904763
6 0.5289285714285714 0.13095238095238096 0.02642857142857143 0.035238095238095235
6 0.5582142857142857 0.12714285714285714 0.029285714285714286 0.037142857142857144
6 0.5671428571428572 0.18571428571428572 0.03142857142857143 0.049523809523809526
6 0.5207142857142857 0.0838095238095238 0.022857142857142857 0.02857142857142857
6 0.5214285714285715 0.04666666666666667 0.02 0.024761904761904763
6 0.47285714285714286 0.06666666666666667 0.018571428571428572 0.02857142857142857
7 0.4685714285714286 0.08619047619047619 0.018571428571428572 0.03333333333333333
6 0.4632142857142857 0.10904761904761905 0.023571428571428573 0.03333333333333333
6 0.4592857142857143 0.14523809523809525 0.03142857142857143 0.04666666666666667
6 0.7157142857142857 0.19380952380952382 0.06142857142857143 0.039047619047619046
6 0.7139285714285715 0.17761904761904762 0.05785714285714286 0.040952380952380955
6 0.7060714285714286 0.16952380952380952 0.06785714285714285 0.04380952380952381
6 0.69 0.16 0.07428571428571429 0.03619047619047619
6 0.6910714285714286 0.14523809523809525 0.06928571428571428 0.039047619047619046
6 0.6653571428571429 0.11761904761904762 0.06357142857142857 0.02761904761904762
6 0.6542857142857142 0.10809523809523809 0.05714285714285714 0.029523809523809525
6 0.6535714285714286 0.10523809523809524 0.05142857142857143 0.029523809523809525
6 0.6396428571428572 0.08476190476190476 0.04928571428571429 0.024761904761904763
6 0.6253571428571428 0.0761904761904762 0.04357142857142857 0.02095238095238095
6 0.6242857142857143 0.06952380952380953 0.05 0.02857142857142857
6 0.6139285714285714 0.05523809523809524 0.03785714285714286 0.01904761904761905
6 0.6060714285714286 0.04666666666666667 0.04357142857142857 0.02095238095238095
6 0.5964285714285714 0.03571428571428571 0.03571428571428571 0.01619047619047619
6 0.5935714285714285 0.04380952380952381 0.032857142857142856 0.01904761904761905
0 0.49107142857142855 0.03619047619047619 0.016428571428571428 0.022857142857142857
5 0.8275 0.7966666666666666 0.04357142857142857 0.10761904761904761
5 0.9182142857142858 0.77 0.06928571428571428 0.0980952380952381
5 0.9328571428571428 0.7623809523809524 0.07571428571428572 0.08285714285714285
2 0.9621428571428572 0.7571428571428571 0.07571428571428572 0.10666666666666667