6 0.02642857142857143 0.82 0.041428571428571426 0.17333333333333334
6 0.08714285714285715 0.5471428571428572 0.037142857142857144 0.11904761904761904
6 0.09821428571428571 0.2980952380952381 0.03357142857142857 0.0838095238095238
6 0.11464285714285714 0.09952380952380953 0.025 0.06190476190476191
6 0.3142857142857143 0.17761904761904762 0.024285714285714285 0.05047619047619047
6 0.3192857142857143 0.23142857142857143 0.027142857142857142 0.05714285714285714
6 0.30142857142857143 0.11238095238095239 0.02 0.0419047619047619
6 0.2957142857142857 0.0680952380952381 0.02 0.03142857142857143
6 0.3392857142857143 0.3628571428571429 0.032857142857142856 0.07809523809523809
6 0.3514285714285714 0.4614285714285714 0.03142857142857143 0.08476190476190476
1 0.2910714285714286 0.5276190476190477 0.009285714285714286 0.03428571428571429
1 0.16285714285714287 0.590952380952381 0.011428571428571429 0.02761904761904762
1 0.16285714285714287 0.7404761904761905 0.02 0.03142857142857143
6 0.375 0.5861904761904762 0.047142857142857146 0.08857142857142856
1 0.39285714285714285 0.009047619047619047 0.004285714285714286 0.014285714285714285
1 0.38107142857142856 0.009523809523809525 0.005 0.015238095238095238
1 0.42 0.08095238095238096 0.007142857142857143 0.022857142857142857
1 0.41285714285714287 0.08571428571428572 0.004285714285714286 0.022857142857142857
1 0.4592857142857143 0.08523809523809524 0.005714285714285714 0.023809523809523808
2 0.44607142857142856 0.040952380952380955 0.009285714285714286 0.02857142857142857
2 0.4789285714285714 0.19904761904761906 0.009285714285714286 0.030476190476190476
1 0.5003571428571428 0.21285714285714286 0.0035714285714285713 0.021904761904761906
4 0.4789285714285714 0.19476190476190477 0.007857142857142858 0.02
6 0.3510714285714286 0.01904761904761905 0.03642857142857143 0.03238095238095238
6 0.36142857142857143 0.03666666666666667 0.045714285714285714 0.025714285714285714
1 0.4007142857142857 0.008095238095238095 0.004285714285714286 0.012380952380952381
7 0.3692857142857143 0.05857142857142857 0.04428571428571428 0.040952380952380955
7 0.4 0.15333333333333332 0.05 0.0419047619047619
6 0.38142857142857145 0.07714285714285714 0.05 0.0380952380952381
6 0.38821428571428573 0.10333333333333333 0.047857142857142855 0.04476190476190476
6 0.3875 0.13095238095238096 0.045 0.039047619047619046
6 0.3975 0.18714285714285714 0.05357142857142857 0.04285714285714286
6 0.41714285714285715 0.20857142857142857 0.055714285714285716 0.045714285714285714
6 0.4135714285714286 0.24285714285714285 0.05285714285714286 0.05333333333333334
6 0.43535714285714283 0.36904761904761907 0.06642857142857143 0.06190476190476191
8 0.43214285714285716 0.30428571428571427 0.06714285714285714 0.06571428571428571
6 0.48678571428571427 0.2671428571428571 0.03642857142857143 0.06190476190476191
6 0.44142857142857145 0.42095238095238097 0.06285714285714286 0.04
6 0.4564285714285714 0.4638095238095238 0.07 0.045714285714285714
6 0.4853571428571429 0.5066666666666667 0.07785714285714286 0.05142857142857143
6 0.5003571428571428 0.550952380952381 0.07642857142857143 0.06380952380952382
6 0.5128571428571429 0.6076190476190476 0.07857142857142857 0.06666666666666667
6 0.5271428571428571 0.6638095238095238 0.08142857142857143 0.06285714285714286
6 0.5378571428571428 0.7261904761904762 0.08857142857142856 0.06190476190476191
6 0.5564285714285714 0.7857142857142857 0.08428571428571428 0.08190476190476191
1 0.5785714285714286 0.4723809523809524 0.01 0.03619047619047619
1 0.5907142857142857 0.4552380952380952 0.008571428571428572 0.03238095238095238
1 0.5632142857142857 0.5995238095238096 0.005 0.023809523809523808
1 0.5767857142857142 0.62 0.005 0.030476190476190476
1 0.6992857142857143 0.8642857142857143 0.01 0.040952380952380955
1 0.7167857142857142 0.8676190476190476 0.010714285714285714 0.047619047619047616
6 0.585 0.8519047619047619 0.08 0.08476190476190476
6 0.6003571428571428 0.9204761904761904 0.08642857142857142 0.09619047619047619
6 0.7135714285714285 0.6819047619047619 0.08 0.06285714285714286
6 0.6710714285714285 0.5695238095238095 0.07357142857142857 0.05714285714285714
6 0.6532142857142857 0.5219047619047619 0.08071428571428571 0.045714285714285714
6 0.6421428571428571 0.4657142857142857 0.06285714285714286 0.06285714285714286
6 0.6228571428571429 0.38333333333333336 0.06857142857142857 0.058095238095238096
1 0.6967857142857142 0.6014285714285714 0.0064285714285714285 0.021904761904761906