0 0.115 0.25666666666666665 0.024285714285714285 0.01619047619047619
0 0.13642857142857143 0.24571428571428572 0.02 0.007619047619047619
7 0.21142857142857144 0.30523809523809525 0.007142857142857143 0.010476190476190476
7 0.17857142857142858 0.31047619047619046 0.011428571428571429 0.011428571428571429
7 0.13035714285714287 0.2823809523809524 0.0035714285714285713 0.002857142857142857
7 0.14285714285714285 0.28809523809523807 0.004285714285714286 0.004761904761904762
7 0.165 0.3028571428571429 0.005714285714285714 0.009523809523809525
7 0.1442857142857143 0.29619047619047617 0.004285714285714286 0.007619047619047619
6 0.1792857142857143 0.29428571428571426 0.002857142857142857 0.0038095238095238095
6 0.17214285714285715 0.2919047619047619 0.002857142857142857 0.002857142857142857
6 0.23 0.33 0.005714285714285714 0.004761904761904762
6 0.2382142857142857 0.34095238095238095 0.005 0.005714285714285714
6 0.2646428571428571 0.3476190476190476 0.0064285714285714285 0.005714285714285714
6 0.29285714285714287 0.3638095238095238 0.007142857142857143 0.007619047619047619
7 0.3367857142857143 0.3680952380952381 0.007857142857142858 0.004761904761904762
7 0.24357142857142858 0.32761904761904764 0.004285714285714286 0.005714285714285714
7 0.27464285714285713 0.37714285714285717 0.016428571428571428 0.01904761904761905
7 0.32607142857142857 0.4004761904761905 0.010714285714285714 0.014285714285714285
7 0.03892857142857143 0.7547619047619047 0.025 0.040952380952380955
6 0.9753571428571428 0.6580952380952381 0.03642857142857143 0.02666666666666667
6 0.9771428571428571 0.6471428571428571 0.03571428571428571 0.021904761904761906
7 0.9821428571428571 0.6242857142857143 0.03571428571428571 0.02761904761904762
7 0.095 0.26904761904761904 0.02857142857142857 0.014285714285714285
6 0.5639285714285714 0.5042857142857143 0.020714285714285713 0.014285714285714285
7 0.4114285714285714 0.4580952380952381 0.041428571428571426 0.04
7 0.4107142857142857 0.43714285714285717 0.055714285714285716 0.05142857142857143
6 0.8175 0.5661904761904762 0.012142857142857143 0.01619047619047619
11 0.8464285714285714 0.5457142857142857 0.03 0.04380952380952381
7 0.9146428571428571 0.45095238095238094 0.012142857142857143 0.018095238095238095
1 0.9 0.4990476190476191 0.002857142857142857 0.009523809523809525
6 0.8003571428571429 0.45380952380952383 0.010714285714285714 0.012380952380952381
7 0.76 0.3995238095238095 0.015714285714285715 0.010476190476190476
7 0.9389285714285714 0.46190476190476193 0.02214285714285714 0.03619047619047619
6 0.93 0.4114285714285714 0.007142857142857143 0.007619047619047619
6 0.9725 0.36523809523809525 0.0064285714285714285 0.006666666666666667
1 0.9496428571428571 0.4038095238095238 0.0035714285714285713 0.0038095238095238095
6 0.9853571428571428 0.35285714285714287 0.0035714285714285713 0.006666666666666667
6 0.9889285714285714 0.34285714285714286 0.0035714285714285713 0.005714285714285714
2 0.7867857142857143 0.45380952380952383 0.005 0.008571428571428572
7 0.9435714285714286 0.3976190476190476 0.008571428571428572 0.008571428571428572
7 0.8128571428571428 0.370952380952381 0.014285714285714285 0.010476190476190476
3 0.7982142857142858 0.4795238095238095 0.020714285714285713 0.035238095238095235
6 0.9975 0.3314285714285714 0.002142857142857143 0.005714285714285714
1 0.9746428571428571 0.43476190476190474 0.0035714285714285713 0.008571428571428572