7 0.09178571428571429 0.02857142857142857 0.03785714285714286 0.05714285714285714
6 0.08714285714285715 0.08952380952380952 0.04285714285714286 0.06476190476190476
6 0.07607142857142857 0.15047619047619049 0.047857142857142855 0.07238095238095238
7 0.062142857142857146 0.21428571428571427 0.05142857142857143 0.09142857142857143
6 0.0475 0.3142857142857143 0.056428571428571425 0.10285714285714286
6 0.11321428571428571 0.34476190476190477 0.05785714285714286 0.11238095238095239
6 0.22178571428571428 0.2642857142857143 0.04642857142857143 0.1019047619047619
1 0.26285714285714284 0.2671428571428571 0.02 0.05619047619047619
1 0.2557142857142857 0.1261904761904762 0.018571428571428572 0.039047619047619046
1 0.26571428571428574 0.11571428571428571 0.017142857142857144 0.040952380952380955
6 0.03 0.44904761904761903 0.06 0.12857142857142856
11 0.3142857142857143 0.01904761904761905 0.045714285714285714 0.0380952380952381
6 0.3539285714285714 0.1976190476190476 0.04357142857142857 0.07904761904761905
7 0.40964285714285714 0.05142857142857143 0.04642857142857143 0.06666666666666667
6 0.4357142857142857 0.10857142857142857 0.041428571428571426 0.05904761904761905
6 0.47285714285714286 0.09857142857142857 0.03857142857142857 0.05619047619047619
6 0.5353571428571429 0.03 0.06785714285714285 0.039047619047619046
6 0.5635714285714286 0.06 0.06571428571428571 0.05142857142857143
6 0.5346428571428572 0.3280952380952381 0.065 0.09619047619047619
6 0.4825 0.44285714285714284 0.056428571428571425 0.11619047619047619
6 0.6225 0.3961904761904762 0.06785714285714285 0.10095238095238095
6 0.6589285714285714 0.33095238095238094 0.07214285714285715 0.10952380952380952
7 0.5607142857142857 0.42 0.06571428571428571 0.10095238095238095
7 0.5825 0.3061904761904762 0.05928571428571429 0.10761904761904761
2 0.6260714285714286 0.13714285714285715 0.04071428571428572 0.045714285714285714
6 0.6525 0.17809523809523808 0.07642857142857143 0.05904761904761905
6 0.6785714285714286 0.21666666666666667 0.07857142857142857 0.05619047619047619
6 0.8457142857142858 0.5119047619047619 0.11428571428571428 0.14952380952380953
6 0.7071428571428572 0.7652380952380953 0.12 0.19523809523809524
6 0.5771428571428572 0.6661904761904762 0.08142857142857143 0.15904761904761905
8 0.6325 0.5714285714285714 0.10928571428571429 0.18095238095238095
1 0.5717857142857142 0.7966666666666666 0.023571428571428573 0.054285714285714284
6 0.023214285714285715 0.5857142857142857 0.04642857142857143 0.12380952380952381
6 0.015357142857142857 0.741904761904762 0.030714285714285715 0.19428571428571428
6 0.012857142857142857 0.9323809523809524 0.025714285714285714 0.13142857142857142
7 0.8203571428571429 0.7738095238095238 0.15928571428571428 0.2276190476190476
2 0.8792857142857143 0.6942857142857143 0.04285714285714286 0.06857142857142857
1 0.8796428571428572 0.6704761904761904 0.02642857142857143 0.03619047619047619
6 0.6878571428571428 0.9419047619047619 0.10571428571428572 0.11619047619047619
6 0.7985714285714286 0.9704761904761905 0.09857142857142857 0.05714285714285714