1 0.16142857142857142 0.3780952380952381 0.025714285714285714 0.05523809523809524
1 0.20142857142857143 0.2619047619047619 0.015714285714285715 0.05142857142857143
6 0.3517857142857143 0.31047619047619046 0.04928571428571429 0.09523809523809523
6 0.36607142857142855 0.2280952380952381 0.045 0.08285714285714285
6 0.29714285714285715 0.28809523809523807 0.06142857142857143 0.10571428571428572
6 0.3242857142857143 0.1880952380952381 0.045714285714285714 0.07333333333333333
6 0.345 0.12476190476190477 0.03857142857142857 0.05904761904761905
6 0.30642857142857144 0.09428571428571429 0.03428571428571429 0.06095238095238095
6 0.35928571428571426 0.07428571428571429 0.03142857142857143 0.0419047619047619
6 0.36714285714285716 0.03380952380952381 0.032857142857142856 0.040952380952380955
7 0.31785714285714284 0.047619047619047616 0.03142857142857143 0.05523809523809524
6 0.5278571428571428 0.023333333333333334 0.03142857142857143 0.04476190476190476
6 0.5760714285714286 0.032857142857142856 0.03357142857142857 0.04285714285714286
6 0.5428571428571428 0.07857142857142857 0.03428571428571429 0.04666666666666667
6 0.5453571428571429 0.13333333333333333 0.04214285714285714 0.05523809523809524
11 0.6207142857142857 0.16714285714285715 0.08571428571428572 0.19333333333333333
6 0.6582142857142858 0.3504761904761905 0.060714285714285714 0.10285714285714286
6 0.5882142857142857 0.08619047619047619 0.027857142857142858 0.040952380952380955
11 0.6385714285714286 0.017142857142857144 0.05 0.03428571428571429
6 0.7260714285714286 0.2280952380952381 0.05071428571428571 0.06571428571428571
6 0.7653571428571428 0.31238095238095237 0.075 0.09142857142857143
6 0.8139285714285714 0.4119047619047619 0.07642857142857143 0.10380952380952381
6 0.7596428571428572 0.4657142857142857 0.08071428571428571 0.1295238095238095
6 0.8732142857142857 0.5804761904761905 0.11214285714285714 0.16857142857142857
6 0.9503571428571429 0.8180952380952381 0.09785714285714285 0.22476190476190477
1 0.5053571428571428 0.49952380952380954 0.02642857142857143 0.06190476190476191
1 0.37357142857142855 0.7038095238095238 0.022857142857142857 0.06285714285714286
1 0.3475 0.6976190476190476 0.023571428571428573 0.06190476190476191
1 0.35892857142857143 0.6390476190476191 0.02214285714285714 0.07047619047619047
6 0.24857142857142858 0.8595238095238096 0.10857142857142857 0.26761904761904765
6 0.33107142857142857 0.44571428571428573 0.08214285714285714 0.15047619047619049
6 0.2671428571428571 0.38571428571428573 0.06142857142857143 0.13142857142857142
5 0.18892857142857142 0.4714285714285714 0.055 0.0380952380952381
5 0.12071428571428572 0.6304761904761905 0.10285714285714286 0.18476190476190477
2 0.01 0.6342857142857142 0.02 0.06476190476190476
2 0.02892857142857143 0.6042857142857143 0.030714285714285715 0.07142857142857142