6 0.005714285714285714 0.15418781725888325 0.005714285714285714 0.006345177664974619
6 0.052142857142857144 0.1713197969543147 0.008571428571428572 0.005076142131979695
7 0.041428571428571426 0.17576142131979697 0.007142857142857143 0.006345177664974619
6 0.053214285714285714 0.18464467005076143 0.007857142857142858 0.006345177664974619
8 0.0925 0.18401015228426396 0.016428571428571428 0.012690355329949238
0 0.07571428571428572 0.17893401015228427 0.002857142857142857 0.005076142131979695
0 0.13071428571428573 0.05964467005076142 0.005714285714285714 0.005076142131979695
7 0.11535714285714285 0.06218274111675127 0.0064285714285714285 0.005076142131979695
6 0.11214285714285714 0.06662436548223351 0.005714285714285714 0.0038071065989847717
6 0.12107142857142857 0.22398477157360405 0.007857142857142858 0.008883248730964468
0 0.07821428571428571 0.24873096446700507 0.009285714285714286 0.012690355329949238
0 0.03357142857142857 0.3762690355329949 0.004285714285714286 0.008883248730964468
1 0.16214285714285714 0.4118020304568528 0.0014285714285714286 0.008883248730964468
1 0.16785714285714284 0.5425126903553299 0.002857142857142857 0.008883248730964468
1 0.1707142857142857 0.5418781725888325 0.002857142857142857 0.01015228426395939
1 0.17214285714285715 0.5399746192893401 0.002857142857142857 0.008883248730964468
1 0.16535714285714287 0.5444162436548223 0.002142857142857143 0.01015228426395939
1 0.06928571428571428 0.6065989847715736 0.002857142857142857 0.01015228426395939
11 0.3982142857142857 0.958756345177665 0.05357142857142857 0.0799492385786802
11 0.39071428571428574 0.9295685279187818 0.04285714285714286 0.09263959390862944
1 0.4060714285714286 0.8895939086294417 0.0035714285714285713 0.02030456852791878
1 0.3792857142857143 0.9111675126903553 0.004285714285714286 0.017766497461928935
11 0.4328571428571429 0.8705583756345178 0.047142857142857146 0.08121827411167512
1 0.4328571428571429 0.8464467005076142 0.002857142857142857 0.015228426395939087
1 0.4496428571428571 0.8274111675126904 0.002142857142857143 0.01015228426395939
1 0.4685714285714286 0.8102791878172588 0.002857142857142857 0.011421319796954314
1 0.455 0.8274111675126904 0.002857142857142857 0.01015228426395939
1 0.45535714285714285 0.8197969543147208 0.0035714285714285713 0.01015228426395939
2 0.43142857142857144 0.7855329949238579 0.008571428571428572 0.012690355329949238
4 0.4317857142857143 0.7848984771573604 0.005 0.008883248730964468
11 0.5035714285714286 0.7944162436548223 0.041428571428571426 0.07614213197969544
11 0.5314285714285715 0.7398477157360406 0.027142857142857142 0.06852791878172589
2 0.5707142857142857 0.9651015228426396 0.004285714285714286 0.01903553299492386
4 0.57 0.9644670050761421 0.004285714285714286 0.012690355329949238
7 0.4732142857142857 0.9511421319796954 0.016428571428571428 0.0266497461928934
7 0.6128571428571429 0.8724619289340102 0.012857142857142857 0.03934010152284264
7 0.47214285714285714 0.9200507614213198 0.02142857142857143 0.030456852791878174
7 0.5146428571428572 0.8426395939086294 0.015 0.030456852791878174
6 0.4967857142857143 0.8883248730964467 0.015 0.025380710659898477
6 0.4760714285714286 0.8934010152284264 0.017857142857142856 0.030456852791878174
6 0.49 0.8534263959390863 0.015714285714285715 0.02918781725888325
6 0.5267857142857143 0.8064720812182741 0.013571428571428571 0.024111675126903553
6 0.5453571428571429 0.7480964467005076 0.012142857142857143 0.024111675126903553
7 0.5364285714285715 0.7766497461928934 0.012857142857142857 0.025380710659898477
11 0.5489285714285714 0.7791878172588832 0.016428571428571428 0.04060913705583756
6 0.6146428571428572 0.7639593908629442 0.012142857142857143 0.025380710659898477
6 0.7660714285714286 0.9511421319796954 0.010714285714285714 0.03426395939086294
6 0.8717857142857143 0.9378172588832487 0.015 0.03553299492385787
6 0.8321428571428572 0.6935279187817259 0.01 0.01903553299492386
6 0.8371428571428572 0.7284263959390863 0.014285714285714285 0.02284263959390863
6 0.8489285714285715 0.7607868020304569 0.013571428571428571 0.0266497461928934
6 0.8578571428571429 0.800761421319797 0.014285714285714285 0.027918781725888325
7 0.9467857142857142 0.9695431472081218 0.020714285714285713 0.04314720812182741
7 0.9328571428571428 0.9194162436548223 0.018571428571428572 0.03934010152284264
6 0.9232142857142858 0.8826142131979695 0.013571428571428571 0.0266497461928934
7 0.9028571428571428 0.8020304568527918 0.015714285714285715 0.03299492385786802
7 0.9114285714285715 0.8381979695431472 0.017142857142857144 0.03426395939086294
6 0.91 0.6592639593908629 0.018571428571428572 0.021573604060913704
6 0.9467857142857142 0.7855329949238579 0.016428571428571428 0.015228426395939087
6 0.9510714285714286 0.7988578680203046 0.019285714285714285 0.01903553299492386
7 0.9532142857142857 0.8153553299492385 0.020714285714285713 0.021573604060913704
6 0.9828571428571429 0.9194162436548223 0.018571428571428572 0.01903553299492386
7 0.9814285714285714 0.8876903553299492 0.02142857142857143 0.021573604060913704
7 0.975 0.8699238578680203 0.022857142857142857 0.024111675126903553
7 0.9667857142857142 0.8527918781725888 0.020714285714285713 0.02284263959390863
7 0.9635714285714285 0.8362944162436549 0.022857142857142857 0.02030456852791878
11 0.9017857142857143 0.4885786802030457 0.04214285714285714 0.03807106598984772
7 0.8789285714285714 0.475253807106599 0.015 0.013959390862944163
6 0.8464285714285714 0.508248730964467 0.011428571428571429 0.013959390862944163
6 0.8078571428571428 0.541243654822335 0.017142857142857144 0.011421319796954314
6 0.7675 0.5152284263959391 0.010714285714285714 0.017766497461928935
6 0.7553571428571428 0.47779187817258884 0.0064285714285714285 0.01649746192893401
6 0.7539285714285714 0.4486040609137056 0.005 0.013959390862944163
6 0.7560714285714286 0.4156091370558376 0.0064285714285714285 0.013959390862944163
11 0.7817857142857143 0.45748730964467005 0.009285714285714286 0.02918781725888325
8 0.9775 0.39403553299492383 0.010714285714285714 0.021573604060913704
6 0.95 0.3610406091370558 0.007142857142857143 0.011421319796954314
1 0.9457142857142857 0.3020304568527919 0.0014285714285714286 0.01015228426395939
1 0.9382142857142857 0.30774111675126903 0.002142857142857143 0.006345177664974619
1 0.9360714285714286 0.3083756345177665 0.002142857142857143 0.005076142131979695
0 0.9289285714285714 0.3350253807106599 0.005 0.015228426395939087
1 0.9296428571428571 0.3210659898477157 0.002142857142857143 0.005076142131979695
1 0.9346428571428571 0.3413705583756345 0.002142857142857143 0.007614213197969543
0 0.93 0.3477157360406091 0.002857142857142857 0.005076142131979695
0 0.9617857142857142 0.40545685279187815 0.0035714285714285713 0.006345177664974619
0 0.9342857142857143 0.36738578680203043 0.002857142857142857 0.0012690355329949238
8 0.855 0.24428934010152284 0.017142857142857144 0.05710659898477157
11 0.9739285714285715 0.2703045685279188 0.013571428571428571 0.012690355329949238
6 0.9710714285714286 0.2620558375634518 0.007857142857142858 0.006345177664974619
0 0.9867857142857143 0.2550761421319797 0.0064285714285714285 0.025380710659898477
0 0.9767857142857143 0.2512690355329949 0.010714285714285714 0.01015228426395939
6 0.8 0.2265228426395939 0.005714285714285714 0.008883248730964468
11 0.7225 0.05710659898477157 0.013571428571428571 0.01015228426395939
6 0.6907142857142857 0.05203045685279188 0.005714285714285714 0.005076142131979695
6 0.7039285714285715 0.0583756345177665 0.005 0.005076142131979695
6 0.7060714285714286 0.06662436548223351 0.005 0.0038071065989847717
6 0.72 0.1681472081218274 0.005714285714285714 0.006345177664974619
6 0.7210714285714286 0.19416243654822335 0.005 0.007614213197969543
6 0.7385714285714285 0.21637055837563451 0.004285714285714286 0.008883248730964468
7 0.75 0.23540609137055837 0.005714285714285714 0.011421319796954314
6 0.7228571428571429 0.23857868020304568 0.004285714285714286 0.007614213197969543
6 0.7228571428571429 0.2506345177664975 0.002857142857142857 0.008883248730964468
6 0.7310714285714286 0.26015228426395937 0.0035714285714285713 0.007614213197969543
6 0.7235714285714285 0.2684010152284264 0.004285714285714286 0.008883248730964468
11 0.7128571428571429 0.27220812182741116 0.008571428571428572 0.024111675126903553
7 0.7482142857142857 0.3115482233502538 0.005 0.013959390862944163
6 0.7428571428571429 0.3039340101522843 0.004285714285714286 0.008883248730964468
6 0.7335714285714285 0.3134517766497462 0.004285714285714286 0.01015228426395939
6 0.7007142857142857 0.315989847715736 0.005714285714285714 0.01015228426395939
7 0.6842857142857143 0.33375634517766495 0.007142857142857143 0.01015228426395939
7 0.7060714285714286 0.33756345177664976 0.0064285714285714285 0.01015228426395939
11 0.7517857142857143 0.33375634517766495 0.012142857142857143 0.03553299492385787
11 0.7364285714285714 0.3534263959390863 0.011428571428571429 0.03426395939086294
11 0.7289285714285715 0.407994923857868 0.012142857142857143 0.04187817258883249
8 0.72 0.34517766497461927 0.007142857142857143 0.017766497461928935
6 0.6821428571428572 0.366751269035533 0.007142857142857143 0.01015228426395939
6 0.6925 0.3946700507614213 0.0064285714285714285 0.01015228426395939
6 0.7164285714285714 0.39847715736040606 0.005714285714285714 0.012690355329949238
6 0.6628571428571428 0.41814720812182743 0.007142857142857143 0.011421319796954314
6 0.6296428571428572 0.46573604060913704 0.009285714285714286 0.012690355329949238
6 0.6685714285714286 0.434010152284264 0.007142857142857143 0.01015228426395939
6 0.6996428571428571 0.45558375634517767 0.0064285714285714285 0.015228426395939087
7 0.73 0.46256345177664976 0.005714285714285714 0.01903553299492386
6 0.6639285714285714 0.47779187817258884 0.007857142857142858 0.011421319796954314
7 0.6457142857142857 0.5336294416243654 0.01 0.01649746192893401
7 0.6810714285714285 0.47715736040609136 0.007857142857142858 0.02030456852791878
11 0.6864285714285714 0.49682741116751267 0.008571428571428572 0.01903553299492386
11 0.7067857142857142 0.5126903553299492 0.015 0.050761421319796954
7 0.6475 0.5939086294416244 0.009285714285714286 0.025380710659898477
6 0.6207142857142857 0.6065989847715736 0.01 0.017766497461928935