7 0.48464285714285715 0.6230964467005076 0.017857142857142856 0.07614213197969544
7 0.5482142857142858 0.9543147208121827 0.019285714285714285 0.08883248730964467
7 0.4225 0.157994923857868 0.012142857142857143 0.031725888324873094
7 0.9228571428571428 0.5583756345177665 0.04285714285714286 0.030456852791878174
6 0.6146428571428572 0.574238578680203 0.04357142857142857 0.04187817258883249
6 0.5428571428571428 0.49428934010152287 0.02142857142857143 0.06218274111675127
6 0.5117857142857143 0.4289340101522843 0.015 0.0532994923857868
6 0.5375 0.37880710659898476 0.015 0.05456852791878172
6 0.7832142857142858 0.5881979695431472 0.047857142857142855 0.0266497461928934
6 0.7603571428571428 0.625 0.056428571428571425 0.031725888324873094
6 0.8132142857142857 0.623730964467005 0.04928571428571429 0.031725888324873094
7 0.8692857142857143 0.6256345177664975 0.054285714285714284 0.04314720812182741
6 0.9228571428571428 0.6186548223350253 0.05714285714285714 0.03934010152284264
6 0.5342857142857143 0.1935279187817259 0.012857142857142857 0.03680203045685279
6 0.495 0.15291878172588833 0.012857142857142857 0.03934010152284264
6 0.5342857142857143 0.11040609137055837 0.012857142857142857 0.03553299492385787
6 0.4521428571428571 0.037436548223350255 0.011428571428571429 0.031725888324873094
6 0.9825 0.5571065989847716 0.035 0.03299492385786802
1 0.9425 0.8312182741116751 0.0064285714285714285 0.015228426395939087
1 0.9732142857142857 0.8857868020304569 0.013571428571428571 0.025380710659898477
1 0.9385714285714286 0.8115482233502538 0.008571428571428572 0.01903553299492386