8 0.22107142857142856 0.19523809523809524 0.03214285714285714 0.02666666666666667
6 0.025357142857142856 0.39476190476190476 0.05071428571428571 0.040952380952380955
7 0.155 0.40190476190476193 0.07285714285714286 0.049523809523809526
11 0.06107142857142857 0.48095238095238096 0.12214285714285714 0.12571428571428572
7 0.3757142857142857 0.30142857142857143 0.054285714285714284 0.04285714285714286
1 0.06142857142857143 0.5885714285714285 0.017142857142857144 0.03619047619047619
4 0.06357142857142857 0.5776190476190476 0.017142857142857144 0.025714285714285714
2 0.06892857142857142 0.5833333333333334 0.04642857142857143 0.03142857142857143
1 0.19107142857142856 0.48428571428571426 0.019285714285714285 0.037142857142857144
1 0.18714285714285714 0.4723809523809524 0.011428571428571429 0.03619047619047619
1 0.33964285714285714 0.47333333333333333 0.010714285714285714 0.030476190476190476
6 0.3692857142857143 0.5052380952380953 0.06428571428571428 0.06190476190476191
1 0.4475 0.2042857142857143 0.005 0.014285714285714285
8 0.4025 0.12380952380952381 0.04071428571428572 0.01904761904761905
8 0.4585714285714286 0.11476190476190476 0.047142857142857146 0.018095238095238095
8 0.4789285714285714 0.12761904761904763 0.03214285714285714 0.02666666666666667
8 0.4953571428571429 0.1295238095238095 0.029285714285714286 0.024761904761904763
6 0.5932142857142857 0.18619047619047618 0.020714285714285713 0.012380952380952381
10 0.6357142857142857 0.34095238095238095 0.018571428571428572 0.02857142857142857
2 0.655 0.34476190476190477 0.017142857142857144 0.01904761904761905
6 0.5614285714285714 0.39571428571428574 0.02857142857142857 0.03142857142857143
1 0.585 0.3638095238095238 0.005714285714285714 0.01904761904761905
1 0.4417857142857143 0.47 0.007857142857142858 0.029523809523809525
1 0.40964285714285714 0.5057142857142857 0.010714285714285714 0.030476190476190476
1 0.47035714285714286 0.5190476190476191 0.010714285714285714 0.03238095238095238
1 0.4542857142857143 0.5276190476190477 0.011428571428571429 0.02857142857142857
6 0.43464285714285716 0.549047619047619 0.07214285714285715 0.06190476190476191
6 0.6360714285714286 0.6452380952380953 0.08928571428571429 0.08095238095238096
8 0.5257142857142857 0.5814285714285714 0.11 0.10952380952380952
7 0.945 0.7942857142857143 0.11 0.11428571428571428
6 0.9525 0.7071428571428572 0.095 0.08095238095238096
1 0.9364285714285714 0.7404761904761905 0.02 0.023809523809523808
1 0.9896428571428572 0.7647619047619048 0.020714285714285713 0.03619047619047619
1 0.8267857142857142 0.6680952380952381 0.023571428571428573 0.04285714285714286
1 0.7539285714285714 0.7047619047619048 0.10642857142857143 0.08952380952380952
2 0.7071428571428572 0.5561904761904762 0.018571428571428572 0.024761904761904763
10 0.2860714285714286 0.1961904761904762 0.020714285714285713 0.02095238095238095
7 0.4175 0.10714285714285714 0.0064285714285714285 0.008571428571428572
0 0.40964285714285714 0.10714285714285714 0.012142857142857143 0.008571428571428572