6 0.5560714285714285 0.618020304568528 0.016428571428571428 0.05583756345177665
6 0.5107142857142857 0.5666243654822335 0.017142857142857144 0.04949238578680203
6 0.4825 0.42385786802030456 0.012142857142857143 0.027918781725888325
6 0.4707142857142857 0.34390862944162437 0.01 0.027918781725888325
6 0.4907142857142857 0.30456852791878175 0.011428571428571429 0.02284263959390863
6 0.5203571428571429 0.309010152284264 0.013571428571428571 0.02918781725888325
6 0.5585714285714286 0.3489847715736041 0.011428571428571429 0.030456852791878174
6 0.555 0.1814720812182741 0.008571428571428572 0.02030456852791878
6 0.5132142857142857 0.04631979695431472 0.009285714285714286 0.01649746192893401
6 0.5407142857142857 0.025380710659898477 0.007142857142857143 0.015228426395939087
7 0.5342857142857143 0.4498730964467005 0.012857142857142857 0.046954314720812185
7 0.5542857142857143 0.1484771573604061 0.008571428571428572 0.030456852791878174
7 0.5528571428571428 0.11294416243654823 0.005714285714285714 0.02284263959390863
6 0.5528571428571428 0.03616751269035533 0.007142857142857143 0.021573604060913704
6 0.5282142857142857 0.061548223350253804 0.0064285714285714285 0.01649746192893401
2 0.54 0.3343908629441624 0.004285714285714286 0.01649746192893401
1 0.54 0.33121827411167515 0.002857142857142857 0.012690355329949238
1 0.45285714285714285 0.9904822335025381 0.008571428571428572 0.01649746192893401
1 0.2835714285714286 0.9796954314720813 0.008571428571428572 0.027918781725888325
11 0.5571428571428572 0.24809644670050762 0.017142857142857144 0.0850253807106599
11 0.45714285714285713 0.28426395939086296 0.022857142857142857 0.08375634517766498
3 0.07321428571428572 0.33248730964467005 0.02642857142857143 0.050761421319796954
3 0.07714285714285714 0.29314720812182743 0.03428571428571429 0.050761421319796954