6 0.2382142857142857 0.02238095238095238 0.005 0.021904761904761906
1 0.25821428571428573 0.023809523809523808 0.010714285714285714 0.024761904761904763
2 0.2475 0.04380952380952381 0.020714285714285713 0.01904761904761905
2 0.22607142857142856 0.05857142857142857 0.019285714285714285 0.021904761904761906
2 0.19892857142857143 0.12238095238095238 0.020714285714285713 0.014285714285714285
2 0.19678571428571429 0.1361904761904762 0.019285714285714285 0.013333333333333334
1 0.2617857142857143 0.14666666666666667 0.009285714285714286 0.02666666666666667
6 0.3007142857142857 0.18476190476190477 0.03571428571428571 0.05714285714285714
1 0.23214285714285715 0.2876190476190476 0.014285714285714285 0.02857142857142857
4 0.23964285714285713 0.28095238095238095 0.009285714285714286 0.017142857142857144
2 0.245 0.2842857142857143 0.018571428571428572 0.02
2 0.25035714285714283 0.28904761904761905 0.02214285714285714 0.02
1 0.23464285714285715 0.31952380952380954 0.013571428571428571 0.021904761904761906
1 0.2425 0.32 0.012142857142857143 0.01904761904761905
1 0.3425 0.30047619047619045 0.009285714285714286 0.025714285714285714
1 0.335 0.29619047619047617 0.011428571428571429 0.02095238095238095
5 0.33321428571428574 0.3 0.0064285714285714285 0.02666666666666667
5 0.31857142857142856 0.03761904761904762 0.018571428571428572 0.01619047619047619
1 0.31285714285714283 0.007619047619047619 0.008571428571428572 0.015238095238095238
1 0.3267857142857143 0.010952380952380953 0.007857142857142858 0.021904761904761906
10 0.345 0.015714285714285715 0.015714285714285715 0.023809523809523808
2 0.3432142857142857 0.05523809523809524 0.009285714285714286 0.02666666666666667
2 0.3457142857142857 0.15142857142857144 0.01 0.02857142857142857
4 0.34535714285714286 0.1457142857142857 0.009285714285714286 0.02095238095238095
7 0.3675 0.05 0.02642857142857143 0.06190476190476191
6 0.4014285714285714 0.011428571428571429 0.018571428571428572 0.022857142857142857
6 0.4042857142857143 0.05238095238095238 0.02142857142857143 0.049523809523809526
6 0.4057142857142857 0.11761904761904762 0.024285714285714285 0.05619047619047619
2 0.4617857142857143 0.011904761904761904 0.020714285714285713 0.014285714285714285
2 0.4617857142857143 0.006190476190476191 0.017857142857142856 0.012380952380952381
1 0.4975 0.03 0.007857142857142858 0.025714285714285714
2 0.4607142857142857 0.05285714285714286 0.017142857142857144 0.012380952380952381
5 0.4546428571428571 0.047619047619047616 0.017857142857142856 0.017142857142857144
5 0.47214285714285714 0.07285714285714286 0.011428571428571429 0.02761904761904762
10 0.4928571428571429 0.06761904761904762 0.014285714285714285 0.030476190476190476
1 0.48642857142857143 0.07095238095238095 0.005714285714285714 0.021904761904761906
1 0.445 0.06666666666666667 0.007142857142857143 0.022857142857142857
1 0.45285714285714285 0.0719047619047619 0.007142857142857143 0.02
2 0.4575 0.07666666666666666 0.015 0.023809523809523808
2 0.49214285714285716 0.10285714285714286 0.02 0.02095238095238095
1 0.5192857142857142 0.12238095238095238 0.007142857142857143 0.025714285714285714
3 0.5260714285714285 0.1838095238095238 0.009285714285714286 0.017142857142857144
1 0.4717857142857143 0.17809523809523808 0.007857142857142858 0.024761904761904763
6 0.4692857142857143 0.12238095238095238 0.055714285714285716 0.039047619047619046
6 0.4667857142857143 0.15904761904761905 0.056428571428571425 0.0380952380952381
6 0.4635714285714286 0.22238095238095237 0.05 0.039047619047619046
4 0.3732142857142857 0.17857142857142858 0.007857142857142858 0.018095238095238095
8 0.38357142857142856 0.19857142857142857 0.032857142857142856 0.08666666666666667
7 0.4825 0.27904761904761904 0.05071428571428571 0.05333333333333334
10 0.41535714285714287 0.3171428571428571 0.016428571428571428 0.05333333333333334
2 0.5532142857142858 0.24285714285714285 0.019285714285714285 0.01904761904761905
2 0.5667857142857143 0.23238095238095238 0.007857142857142858 0.022857142857142857
2 0.5482142857142858 0.22428571428571428 0.019285714285714285 0.014285714285714285
2 0.5382142857142858 0.21904761904761905 0.017857142857142856 0.02095238095238095
2 0.5739285714285715 0.3047619047619048 0.020714285714285713 0.017142857142857144
6 0.4810714285714286 0.3514285714285714 0.06642857142857143 0.04
6 0.4125 0.4204761904761905 0.027857142857142858 0.07714285714285714
7 0.3675 0.37714285714285717 0.027857142857142858 0.07238095238095238
7 0.48392857142857143 0.39 0.062142857142857146 0.05238095238095238
6 0.5257142857142857 0.4176190476190476 0.06571428571428571 0.04285714285714286
5 0.6060714285714286 0.3466666666666667 0.020714285714285713 0.017142857142857144
1 0.6021428571428571 0.41333333333333333 0.011428571428571429 0.01904761904761905
7 0.49392857142857144 0.5 0.06928571428571428 0.045714285714285714
6 0.4064285714285714 0.5014285714285714 0.03857142857142857 0.08285714285714285
1 0.39535714285714285 0.5 0.007857142857142858 0.017142857142857144
4 0.3989285714285714 0.5147619047619048 0.0064285714285714285 0.010476190476190476
1 0.41 0.6042857142857143 0.011428571428571429 0.021904761904761906
1 0.4521428571428571 0.5885714285714285 0.007142857142857143 0.017142857142857144
1 0.44892857142857145 0.6095238095238096 0.0064285714285714285 0.015238095238095238
4 0.5260714285714285 0.539047619047619 0.0064285714285714285 0.024761904761904763
4 0.5203571428571429 0.5404761904761904 0.007857142857142858 0.02
4 0.46 0.6161904761904762 0.008571428571428572 0.017142857142857144
2 0.5192857142857142 0.5404761904761904 0.02142857142857143 0.023809523809523808
5 0.4625 0.6176190476190476 0.020714285714285713 0.021904761904761906
2 0.5039285714285714 0.6161904761904762 0.02642857142857143 0.030476190476190476
2 0.5382142857142858 0.6142857142857143 0.010714285714285714 0.04
1 0.5682142857142857 0.6066666666666667 0.010714285714285714 0.02095238095238095
5 0.5792857142857143 0.6214285714285714 0.012857142857142857 0.02761904761904762
2 0.5989285714285715 0.61 0.015 0.037142857142857144
2 0.6360714285714286 0.589047619047619 0.023571428571428573 0.01619047619047619
2 0.49607142857142855 0.6695238095238095 0.010714285714285714 0.03238095238095238
1 0.5721428571428572 0.7104761904761905 0.012857142857142857 0.02095238095238095
1 0.5525 0.7323809523809524 0.007857142857142858 0.015238095238095238
1 0.5560714285714285 0.7623809523809524 0.012142857142857143 0.012380952380952381
4 0.6246428571428572 0.8271428571428572 0.013571428571428571 0.014285714285714285
1 0.6035714285714285 0.8504761904761905 0.014285714285714285 0.013333333333333334
1 0.5117857142857143 0.8247619047619048 0.015 0.02095238095238095
1 0.485 0.9023809523809524 0.011428571428571429 0.01619047619047619
1 0.4767857142857143 0.9223809523809524 0.012142857142857143 0.02
2 0.8010714285714285 0.45095238095238094 0.027857142857142858 0.021904761904761906
1 0.2475 0.34095238095238095 0.012142857142857143 0.02095238095238095
1 0.23214285714285715 0.36142857142857143 0.012857142857142857 0.021904761904761906
1 0.2667857142857143 0.3823809523809524 0.010714285714285714 0.02
1 0.32571428571428573 0.38142857142857145 0.008571428571428572 0.02
1 0.31607142857142856 0.44285714285714284 0.012142857142857143 0.024761904761904763
1 0.3067857142857143 0.4342857142857143 0.012142857142857143 0.022857142857142857
5 0.34714285714285714 0.52 0.007142857142857143 0.02857142857142857
4 0.345 0.5138095238095238 0.01 0.01619047619047619
2 0.19857142857142857 0.5880952380952381 0.01 0.037142857142857144
5 0.185 0.599047619047619 0.014285714285714285 0.01904761904761905
10 0.225 0.709047619047619 0.025714285714285714 0.054285714285714284
10 0.24678571428571427 0.6861904761904762 0.025 0.07142857142857142
2 0.26857142857142857 0.689047619047619 0.014285714285714285 0.03333333333333333
2 0.28785714285714287 0.6861904761904762 0.007142857142857143 0.04285714285714286
7 0.3364285714285714 0.7619047619047619 0.037142857142857144 0.1180952380952381
7 0.42214285714285715 0.7347619047619047 0.032857142857142856 0.1019047619047619
1 0.5075 0.9857142857142858 0.009285714285714286 0.013333333333333334
2 0.4392857142857143 0.940952380952381 0.014285714285714285 0.04380952380952381
4 0.4407142857142857 0.94 0.018571428571428572 0.013333333333333334
10 0.3417857142857143 0.9152380952380952 0.039285714285714285 0.0838095238095238
8 0.37214285714285716 0.9633333333333334 0.045714285714285714 0.07142857142857142
5 0.4442857142857143 0.9814285714285714 0.022857142857142857 0.035238095238095235
4 0.20285714285714285 0.46476190476190476 0.012857142857142857 0.02857142857142857
6 0.22964285714285715 0.4123809523809524 0.02214285714285714 0.015238095238095238