0 0.3142857142857143 0.18428571428571427 0.037142857142857144 0.06190476190476191
6 0.5028571428571429 0.6652380952380952 0.027142857142857142 0.04857142857142857
6 0.5114285714285715 0.7152380952380952 0.02142857142857143 0.04380952380952381
6 0.6260714285714286 0.7161904761904762 0.045 0.03619047619047619
6 0.6525 0.7614285714285715 0.047857142857142855 0.037142857142857144
6 0.6660714285714285 0.789047619047619 0.03642857142857143 0.039047619047619046
6 0.4317857142857143 0.3914285714285714 0.007857142857142858 0.017142857142857144
6 0.46785714285714286 0.3538095238095238 0.017142857142857144 0.010476190476190476
6 0.42464285714285716 0.35428571428571426 0.020714285714285713 0.011428571428571429
6 0.41785714285714287 0.33666666666666667 0.017142857142857144 0.010476190476190476
6 0.39964285714285713 0.3457142857142857 0.015 0.009523809523809525
6 0.3842857142857143 0.31047619047619046 0.005714285714285714 0.009523809523809525
6 0.46785714285714286 0.3057142857142857 0.011428571428571429 0.007619047619047619
6 0.4325 0.28285714285714286 0.012142857142857143 0.007619047619047619
6 0.4203571428571429 0.3438095238095238 0.017857142857142856 0.009523809523809525
6 0.425 0.37952380952380954 0.008571428571428572 0.014285714285714285
8 0.38285714285714284 0.34095238095238095 0.015714285714285715 0.030476190476190476
8 0.42642857142857143 0.3680952380952381 0.02142857142857143 0.01619047619047619
8 0.3757142857142857 0.31 0.005714285714285714 0.010476190476190476
7 0.3992857142857143 0.2904761904761905 0.017142857142857144 0.011428571428571429
6 0.3817857142857143 0.29285714285714287 0.012142857142857143 0.010476190476190476
8 0.4025 0.3538095238095238 0.015 0.012380952380952381
8 0.4017857142857143 0.3404761904761905 0.015 0.010476190476190476
8 0.41035714285714286 0.3719047619047619 0.016428571428571428 0.012380952380952381
7 0.44785714285714284 0.31142857142857144 0.008571428571428572 0.009523809523809525
3 0.40035714285714286 0.3323809523809524 0.010714285714285714 0.009523809523809525
0 0.48892857142857143 0.39380952380952383 0.010714285714285714 0.02
7 0.4303571428571429 0.27904761904761904 0.010714285714285714 0.005714285714285714
3 0.11071428571428571 0.6004761904761905 0.08142857142857143 0.11142857142857143
0 0.15214285714285714 0.3838095238095238 0.07571428571428572 0.0419047619047619
0 0.32857142857142857 0.3304761904761905 0.01 0.017142857142857144
0 0.3389285714285714 0.2276190476190476 0.017857142857142856 0.024761904761904763
0 0.28535714285714286 0.25666666666666665 0.017857142857142856 0.021904761904761906
0 0.3767857142857143 0.2671428571428571 0.016428571428571428 0.025714285714285714
1 0.21392857142857144 0.31333333333333335 0.005 0.013333333333333334
8 0.6157142857142858 0.9747619047619047 0.07571428571428572 0.05047619047619047
8 0.4860714285714286 0.6123809523809524 0.04214285714285714 0.02857142857142857
8 0.23642857142857143 0.4042857142857143 0.015714285714285715 0.029523809523809525
8 0.3439285714285714 0.29285714285714287 0.009285714285714286 0.025714285714285714
8 0.3967857142857143 0.4319047619047619 0.03357142857142857 0.018095238095238095
8 0.4092857142857143 0.4519047619047619 0.03571428571428571 0.02
3 0.3682142857142857 0.4561904761904762 0.016428571428571428 0.01904761904761905
6 0.2889285714285714 0.4080952380952381 0.009285714285714286 0.012380952380952381
6 0.29178571428571426 0.3919047619047619 0.009285714285714286 0.014285714285714285
11 0.29964285714285716 0.36523809523809525 0.015 0.029523809523809525
6 0.35964285714285715 0.2519047619047619 0.0064285714285714285 0.006666666666666667
6 0.35535714285714287 0.2438095238095238 0.0035714285714285713 0.005714285714285714
6 0.33107142857142857 0.2780952380952381 0.005 0.007619047619047619
6 0.38571428571428573 0.31523809523809526 0.007142857142857143 0.009523809523809525
0 0.05392857142857143 0.41333333333333333 0.03357142857142857 0.0380952380952381
0 0.0064285714285714285 0.5147619047619048 0.012857142857142857 0.02