6 0.5696428571428571 0.5861904761904762 0.03357142857142857 0.06
6 0.38357142857142856 0.770952380952381 0.03571428571428571 0.10380952380952381
6 0.5307142857142857 0.4795238095238095 0.03428571428571429 0.06380952380952382
6 0.5992857142857143 0.4876190476190476 0.025714285714285714 0.047619047619047616
6 0.4825 0.959047619047619 0.055 0.08190476190476191
1 0.3532142857142857 0.3061904761904762 0.0035714285714285713 0.014285714285714285
6 0.024285714285714285 0.38952380952380955 0.047142857142857146 0.0419047619047619
2 0.18428571428571427 0.6147619047619047 0.02142857142857143 0.02761904761904762
2 0.23214285714285715 0.6052380952380952 0.024285714285714285 0.025714285714285714
1 0.10714285714285714 0.6047619047619047 0.014285714285714285 0.024761904761904763
1 0.1332142857142857 0.6490476190476191 0.012142857142857143 0.02761904761904762
2 0.3707142857142857 0.5614285714285714 0.017142857142857144 0.040952380952380955
2 0.3817857142857143 0.6 0.017857142857142856 0.04
2 0.5057142857142857 0.31666666666666665 0.008571428571428572 0.02
2 0.4903571428571429 0.32857142857142857 0.0064285714285714285 0.01904761904761905
2 0.4742857142857143 0.3433333333333333 0.007142857142857143 0.02
2 0.45071428571428573 0.3333333333333333 0.01 0.02095238095238095
2 0.4307142857142857 0.2966666666666667 0.008571428571428572 0.021904761904761906
7 0.5839285714285715 0.2866666666666667 0.019285714285714285 0.0380952380952381
7 0.6135714285714285 0.28523809523809524 0.018571428571428572 0.039047619047619046
6 0.6021428571428571 0.3271428571428571 0.02 0.03333333333333333
6 0.6417857142857143 0.29285714285714287 0.020714285714285713 0.035238095238095235
1 0.5271428571428571 0.0880952380952381 0.004285714285714286 0.01619047619047619
6 0.6414285714285715 0.09619047619047619 0.017142857142857144 0.02095238095238095
1 0.5803571428571429 0.035238095238095235 0.0035714285714285713 0.009523809523809525
1 0.6560714285714285 0.05095238095238095 0.0035714285714285713 0.010476190476190476
2 0.7153571428571428 0.3061904761904762 0.005 0.02
2 0.7082142857142857 0.4642857142857143 0.007857142857142858 0.02761904761904762
1 0.8082142857142857 0.41285714285714287 0.005 0.018095238095238095
2 0.6778571428571428 0.5947619047619047 0.01 0.02761904761904762
1 0.8110714285714286 0.8609523809523809 0.016428571428571428 0.049523809523809526
1 0.7889285714285714 0.8814285714285715 0.012142857142857143 0.04857142857142857
6 0.8971428571428571 0.6090476190476191 0.07 0.04666666666666667
11 0.9403571428571429 0.5366666666666666 0.11071428571428571 0.07714285714285714
6 0.9107142857142857 0.58 0.06571428571428571 0.0419047619047619
2 0.86 0.49047619047619045 0.02 0.017142857142857144
1 0.8364285714285714 0.38 0.004285714285714286 0.017142857142857144
0 0.8592857142857143 0.3995238095238095 0.03 0.03333333333333333
4 0.7153571428571428 0.30142857142857143 0.005 0.010476190476190476
4 0.505 0.3138095238095238 0.005714285714285714 0.012380952380952381
4 0.4307142857142857 0.2938095238095238 0.007142857142857143 0.012380952380952381
4 0.4496428571428571 0.3295238095238095 0.007857142857142858 0.013333333333333334
4 0.4735714285714286 0.3414285714285714 0.007142857142857143 0.012380952380952381
4 0.4907142857142857 0.3271428571428571 0.005714285714285714 0.012380952380952381
4 0.7075 0.46095238095238095 0.007857142857142858 0.01904761904761905
4 0.8621428571428571 0.48904761904761906 0.012857142857142857 0.012380952380952381
4 0.6785714285714286 0.59 0.007142857142857143 0.01619047619047619
4 0.18678571428571428 0.6114285714285714 0.012142857142857143 0.017142857142857144
4 0.23214285714285715 0.6009523809523809 0.015714285714285715 0.015238095238095238
4 0.38607142857142857 0.5923809523809523 0.010714285714285714 0.022857142857142857
4 0.37285714285714283 0.5538095238095239 0.012857142857142857 0.025714285714285714