6 0.42178571428571426 0.49952380952380954 0.015 0.03142857142857143
2 0.42607142857142855 0.4238095238095238 0.0064285714285714285 0.015238095238095238
2 0.4392857142857143 0.40095238095238095 0.007142857142857143 0.015238095238095238
2 0.4828571428571429 0.26 0.004285714285714286 0.007619047619047619
2 0.4857142857142857 0.21285714285714286 0.004285714285714286 0.008571428571428572
6 0.4610714285714286 0.2276190476190476 0.007857142857142858 0.011428571428571429
8 0.4642857142857143 0.24952380952380954 0.01 0.024761904761904763
8 0.46535714285714286 0.3638095238095238 0.012142857142857143 0.02857142857142857
11 0.46964285714285714 0.33904761904761904 0.013571428571428571 0.02857142857142857
0 0.4782142857142857 0.13476190476190475 0.013571428571428571 0.07904761904761905
1 0.44785714285714284 0.2580952380952381 0.004285714285714286 0.011428571428571429
1 0.6175 0.19285714285714287 0.0035714285714285713 0.010476190476190476