6 0.22857142857142856 0.5480952380952381 0.05285714285714286 0.11333333333333333
6 0.24928571428571428 0.43714285714285717 0.047142857142857146 0.09714285714285714
6 0.16 0.8942857142857142 0.07428571428571429 0.17142857142857143
6 0.12928571428571428 0.6814285714285714 0.06142857142857143 0.12666666666666668
7 0.3078571428571429 0.2342857142857143 0.05 0.08571428571428572
7 0.2978571428571429 0.18571428571428572 0.032857142857142856 0.06476190476190476
2 0.24892857142857142 0.27285714285714285 0.030714285714285715 0.029523809523809525
4 0.23464285714285715 0.3319047619047619 0.017857142857142856 0.021904761904761906
4 0.4614285714285714 0.07142857142857142 0.008571428571428572 0.02666666666666667
5 0.4607142857142857 0.08 0.005714285714285714 0.022857142857142857
6 0.6107142857142858 0.2 0.07142857142857142 0.045714285714285714
7 0.6389285714285714 0.4138095238095238 0.09214285714285714 0.06
6 0.6060714285714286 0.14142857142857143 0.065 0.04285714285714286
7 0.5853571428571429 0.1180952380952381 0.055 0.047619047619047616
6 0.49357142857142855 0.11523809523809524 0.027142857142857142 0.06476190476190476
7 0.5014285714285714 0.24285714285714285 0.02857142857142857 0.06476190476190476
6 0.5025 0.4014285714285714 0.035 0.08285714285714285
6 0.4982142857142857 0.30714285714285716 0.03214285714285714 0.07142857142857142
6 0.5082142857142857 0.4938095238095238 0.04071428571428572 0.10380952380952381
6 0.5085714285714286 0.5995238095238096 0.041428571428571426 0.10571428571428572
6 0.685 0.7814285714285715 0.11571428571428571 0.08666666666666667
6 0.5164285714285715 0.9104761904761904 0.03857142857142857 0.12
2 0.6510714285714285 0.2842857142857143 0.019285714285714285 0.02
2 0.6457142857142857 0.28095238095238095 0.015714285714285715 0.015238095238095238
1 0.5653571428571429 0.21428571428571427 0.010714285714285714 0.03238095238095238
1 0.5860714285714286 0.4166666666666667 0.010714285714285714 0.029523809523809525
6 0.33535714285714285 0.02142857142857143 0.027857142857142858 0.04285714285714286