6 0.031071428571428573 0.014285714285714285 0.039285714285714285 0.024761904761904763
6 0.08321428571428571 0.014761904761904763 0.04071428571428572 0.025714285714285714
6 0.0125 0.04428571428571428 0.025 0.025714285714285714
6 0.1457142857142857 0.005714285714285714 0.04285714285714286 0.011428571428571429
4 0.2 0.03761904761904762 0.007142857142857143 0.01619047619047619
4 0.26821428571428574 0.08095238095238096 0.0064285714285714285 0.015238095238095238
4 0.26857142857142857 0.07285714285714286 0.005714285714285714 0.012380952380952381
4 0.18392857142857144 0.30666666666666664 0.0064285714285714285 0.013333333333333334
4 0.18392857142857144 0.2995238095238095 0.007857142857142858 0.010476190476190476
4 0.21464285714285714 0.25523809523809526 0.009285714285714286 0.011428571428571429
4 0.27785714285714286 0.25523809523809526 0.008571428571428572 0.015238095238095238
4 0.16035714285714286 0.3576190476190476 0.010714285714285714 0.012380952380952381
4 0.13607142857142857 0.44571428571428573 0.009285714285714286 0.013333333333333334
4 0.06642857142857143 0.6357142857142857 0.01 0.02
1 0.16785714285714284 0.709047619047619 0.01 0.018095238095238095
1 0.18642857142857142 0.6995238095238095 0.01 0.018095238095238095
1 0.18857142857142858 0.6847619047619048 0.014285714285714285 0.01904761904761905
1 0.21142857142857144 0.6752380952380952 0.011428571428571429 0.017142857142857144
2 0.06785714285714285 0.6385714285714286 0.014285714285714285 0.029523809523809525
2 0.1375 0.45 0.009285714285714286 0.02761904761904762
2 0.18464285714285714 0.3080952380952381 0.010714285714285714 0.025714285714285714
2 0.21607142857142858 0.25857142857142856 0.010714285714285714 0.023809523809523808
2 0.2792857142857143 0.26 0.01 0.02666666666666667
2 0.4685714285714286 0.1961904761904762 0.018571428571428572 0.017142857142857144
2 0.4975 0.20333333333333334 0.012142857142857143 0.023809523809523808
2 0.5167857142857143 0.2057142857142857 0.007857142857142858 0.02095238095238095
2 0.5275 0.20666666666666667 0.009285714285714286 0.022857142857142857
2 0.4275 0.1676190476190476 0.016428571428571428 0.011428571428571429
2 0.42142857142857143 0.11238095238095239 0.008571428571428572 0.02666666666666667
2 0.40785714285714286 0.10142857142857142 0.017142857142857144 0.014285714285714285
2 0.40035714285714286 0.07333333333333333 0.016428571428571428 0.013333333333333334
2 0.39321428571428574 0.011904761904761904 0.016428571428571428 0.014285714285714285
2 0.2692857142857143 0.0838095238095238 0.008571428571428572 0.024761904761904763
2 0.20107142857142857 0.04047619047619048 0.016428571428571428 0.014285714285714285
6 0.3678571428571429 0.03428571428571429 0.02142857142857143 0.03619047619047619
6 0.3057142857142857 0.0680952380952381 0.02 0.037142857142857144
7 0.19285714285714287 0.08 0.03571428571428571 0.03428571428571429
6 0.4060714285714286 0.20904761904761904 0.03785714285714286 0.039047619047619046
6 0.41892857142857143 0.22714285714285715 0.03785714285714286 0.040952380952380955
6 0.4967857142857143 0.24761904761904763 0.02214285714285714 0.04
6 0.4421428571428571 0.23952380952380953 0.03571428571428571 0.05047619047619047
7 0.47464285714285714 0.24333333333333335 0.017857142857142856 0.04285714285714286
7 0.5325 0.25476190476190474 0.016428571428571428 0.040952380952380955
2 0.36607142857142855 0.40190476190476193 0.016428571428571428 0.03238095238095238
6 0.028214285714285713 0.19714285714285715 0.03357142857142857 0.04380952380952381
10 0.08428571428571428 0.17476190476190476 0.03857142857142857 0.025714285714285714
10 0.08678571428571429 0.19095238095238096 0.03642857142857143 0.035238095238095235
10 0.09714285714285714 0.21047619047619048 0.04 0.03238095238095238
10 0.10857142857142857 0.23142857142857143 0.04 0.03619047619047619
10 0.1075 0.24857142857142858 0.04357142857142857 0.04
10 0.11357142857142857 0.26666666666666666 0.037142857142857144 0.0419047619047619
1 0.05142857142857143 0.2671428571428571 0.01 0.021904761904761906
4 0.1225 0.26476190476190475 0.010714285714285714 0.013333333333333334
10 0.1357142857142857 0.3038095238095238 0.041428571428571426 0.0419047619047619
8 0.21785714285714286 0.36047619047619045 0.037142857142857144 0.06571428571428571
6 0.10785714285714286 0.40523809523809523 0.037142857142857144 0.06190476190476191
10 0.09607142857142857 0.49142857142857144 0.02214285714285714 0.04
10 0.08142857142857143 0.5542857142857143 0.03857142857142857 0.05904761904761905
10 0.07964285714285714 0.4633333333333333 0.027857142857142858 0.04857142857142857
6 0.04428571428571428 0.5642857142857143 0.041428571428571426 0.07142857142857142
6 0.19535714285714287 0.8980952380952381 0.04642857142857143 0.10095238095238095
6 0.225 0.7866666666666666 0.04285714285714286 0.09333333333333334
6 0.24785714285714286 0.6842857142857143 0.041428571428571426 0.07714285714285714
6 0.2621428571428571 0.54 0.037142857142857144 0.07047619047619047
6 0.48 0.5419047619047619 0.05142857142857143 0.04380952380952381
1 0.5646428571428571 0.6347619047619047 0.009285714285714286 0.012380952380952381
2 0.6796428571428571 0.6633333333333333 0.009285714285714286 0.029523809523809525
2 0.5507142857142857 0.650952380952381 0.027142857142857142 0.025714285714285714
2 0.5435714285714286 0.6428571428571429 0.022857142857142857 0.02666666666666667
2 0.5378571428571428 0.6328571428571429 0.02 0.02761904761904762
6 0.7414285714285714 0.7795238095238095 0.05857142857142857 0.08476190476190476
6 0.6485714285714286 0.88 0.05285714285714286 0.05333333333333334