6 0.3682142857142857 0.2438095238095238 0.052142857142857144 0.14285714285714285
6 0.38 0.0919047619047619 0.04285714285714286 0.11714285714285715
1 0.4057142857142857 0.08 0.017142857142857144 0.0419047619047619
1 0.3067857142857143 0.11571428571428571 0.015 0.04285714285714286
2 0.22892857142857143 0.041428571428571426 0.035 0.02761904761904762
0 0.22464285714285714 0.12333333333333334 0.04357142857142857 0.040952380952380955
6 0.33964285714285714 0.6014285714285714 0.055 0.16285714285714287
6 0.3271428571428571 0.8171428571428572 0.05714285714285714 0.14666666666666667
6 0.8860714285714286 0.9404761904761905 0.07214285714285715 0.11904761904761904
1 0.6814285714285714 0.3871428571428571 0.018571428571428572 0.03333333333333333
4 0.7985714285714286 0.43666666666666665 0.02142857142857143 0.029523809523809525
5 0.7960714285714285 0.44095238095238093 0.019285714285714285 0.05333333333333334
6 0.8996428571428572 0.3852380952380952 0.060714285714285714 0.13047619047619047