6 0.32821428571428574 0.6847619047619048 0.035 0.06095238095238095
6 0.5535714285714286 0.36333333333333334 0.017142857142857144 0.021904761904761906
6 0.6546428571428572 0.4057142857142857 0.017857142857142856 0.03238095238095238
6 0.7521428571428571 0.4142857142857143 0.03 0.01904761904761905
7 0.5989285714285715 0.2652380952380952 0.009285714285714286 0.018095238095238095
6 0.5607142857142857 0.16285714285714287 0.005714285714285714 0.009523809523809525
6 0.5425 0.12714285714285714 0.005 0.006666666666666667
8 0.5778571428571428 0.17285714285714285 0.014285714285714285 0.021904761904761906
8 0.41214285714285714 0.5114285714285715 0.04 0.05523809523809524
3 0.44392857142857145 0.27380952380952384 0.029285714285714286 0.04666666666666667
11 0.6182142857142857 0.2885714285714286 0.020714285714285713 0.04380952380952381
7 0.6675 0.15142857142857144 0.010714285714285714 0.007619047619047619
6 0.6460714285714285 0.14142857142857143 0.013571428571428571 0.008571428571428572
6 0.6232142857142857 0.15619047619047619 0.013571428571428571 0.007619047619047619
7 0.6185714285714285 0.15 0.008571428571428572 0.008571428571428572
8 0.6085714285714285 0.12285714285714286 0.012857142857142857 0.007619047619047619
6 0.6364285714285715 0.12142857142857143 0.005714285714285714 0.006666666666666667
6 0.6289285714285714 0.12285714285714286 0.0064285714285714285 0.007619047619047619
4 0.66 0.32904761904761903 0.002857142857142857 0.006666666666666667
5 0.6596428571428572 0.3333333333333333 0.0035714285714285713 0.009523809523809525
6 0.12964285714285714 0.25857142857142856 0.02214285714285714 0.010476190476190476
7 0.13535714285714287 0.2519047619047619 0.020714285714285713 0.012380952380952381
0 0.5946428571428571 0.18047619047619048 0.0035714285714285713 0.008571428571428572
0 0.57 0.14285714285714285 0.005714285714285714 0.009523809523809525
8 0.5267857142857143 0.08333333333333333 0.005 0.008571428571428572
7 0.5221428571428571 0.07523809523809524 0.002857142857142857 0.005714285714285714
0 0.525 0.056666666666666664 0.018571428571428572 0.025714285714285714
0 0.5360714285714285 0.024285714285714285 0.02214285714285714 0.025714285714285714
6 0.6525 0.08904761904761904 0.009285714285714286 0.004761904761904762
3 0.6428571428571429 0.15571428571428572 0.008571428571428572 0.014285714285714285
7 0.45607142857142857 0.19428571428571428 0.007857142857142858 0.011428571428571429
5 0.38535714285714284 0.09142857142857143 0.019285714285714285 0.011428571428571429