6 0.12571428571428572 0.8561904761904762 0.16714285714285715 0.2571428571428571
6 0.3925 0.820952380952381 0.09928571428571428 0.22857142857142856
6 0.2075 0.6076190476190476 0.09214285714285714 0.14857142857142858
7 0.24857142857142858 0.46714285714285714 0.05714285714285714 0.1
6 0.39071428571428574 0.41095238095238096 0.045714285714285714 0.06952380952380953
7 0.28785714285714287 0.35904761904761906 0.045714285714285714 0.07238095238095238
6 0.39535714285714285 0.2742857142857143 0.030714285714285715 0.04380952380952381
6 0.5160714285714286 0.2438095238095238 0.039285714285714285 0.02857142857142857
6 0.5082142857142857 0.26142857142857145 0.039285714285714285 0.029523809523809525
6 0.5360714285714285 0.2723809523809524 0.06357142857142857 0.03238095238095238
6 0.5639285714285714 0.3028571428571429 0.06928571428571428 0.0419047619047619
6 0.6042857142857143 0.36428571428571427 0.09 0.04666666666666667
6 0.6428571428571429 0.4038095238095238 0.10571428571428572 0.05904761904761905
6 0.7414285714285714 0.5252380952380953 0.1457142857142857 0.08476190476190476
6 0.7839285714285714 0.5776190476190476 0.17785714285714285 0.09428571428571429
6 0.5039285714285714 0.7242857142857143 0.10071428571428571 0.1742857142857143
6 0.4232142857142857 0.2342857142857143 0.023571428571428573 0.02666666666666667