7 0.5296428571428572 0.8083756345177665 0.04928571428571429 0.1065989847715736
6 0.5560714285714285 0.8381979695431472 0.03642857142857143 0.0799492385786802
6 0.5782142857142857 0.8692893401015228 0.04214285714285714 0.08883248730964467
8 0.6007142857142858 0.9137055837563451 0.07 0.1548223350253807
6 0.6253571428571428 0.9365482233502538 0.04642857142857143 0.09137055837563451
6 0.655 0.9549492385786802 0.041428571428571426 0.08756345177664974
6 0.6796428571428571 0.9758883248730964 0.03214285714285714 0.04568527918781726
6 0.7542857142857143 0.9809644670050761 0.02857142857142857 0.03553299492385787
6 0.7425 0.7772842639593909 0.025 0.11040609137055837
1 0.7435714285714285 0.6871827411167513 0.01 0.013959390862944163
6 0.6546428571428572 0.6459390862944162 0.05785714285714286 0.050761421319796954
6 0.6482142857142857 0.5970812182741116 0.04642857142857143 0.03934010152284264
6 0.645 0.549492385786802 0.05285714285714286 0.04314720812182741
7 0.6435714285714286 0.5 0.05285714285714286 0.04060913705583756
11 0.735 0.5323604060913706 0.025714285714285714 0.09771573604060914
6 0.7189285714285715 0.350253807106599 0.027857142857142858 0.09390862944162437
6 0.6789285714285714 0.25 0.05071428571428571 0.08883248730964467
6 0.7089285714285715 0.08565989847715735 0.023571428571428573 0.0901015228426396
6 0.6803571428571429 0.09390862944162437 0.025 0.09390862944162437
6 0.6546428571428572 0.08946700507614214 0.02214285714285714 0.08756345177664974
6 0.6285714285714286 0.09137055837563451 0.025714285714285714 0.08883248730964467
6 0.5992857142857143 0.0932741116751269 0.024285714285714285 0.09263959390862944
6 0.5728571428571428 0.09263959390862944 0.022857142857142857 0.08629441624365482
6 0.5453571428571429 0.09581218274111675 0.023571428571428573 0.10025380710659898
6 0.5171428571428571 0.07043147208121828 0.027142857142857142 0.11040609137055837
6 0.4928571428571429 0.10088832487309644 0.022857142857142857 0.08248730964467005
8 0.37892857142857145 0.24492385786802032 0.05928571428571429 0.1319796954314721
6 0.48392857142857143 0.6751269035532995 0.052142857142857144 0.0583756345177665
6 0.49142857142857144 0.7258883248730964 0.05 0.06091370558375635
6 0.24142857142857144 0.3267766497461929 0.03428571428571429 0.10279187817258884
6 0.2867857142857143 0.1065989847715736 0.03642857142857143 0.10152284263959391