6 0.04184549356223176 0.9398854961832062 0.08369098712446352 0.11450381679389313
1 0.058297567954220315 0.5205152671755725 0.013590844062947067 0.039122137404580155
1 0.4138054363376252 0.9379770992366412 0.029327610872675252 0.06297709923664122
1 0.5758226037195995 0.7495229007633588 0.01430615164520744 0.05820610687022901
1 0.2932761087267525 0.5973282442748091 0.01430615164520744 0.04389312977099236
1 0.31187410586552217 0.5725190839694656 0.01430615164520744 0.04198473282442748
1 0.5067954220314735 0.6498091603053435 0.013590844062947067 0.04770992366412214
1 0.2821888412017167 0.5901717557251909 0.01072961373390558 0.042938931297709926
1 0.39842632331902716 0.6474236641221374 0.01430615164520744 0.046755725190839696
1 0.4159513590844063 0.6321564885496184 0.013590844062947067 0.042938931297709926
1 0.49356223175965663 0.6450381679389313 0.015736766809728183 0.04770992366412214
1 0.7775393419170243 0.4799618320610687 0.01430615164520744 0.04198473282442748
9 0.026466380543633764 0.5548664122137404 0.04721030042918455 0.035305343511450385
2 0.010014306151645207 0.47280534351145037 0.015736766809728183 0.025763358778625955
2 0.33512160228898424 0.3163167938931298 0.019313304721030045 0.020038167938931296
7 0.3497854077253219 0.3530534351145038 0.032904148783977114 0.03625954198473282
5 0.32474964234620884 0.5830152671755725 0.011444921316165951 0.030534351145038167
5 0.37124463519313305 0.6259541984732825 0.030042918454935622 0.03435114503816794
1 0.4309728183118741 0.6269083969465649 0.012160228898426323 0.04198473282442748
1 0.45243204577968527 0.6502862595419847 0.012160228898426323 0.046755725190839696
1 0.6090844062947067 0.6770038167938931 0.0178826895565093 0.05057251908396947
2 0.6394849785407726 0.6698473282442748 0.04291845493562232 0.03435114503816794
6 0.9864091559370529 0.6354961832061069 0.02575107296137339 0.11068702290076336
6 0.9417024320457796 0.46564885496183206 0.03791130185979971 0.061068702290076333
6 0.9152360515021459 0.5395992366412213 0.045064377682403435 0.0715648854961832
6 0.8615879828326181 0.43177480916030536 0.032188841201716736 0.05438931297709924
6 0.8683834048640916 0.39599236641221375 0.027181688125894134 0.03625954198473282
6 0.9005722460658083 0.2729007633587786 0.020028612303290415 0.022900763358778626
1 0.907725321888412 0.2838740458015267 0.00715307582260372 0.020038167938931296
1 0.9810443490701002 0.20944656488549618 0.007868383404864092 0.01431297709923664
11 0.9381258941344778 0.3435114503816794 0.04363376251788269 0.10114503816793893
11 0.9570815450643777 0.2695610687022901 0.02575107296137339 0.046755725190839696
7 0.898068669527897 0.245706106870229 0.016452074391988557 0.020038167938931296
7 0.9009298998569385 0.23950381679389313 0.013590844062947067 0.02099236641221374
6 0.9170243204577968 0.22805343511450382 0.01430615164520744 0.02480916030534351
6 0.9173819742489271 0.21517175572519084 0.013590844062947067 0.01812977099236641
6 0.920958512160229 0.20706106870229007 0.012160228898426323 0.013358778625954198
7 0.9223891273247496 0.19274809160305342 0.012160228898426323 0.01717557251908397
0 0.9102288984263234 0.18797709923664122 0.012160228898426323 0.03816793893129771
6 0.919170243204578 0.1650763358778626 0.011444921316165951 0.009541984732824428
6 0.9502861230329042 0.16125954198473283 0.006437768240343348 0.011450381679389313
6 0.9470672389127325 0.1407442748091603 0.00715307582260372 0.012404580152671756
6 0.9585121602288984 0.13358778625954199 0.005722460658082976 0.011450381679389313
6 0.9560085836909872 0.11641221374045801 0.005007153075822604 0.007633587786259542
0 0.984620886981402 0.14217557251908397 0.029327610872675252 0.04770992366412214
0 0.953862660944206 0.10162213740458015 0.035050071530758224 0.02385496183206107
0 0.9263233190271817 0.1269083969465649 0.015736766809728183 0.02862595419847328
1 0.9366952789699571 0.191793893129771 0.00357653791130186 0.013358778625954198
1 0.8122317596566524 0.28196564885496184 0.007868383404864092 0.02385496183206107
1 0.8279685264663805 0.2700381679389313 0.006437768240343348 0.015267175572519083
6 0.8322603719599427 0.25095419847328243 0.007868383404864092 0.01717557251908397
6 0.8776824034334764 0.1736641221374046 0.015736766809728183 0.013358778625954198