5 0.50975 0.045 0.0055 0.014
6 0.5375 0.07166666666666667 0.02 0.026
6 0.5165 0.104 0.022 0.018666666666666668
1 0.42175 0.15933333333333333 0.0095 0.028
6 0.44425 0.21 0.0235 0.03333333333333333
9 0.36025 0.25066666666666665 0.0245 0.028
7 0.2915 0.3396666666666667 0.054 0.058
5 0.27225 0.37066666666666664 0.0195 0.025333333333333333
4 0.28975 0.377 0.0135 0.020666666666666667
2 0.29225 0.38433333333333336 0.0195 0.023333333333333334
1 0.29325 0.42433333333333334 0.0145 0.028666666666666667
2 0.23875 0.406 0.0155 0.030666666666666665
9 0.1845 0.459 0.031 0.04466666666666667
1 0.24875 0.5246666666666666 0.0165 0.029333333333333333
4 0.14375 0.5183333333333333 0.0185 0.03266666666666666
2 0.1445 0.5226666666666666 0.034 0.016
4 0.37325 0.5456666666666666 0.0155 0.023333333333333334
2 0.37525 0.5616666666666666 0.0185 0.024666666666666667
1 0.431 0.5793333333333334 0.012 0.032
4 0.42725 0.5603333333333333 0.0135 0.027333333333333334
2 0.4255 0.5626666666666666 0.024 0.024
2 0.46275 0.5673333333333334 0.0245 0.02666666666666667
1 0.46425 0.5606666666666666 0.0085 0.016
1 0.437 0.5326666666666666 0.011 0.032
1 0.449 0.521 0.007 0.019333333333333334
4 0.393 0.5353333333333333 0.014 0.03333333333333333
2 0.3945 0.5406666666666666 0.03 0.02
4 0.39525 0.503 0.0105 0.028666666666666667
2 0.394 0.5076666666666667 0.023 0.026
4 0.41975 0.5313333333333333 0.0055 0.012
3 0.42225 0.5306666666666666 0.0135 0.017333333333333333
1 0.441 0.5193333333333333 0.011 0.032
1 0.42525 0.4726666666666667 0.0125 0.024
9 0.42925 0.495 0.0635 0.043333333333333335
1 0.62275 0.5056666666666667 0.0065 0.018
1 0.6225 0.481 0.011 0.03266666666666666
4 0.60825 0.6523333333333333 0.0175 0.026
2 0.60575 0.6576666666666666 0.0195 0.04466666666666667
4 0.58825 0.6793333333333333 0.0155 0.025333333333333333
2 0.58725 0.692 0.0165 0.048
1 0.54975 0.684 0.0155 0.050666666666666665
9 0.56625 0.6943333333333334 0.0335 0.048666666666666664
1 0.07475 0.9683333333333334 0.0335 0.04066666666666666
6 0.222 0.9636666666666667 0.12 0.07266666666666667
6 0.3955 0.9286666666666666 0.129 0.116
6 0.51425 0.959 0.1325 0.082
6 0.75275 0.96 0.1365 0.08
1 0.538 0.8186666666666667 0.012 0.028
1 0.575 0.8013333333333333 0.014 0.030666666666666665
4 0.5685 0.7613333333333333 0.02 0.02666666666666667
2 0.5695 0.7683333333333333 0.033 0.043333333333333335
4 0.58325 0.8416666666666667 0.0205 0.03666666666666667
2 0.58325 0.8476666666666667 0.0225 0.058
6 0.6645 0.7926666666666666 0.063 0.13866666666666666
6 0.73175 0.765 0.0535 0.12466666666666666
6 0.8365 0.752 0.103 0.09866666666666667
6 0.9355 0.6923333333333334 0.102 0.078
6 0.9415 0.778 0.105 0.08933333333333333
2 0.99325 0.6466666666666666 0.0135 0.044
6 0.982 0.8393333333333334 0.036 0.084
6 0.91825 0.8946666666666667 0.1175 0.07866666666666666
7 0.83075 0.841 0.1365 0.12466666666666666
4 0.8895 0.985 0.027 0.03
2 0.8855 0.9813333333333333 0.045 0.037333333333333336
1 0.94875 0.991 0.0195 0.018