6 0.33214285714285713 0.6080952380952381 0.02 0.04666666666666667
6 0.3025 0.92 0.035 0.10666666666666667
6 0.6078571428571429 0.5128571428571429 0.032857142857142856 0.021904761904761906
6 0.4664285714285714 0.48428571428571426 0.03857142857142857 0.021904761904761906
6 0.30428571428571427 0.4471428571428571 0.015714285714285715 0.023809523809523808
6 0.3482142857142857 0.44142857142857145 0.016428571428571428 0.02
6 0.34464285714285714 0.37857142857142856 0.010714285714285714 0.014285714285714285
6 0.5628571428571428 0.5671428571428572 0.037142857142857144 0.03333333333333333
6 0.32785714285714285 0.3557142857142857 0.012857142857142857 0.018095238095238095
6 0.30392857142857144 0.30857142857142855 0.010714285714285714 0.013333333333333334
11 0.3342857142857143 0.4685714285714286 0.03571428571428571 0.06476190476190476
11 0.39464285714285713 0.4423809523809524 0.060714285714285714 0.058095238095238096
0 0.2007142857142857 0.29714285714285715 0.02 0.09333333333333334
6 0.2860714285714286 0.24666666666666667 0.007857142857142858 0.009523809523809525
6 0.26321428571428573 0.23285714285714285 0.0064285714285714285 0.006666666666666667
6 0.25857142857142856 0.2180952380952381 0.005714285714285714 0.007619047619047619
6 0.25285714285714284 0.2119047619047619 0.005714285714285714 0.006666666666666667
11 0.3364285714285714 0.40904761904761905 0.03 0.05047619047619047
11 0.31892857142857145 0.37238095238095237 0.02214285714285714 0.0419047619047619
0 0.2417857142857143 0.49476190476190474 0.04214285714285714 0.035238095238095235
0 0.2789285714285714 0.4580952380952381 0.025 0.03238095238095238
6 0.21857142857142858 0.4580952380952381 0.027142857142857142 0.03238095238095238
1 0.20035714285714284 0.5433333333333333 0.007857142857142858 0.018095238095238095
1 0.18928571428571428 0.5104761904761905 0.007142857142857143 0.01904761904761905
1 0.18357142857142858 0.6285714285714286 0.008571428571428572 0.017142857142857144
1 0.1625 0.7014285714285714 0.010714285714285714 0.021904761904761906
1 0.15464285714285714 0.7052380952380952 0.010714285714285714 0.021904761904761906
4 0.13964285714285715 0.680952380952381 0.007857142857142858 0.02095238095238095
5 0.1425 0.6861904761904762 0.019285714285714285 0.012380952380952381
1 0.18035714285714285 0.820952380952381 0.012142857142857143 0.024761904761904763
1 0.18821428571428572 0.8114285714285714 0.012142857142857143 0.02666666666666667
0 0.24285714285714285 0.9071428571428571 0.011428571428571429 0.039047619047619046
0 0.10142857142857142 0.7047619047619048 0.012857142857142857 0.02666666666666667
4 0.09035714285714286 0.6819047619047619 0.010714285714285714 0.013333333333333334
5 0.09214285714285714 0.6847619047619048 0.018571428571428572 0.011428571428571429
1 0.5307142857142857 0.5009523809523809 0.005714285714285714 0.015238095238095238
1 0.5303571428571429 0.4857142857142857 0.005 0.015238095238095238
1 0.5185714285714286 0.5061904761904762 0.005714285714285714 0.014285714285714285
4 0.44571428571428573 0.5161904761904762 0.008571428571428572 0.011428571428571429
4 0.5253571428571429 0.7223809523809523 0.009285714285714286 0.014285714285714285
2 0.5260714285714285 0.7309523809523809 0.009285714285714286 0.02
2 0.44571428571428573 0.5204761904761904 0.007142857142857143 0.014285714285714285
1 0.5146428571428572 0.45476190476190476 0.005 0.014285714285714285
1 0.5067857142857143 0.4514285714285714 0.005 0.013333333333333334
1 0.46714285714285714 0.42952380952380953 0.004285714285714286 0.011428571428571429
1 0.45714285714285713 0.46476190476190476 0.005714285714285714 0.013333333333333334
1 0.4725 0.46476190476190476 0.005 0.015238095238095238
7 0.48428571428571426 0.4261904761904762 0.017142857142857144 0.03142857142857143
6 0.5432142857142858 0.4523809523809524 0.027857142857142858 0.02095238095238095
6 0.5635714285714286 0.4452380952380952 0.02 0.025714285714285714
6 0.5932142857142857 0.44047619047619047 0.029285714285714286 0.01619047619047619
6 0.5875 0.4338095238095238 0.027857142857142858 0.014285714285714285
6 0.58 0.4261904761904762 0.027142857142857142 0.018095238095238095
6 0.6507142857142857 0.42142857142857143 0.02857142857142857 0.018095238095238095
6 0.6571428571428571 0.42857142857142855 0.03 0.01904761904761905
6 0.6660714285714285 0.44 0.030714285714285715 0.02095238095238095
6 0.59 0.4880952380952381 0.03571428571428571 0.02
6 0.5942857142857143 0.5023809523809524 0.03428571428571429 0.021904761904761906
6 0.6317857142857143 0.46904761904761905 0.035 0.018095238095238095
6 0.6857142857142857 0.47333333333333333 0.03428571428571429 0.02095238095238095
6 0.7775 0.4866666666666667 0.03642857142857143 0.02095238095238095
6 0.8292857142857143 0.5038095238095238 0.04 0.02095238095238095
6 0.675 0.49952380952380954 0.03571428571428571 0.02
7 0.6542857142857142 0.4838095238095238 0.04285714285714286 0.02666666666666667
11 0.7696428571428572 0.44857142857142857 0.06928571428571428 0.0419047619047619
0 0.6275 0.4357142857142857 0.016428571428571428 0.012380952380952381
1 0.6110714285714286 0.43047619047619046 0.0035714285714285713 0.015238095238095238
0 0.6021428571428571 0.4138095238095238 0.008571428571428572 0.014285714285714285
5 0.7828571428571428 0.5671428571428572 0.012857142857142857 0.010476190476190476
1 0.7825 0.5633333333333334 0.009285714285714286 0.012380952380952381
1 0.6425 0.8652380952380953 0.010714285714285714 0.025714285714285714
4 0.635 0.7461904761904762 0.014285714285714285 0.021904761904761906
4 0.6339285714285714 0.6680952380952381 0.009285714285714286 0.012380952380952381
4 0.6317857142857143 0.6957142857142857 0.010714285714285714 0.01619047619047619
4 0.6364285714285715 0.6619047619047619 0.008571428571428572 0.015238095238095238