6 0.3514285714285714 0.9225888324873096 0.054285714285714284 0.0583756345177665
6 0.7614285714285715 0.7195431472081218 0.03 0.06598984771573604
6 0.8239285714285715 0.6516497461928934 0.05071428571428571 0.0799492385786802
6 0.895 0.38451776649746194 0.04285714285714286 0.04568527918781726
6 0.7957142857142857 0.3686548223350254 0.04428571428571428 0.04949238578680203
7 0.6153571428571428 0.3026649746192893 0.04214285714285714 0.05710659898477157
6 0.5560714285714285 0.25380710659898476 0.035 0.04568527918781726
6 0.5878571428571429 0.18908629441624367 0.03428571428571429 0.04060913705583756
11 0.6417857142857143 0.25951776649746194 0.09357142857142857 0.13324873096446702
7 0.39464285714285713 0.23921319796954316 0.035 0.03426395939086294
7 0.4032142857142857 0.20304568527918782 0.03785714285714286 0.03807106598984772
7 0.355 0.21763959390862944 0.04 0.03934010152284264
6 0.3092857142857143 0.2550761421319797 0.03142857142857143 0.03553299492385787
6 0.265 0.29885786802030456 0.03857142857142857 0.044416243654822336
11 0.2032142857142857 0.35786802030456855 0.07785714285714286 0.13705583756345177
11 0.16178571428571428 0.6954314720812182 0.08071428571428571 0.23096446700507614
1 0.11464285714285714 0.350253807106599 0.010714285714285714 0.02030456852791878
1 0.21214285714285713 0.26713197969543145 0.01 0.0266497461928934
1 0.4035714285714286 0.04568527918781726 0.007142857142857143 0.02284263959390863
1 0.5067857142857143 0.03616751269035533 0.007857142857142858 0.031725888324873094
6 0.3989285714285714 0.1782994923857868 0.029285714285714286 0.0266497461928934
1 0.9757142857142858 0.36611675126903553 0.01 0.031725888324873094
1 0.7517857142857143 0.2785532994923858 0.005 0.021573604060913704
1 0.7792857142857142 0.29441624365482233 0.01 0.03299492385786802
1 0.7660714285714286 0.2848984771573604 0.007857142857142858 0.021573604060913704
1 0.7446428571428572 0.2753807106598985 0.007857142857142858 0.025380710659898477
1 0.7321428571428571 0.2569796954314721 0.008571428571428572 0.02918781725888325
1 0.06928571428571428 0.9270304568527918 0.014285714285714285 0.031725888324873094
1 0.06285714285714286 0.9352791878172588 0.011428571428571429 0.03299492385786802