6 0.03357142857142857 0.1967005076142132 0.012857142857142857 0.02284263959390863
7 0.06035714285714286 0.024746192893401017 0.04071428571428572 0.03934010152284264
6 0.22714285714285715 0.03236040609137056 0.018571428571428572 0.024111675126903553
6 0.2775 0.012690355329949238 0.023571428571428573 0.02284263959390863
6 0.32035714285714284 0.00951776649746193 0.02214285714285714 0.01903553299492386
6 0.19285714285714287 0.021573604060913704 0.022857142857142857 0.02030456852791878
8 0.3678571428571429 0.07868020304568528 0.03142857142857143 0.0532994923857868
6 0.2892857142857143 0.03807106598984772 0.011428571428571429 0.02030456852791878
7 0.3432142857142857 0.12119289340101523 0.012142857142857143 0.0266497461928934
2 0.14285714285714285 0.4980964467005076 0.01 0.013959390862944163
6 0.1442857142857143 0.5209390862944162 0.022857142857142857 0.0266497461928934
6 0.15857142857142856 0.5704314720812182 0.024285714285714285 0.031725888324873094
6 0.15357142857142858 0.5501269035532995 0.02 0.0266497461928934
1 0.3242857142857143 0.5291878172588832 0.004285714285714286 0.017766497461928935
1 0.3289285714285714 0.5266497461928934 0.0035714285714285713 0.01015228426395939
1 0.33285714285714285 0.5222081218274112 0.002857142857142857 0.008883248730964468
1 0.3625 0.559010152284264 0.0035714285714285713 0.013959390862944163
1 0.3682142857142857 0.5431472081218274 0.0035714285714285713 0.01015228426395939
1 0.37357142857142855 0.5482233502538071 0.004285714285714286 0.015228426395939087
1 0.3821428571428571 0.5964467005076142 0.002857142857142857 0.015228426395939087
1 0.375 0.6224619289340102 0.007142857142857143 0.01649746192893401
1 0.43107142857142855 0.7480964467005076 0.0035714285714285713 0.013959390862944163
1 0.3960714285714286 0.7715736040609137 0.005 0.01015228426395939
1 0.43642857142857144 0.7817258883248731 0.005714285714285714 0.012690355329949238
1 0.44285714285714284 0.7480964467005076 0.004285714285714286 0.013959390862944163
1 0.45357142857142857 0.6846446700507615 0.002857142857142857 0.011421319796954314
1 0.4060714285714286 0.6110406091370558 0.005 0.01649746192893401
1 0.4953571428571429 0.6928934010152284 0.005 0.012690355329949238
1 0.3982142857142857 0.5913705583756346 0.0035714285714285713 0.01015228426395939
1 0.4032142857142857 0.565989847715736 0.002142857142857143 0.015228426395939087
1 0.41678571428571426 0.5723350253807107 0.005 0.01015228426395939
7 0.41035714285714286 0.2398477157360406 0.015 0.027918781725888325
6 0.4475 0.29885786802030456 0.016428571428571428 0.0266497461928934
11 0.695 0.5532994923857868 0.06857142857142857 0.09898477157360407
6 0.6585714285714286 0.5539340101522843 0.02857142857142857 0.04187817258883249
6 0.7585714285714286 0.7373096446700508 0.03 0.04060913705583756
7 0.8403571428571428 0.7550761421319797 0.035 0.050761421319796954
7 0.8789285714285714 0.866751269035533 0.039285714285714285 0.04568527918781726
1 0.7225 0.8153553299492385 0.007857142857142858 0.011421319796954314