7 0.036071428571428574 0.035238095238095235 0.023571428571428573 0.030476190476190476
8 0.08107142857142857 0.04476190476190476 0.02642857142857143 0.047619047619047616
1 0.03535714285714286 0.051904761904761905 0.007857142857142858 0.014285714285714285
1 0.06035714285714286 0.05095238095238095 0.010714285714285714 0.014285714285714285
6 0.06 0.04285714285714286 0.015714285714285715 0.013333333333333334
6 0.054285714285714284 0.006666666666666667 0.012857142857142857 0.011428571428571429
1 0.0825 0.08333333333333333 0.007857142857142858 0.021904761904761906
1 0.07 0.0919047619047619 0.008571428571428572 0.023809523809523808
1 0.10642857142857143 0.1 0.007142857142857143 0.01904761904761905
1 0.12928571428571428 0.11952380952380952 0.005714285714285714 0.021904761904761906
1 0.025357142857142856 0.27380952380952384 0.020714285714285713 0.03333333333333333
6 0.125 0.1061904761904762 0.02 0.023809523809523808
8 0.1575 0.11 0.020714285714285713 0.037142857142857144
8 0.0875 0.15904761904761905 0.02214285714285714 0.030476190476190476
8 0.10607142857142857 0.23238095238095238 0.039285714285714285 0.07428571428571429
1 0.09428571428571429 0.2957142857142857 0.014285714285714285 0.023809523809523808
9 0.135 0.2857142857142857 0.03 0.04
6 0.23642857142857143 0.26285714285714284 0.041428571428571426 0.0419047619047619
6 0.21928571428571428 0.24 0.041428571428571426 0.03619047619047619
6 0.2925 0.33380952380952383 0.045 0.04285714285714286
1 0.11464285714285714 0.2885714285714286 0.012142857142857143 0.017142857142857144
6 0.135 0.32285714285714284 0.03571428571428571 0.05142857142857143
8 0.16535714285714287 0.37952380952380954 0.06928571428571428 0.09238095238095238
8 0.17642857142857143 0.43 0.05714285714285714 0.13047619047619047
6 0.22321428571428573 0.3976190476190476 0.04214285714285714 0.06571428571428571
5 0.22535714285714287 0.3314285714285714 0.019285714285714285 0.02666666666666667
4 0.22321428571428573 0.31523809523809526 0.012142857142857143 0.02095238095238095
8 0.15571428571428572 0.5119047619047619 0.06714285714285714 0.12857142857142856
1 0.2007142857142857 0.5723809523809524 0.014285714285714285 0.0419047619047619
1 0.22214285714285714 0.5576190476190476 0.02 0.04476190476190476
1 0.2032142857142857 0.5476190476190477 0.019285714285714285 0.0380952380952381
7 0.4835714285714286 0.48142857142857143 0.06142857142857143 0.09428571428571429
6 0.4257142857142857 0.5652380952380952 0.09714285714285714 0.06952380952380953
1 0.6482142857142857 0.3585714285714286 0.010714285714285714 0.025714285714285714
1 0.6946428571428571 0.35523809523809524 0.012142857142857143 0.02666666666666667
6 0.825 0.3457142857142857 0.047142857142857146 0.03619047619047619
2 0.7914285714285715 0.3657142857142857 0.02142857142857143 0.017142857142857144
5 0.7353571428571428 0.33095238095238094 0.02214285714285714 0.012380952380952381
2 0.7314285714285714 0.3233333333333333 0.015714285714285715 0.012380952380952381
6 0.6342857142857142 0.4419047619047619 0.06 0.05142857142857143
2 0.5975 0.38857142857142857 0.029285714285714286 0.022857142857142857
8 0.7885714285714286 0.5823809523809523 0.13285714285714287 0.16666666666666666
8 0.9117857142857143 0.6057142857142858 0.165 0.17333333333333334
7 0.7067857142857142 0.5652380952380952 0.08071428571428571 0.09238095238095238
6 0.8157142857142857 0.49476190476190474 0.05857142857142857 0.054285714285714284
6 0.9635714285714285 0.4604761904761905 0.06142857142857143 0.06380952380952382