6 0.5046428571428572 0.54 0.05785714285714286 0.10476190476190476
6 0.41535714285714287 0.18666666666666668 0.035 0.05904761904761905
6 0.375 0.20952380952380953 0.027142857142857142 0.05714285714285714
6 0.33464285714285713 0.08095238095238096 0.030714285714285715 0.0380952380952381
6 0.3985714285714286 0.03619047619047619 0.027142857142857142 0.03619047619047619
6 0.895 0.6185714285714285 0.10857142857142857 0.13238095238095238
6 0.7432142857142857 0.11523809523809524 0.055 0.045714285714285714
6 0.6064285714285714 0.18619047619047618 0.047142857142857146 0.054285714285714284
8 0.7746428571428572 0.43761904761904763 0.075 0.09428571428571429
6 0.08785714285714286 0.1519047619047619 0.03 0.05238095238095238
6 0.6896428571428571 0.06714285714285714 0.047857142857142855 0.03142857142857143
6 0.7171428571428572 0.0980952380952381 0.054285714285714284 0.03619047619047619
6 0.71 0.30095238095238097 0.047142857142857146 0.06476190476190476
7 0.07678571428571429 0.25047619047619046 0.04071428571428572 0.07428571428571429
6 0.4975 0.02095238095238095 0.035 0.0419047619047619
6 0.9721428571428572 0.7733333333333333 0.055714285714285716 0.10476190476190476
4 0.4925 0.07952380952380952 0.007857142857142858 0.014285714285714285
4 0.51 0.11523809523809524 0.008571428571428572 0.017142857142857144
4 0.5375 0.12523809523809523 0.007857142857142858 0.018095238095238095
2 0.4928571428571429 0.08904761904761904 0.012857142857142857 0.025714285714285714
2 0.5103571428571428 0.12095238095238095 0.010714285714285714 0.02666666666666667
2 0.5357142857142857 0.13333333333333333 0.01 0.024761904761904763
1 0.7742857142857142 0.49142857142857144 0.011428571428571429 0.03619047619047619
4 0.6332142857142857 0.29714285714285715 0.010714285714285714 0.02095238095238095
2 0.6314285714285715 0.30666666666666664 0.015714285714285715 0.03238095238095238
2 0.9532142857142857 0.3142857142857143 0.027857142857142858 0.02666666666666667
2 0.9307142857142857 0.2947619047619048 0.027142857142857142 0.023809523809523808
6 0.9507142857142857 0.38 0.08142857142857143 0.06666666666666667
4 0.905 0.8004761904761905 0.012857142857142857 0.029523809523809525
2 0.9017857142857143 0.8133333333333334 0.039285714285714285 0.06095238095238095