6 0.3 0.983 0.045 0.03133333333333333
6 0.2575 0.9466666666666667 0.027 0.036
2 0.2375 0.991 0.014 0.016666666666666666
2 0.23825 0.965 0.0125 0.019333333333333334
9 0.20675 0.9046666666666666 0.0235 0.02666666666666667
4 0.23725 0.9603333333333334 0.0095 0.016666666666666666
7 0.2 0.8733333333333333 0.035 0.03866666666666667
2 0.15875 0.8673333333333333 0.0085 0.017333333333333333
4 0.159 0.8633333333333333 0.007 0.012
7 0.1705 0.8353333333333334 0.028 0.036
1 0.1825 0.7966666666666666 0.008 0.018666666666666668
4 0.134 0.8306666666666667 0.007 0.016
5 0.13475 0.8346666666666667 0.0085 0.013333333333333334
6 0.14275 0.8056666666666666 0.0305 0.034
6 0.11675 0.774 0.0335 0.034666666666666665
6 0.092 0.7426666666666667 0.026 0.028
5 0.083 0.7703333333333333 0.01 0.015333333333333332
4 0.082 0.768 0.006 0.014666666666666666
6 0.0645 0.711 0.027 0.028666666666666667
1 0.051 0.7166666666666667 0.007 0.018666666666666668
5 0.02625 0.7053333333333334 0.0075 0.014666666666666666
4 0.02625 0.701 0.0065 0.014
6 0.04725 0.687 0.0265 0.027333333333333334
6 0.0275 0.6653333333333333 0.024 0.02666666666666667
5 0.42675 0.589 0.0085 0.01
0 0.4935 0.6183333333333333 0.082 0.054
5 0.4435 0.6023333333333334 0.009 0.01
6 0.17375 0.4046666666666667 0.0215 0.012
6 0.162 0.4023333333333333 0.02 0.012666666666666666
6 0.1535 0.39766666666666667 0.02 0.011333333333333334
6 0.1155 0.38433333333333336 0.021 0.01