7 0.11425 0.9743333333333334 0.0385 0.051333333333333335
1 0.136 0.9446666666666667 0.008 0.02
1 0.10925 0.9496666666666667 0.0085 0.014
1 0.1235 0.9376666666666666 0.009 0.022
7 0.1465 0.9073333333333333 0.03 0.058666666666666666
6 0.15875 0.8523333333333334 0.0425 0.054
6 0.153 0.8306666666666667 0.042 0.04133333333333333
6 0.205 0.876 0.027 0.04666666666666667
6 0.1715 0.9776666666666667 0.033 0.043333333333333335
6 0.18975 0.9273333333333333 0.0285 0.04933333333333333
6 0.274 0.9193333333333333 0.035 0.058666666666666666
6 0.28575 0.855 0.0255 0.048666666666666664
6 0.29675 0.9823333333333333 0.0245 0.034
6 0.42475 0.8806666666666667 0.0205 0.05333333333333334
6 0.464 0.9843333333333333 0.02 0.022
6 0.42975 0.767 0.0175 0.043333333333333335
6 0.4595 0.746 0.017 0.03866666666666667
6 0.446 0.6773333333333333 0.016 0.037333333333333336
6 0.54475 0.7623333333333333 0.0195 0.03666666666666667
7 0.58175 0.8423333333333334 0.0225 0.046
6 0.561 0.6913333333333334 0.017 0.030666666666666665
6 0.51325 0.6566666666666666 0.0145 0.02666666666666667
8 0.48925 0.6886666666666666 0.0195 0.05466666666666667
6 0.4725 0.6546666666666666 0.015 0.029333333333333333
6 0.46075 0.61 0.0135 0.025333333333333333
6 0.4735 0.5726666666666667 0.015 0.02666666666666667
6 0.54875 0.5973333333333334 0.0145 0.02266666666666667
6 0.45125 0.565 0.0135 0.024666666666666667
6 0.42725 0.5653333333333334 0.0135 0.025333333333333333
6 0.55175 0.548 0.0135 0.018666666666666668
6 0.5045 0.538 0.012 0.018666666666666668
6 0.522 0.5166666666666667 0.011 0.02
6 0.5025 0.5173333333333333 0.011 0.018666666666666668
6 0.47425 0.53 0.0115 0.021333333333333333
6 0.45175 0.522 0.0115 0.02266666666666667
6 0.435 0.49766666666666665 0.01 0.019333333333333334
6 0.481 0.5046666666666667 0.012 0.02
6 0.50225 0.497 0.0105 0.016666666666666666
6 0.5305 0.48133333333333334 0.01 0.016
6 0.546 0.4716666666666667 0.011 0.015333333333333332
6 0.456 0.48433333333333334 0.012 0.019333333333333334
6 0.2215 0.8233333333333334 0.029 0.04533333333333334
7 0.2675 0.7876666666666666 0.06 0.03666666666666667
6 0.21975 0.7836666666666666 0.0385 0.035333333333333335
6 0.268 0.7483333333333333 0.048 0.024666666666666667
1 0.19325 0.7713333333333333 0.0065 0.018666666666666668
1 0.20025 0.766 0.0065 0.016
1 0.23525 0.747 0.0065 0.016666666666666666
1 0.23375 0.739 0.0065 0.018
6 0.14525 0.779 0.0415 0.04066666666666666
6 0.18925 0.743 0.0355 0.042
6 0.1705 0.741 0.032 0.035333333333333335
7 0.2415 0.714 0.022 0.04533333333333334
6 0.20025 0.705 0.0335 0.03666666666666667
6 0.2515 0.687 0.016 0.026
6 0.221 0.674 0.02 0.03333333333333333
6 0.2635 0.6513333333333333 0.018 0.030666666666666665
6 0.2755 0.6236666666666667 0.018 0.026
6 0.2625 0.5673333333333334 0.03 0.018666666666666668
6 0.318 0.567 0.029 0.016666666666666666
6 0.2285 0.5683333333333334 0.027 0.016666666666666666
6 0.336 0.6126666666666667 0.017 0.030666666666666665
6 0.62075 0.9053333333333333 0.0235 0.052
2 0.60825 0.6386666666666667 0.0035 0.012
4 0.60875 0.6373333333333333 0.0035 0.012
2 0.4225 0.44266666666666665 0.003 0.008
2 0.4275 0.4126666666666667 0.003 0.006666666666666667
5 0.41725 0.4146666666666667 0.0035 0.008
4 0.4225 0.44 0.003 0.009333333333333334
4 0.42725 0.4106666666666667 0.0035 0.008
4 0.4175 0.41133333333333333 0.003 0.006666666666666667
1 0.4115 0.4043333333333333 0.003 0.008666666666666666
6 0.52625 0.416 0.0085 0.012
6 0.5395 0.419 0.009 0.012666666666666666
2 0.565 0.41833333333333333 0.003 0.008666666666666666
4 0.56525 0.417 0.0025 0.008666666666666666
6 0.461 0.38466666666666666 0.009 0.013333333333333334
6 0.472 0.384 0.008 0.013333333333333334
6 0.48525 0.38466666666666666 0.0085 0.013333333333333334
6 0.475 0.36966666666666664 0.008 0.011333333333333334
7 0.462 0.366 0.008 0.014666666666666666
6 0.52275 0.37533333333333335 0.0075 0.010666666666666666
6 0.53525 0.371 0.0075 0.01
6 0.50225 0.36466666666666664 0.0075 0.010666666666666666
6 0.4865 0.3556666666666667 0.008 0.012666666666666666
7 0.511 0.3526666666666667 0.007 0.012
6 0.48725 0.336 0.0075 0.010666666666666666
6 0.476 0.3413333333333333 0.007 0.010666666666666666
6 0.51875 0.335 0.0065 0.008666666666666666
11 0.534 0.331 0.01 0.024666666666666667
11 0.46725 0.32866666666666666 0.0105 0.024
6 0.47 0.317 0.006 0.01
6 0.479 0.32033333333333336 0.007 0.01
6 0.48975 0.31233333333333335 0.0075 0.011333333333333334
6 0.504 0.30566666666666664 0.006 0.007333333333333333
6 0.514 0.30533333333333335 0.007 0.008
6 0.47725 0.2876666666666667 0.0055 0.008666666666666666
6 0.51975 0.29 0.0065 0.008
6 0.51175 0.2886666666666667 0.0065 0.008
6 0.5245 0.2826666666666667 0.006 0.008
11 0.5315 0.278 0.009 0.02
11 0.53225 0.2653333333333333 0.0085 0.018666666666666668
6 0.5125 0.27566666666666667 0.006 0.007333333333333333
6 0.50525 0.2763333333333333 0.0055 0.007333333333333333
8 0.517 0.261 0.006 0.012666666666666666
6 0.49575 0.25833333333333336 0.0055 0.008666666666666666
6 0.52225 0.256 0.0055 0.006666666666666667
6 0.512 0.24966666666666668 0.005 0.006
6 0.5215 0.245 0.004 0.006
6 0.48375 0.247 0.0055 0.007333333333333333
6 0.492 0.24466666666666667 0.005 0.008
6 0.50825 0.23533333333333334 0.0045 0.006666666666666667
7 0.51575 0.23633333333333334 0.0045 0.007333333333333333
6 0.5235 0.224 0.005 0.005333333333333333
6 0.4875 0.22666666666666666 0.005 0.006666666666666667
6 0.48675 0.21933333333333332 0.0045 0.006666666666666667
8 0.47425 0.20666666666666667 0.0075 0.010666666666666666
8 0.465 0.22233333333333333 0.007 0.011333333333333334
6 0.51175 0.20566666666666666 0.0035 0.004666666666666667
6 0.5225 0.20333333333333334 0.004 0.004
11 0.488 0.18733333333333332 0.006 0.012
6 0.49925 0.194 0.0035 0.005333333333333333
6 0.511 0.19733333333333333 0.004 0.005333333333333333
6 0.51725 0.19666666666666666 0.0035 0.005333333333333333
0 0.516 0.14866666666666667 0.038 0.08133333333333333
2 0.8555 0.981 0.015 0.015333333333333332
5 0.81225 0.9653333333333334 0.0145 0.024
5 0.8305 0.988 0.02 0.016
1 0.82525 0.975 0.0075 0.019333333333333334