6 0.36225 0.7623333333333333 0.1105 0.18333333333333332
6 0.59825 0.529 0.0605 0.162
6 0.529 0.409 0.066 0.13933333333333334
6 0.76675 0.5636666666666666 0.1095 0.166
6 0.68725 0.43266666666666664 0.0975 0.13866666666666666
6 0.65125 0.3616666666666667 0.0915 0.14333333333333334
6 0.645 0.23666666666666666 0.074 0.13466666666666666
6 0.6955 0.11666666666666667 0.073 0.108
6 0.57075 0.3293333333333333 0.0715 0.116
6 0.5065 0.9123333333333333 0.109 0.17533333333333334
6 0.2345 0.9613333333333334 0.151 0.07733333333333334
7 0.8805 0.101 0.082 0.13533333333333333
8 0.81925 0.28633333333333333 0.0995 0.17533333333333334
8 0.875 0.3506666666666667 0.093 0.152
1 0.3255 0.10566666666666667 0.018 0.04066666666666666
1 0.235 0.2793333333333333 0.022 0.03866666666666667
1 0.25425 0.26966666666666667 0.0175 0.03133333333333333
1 0.265 0.262 0.021 0.034666666666666665
1 0.10875 0.3006666666666667 0.0165 0.03866666666666667
1 0.08725 0.4746666666666667 0.0335 0.029333333333333333
1 0.163 0.38966666666666666 0.04 0.03933333333333333
1 0.165 0.37466666666666665 0.031 0.03333333333333333
1 0.14125 0.37333333333333335 0.0295 0.042666666666666665
1 0.0905 0.43 0.035 0.029333333333333333
1 0.03975 0.4503333333333333 0.0365 0.024666666666666667
1 0.1655 0.42433333333333334 0.024 0.03
4 0.15275 0.427 0.0165 0.016666666666666666
1 0.1705 0.449 0.025 0.03
5 0.16975 0.435 0.0505 0.024666666666666667
2 0.09975 0.436 0.0505 0.04
2 0.047 0.452 0.05 0.04
2 0.02925 0.516 0.0505 0.04
1 0.09125 0.519 0.0325 0.027333333333333334
4 0.07675 0.542 0.0275 0.03333333333333333
1 0.72925 0.8463333333333334 0.0345 0.022
1 0.73825 0.6483333333333333 0.0295 0.022
1 0.489 0.6143333333333333 0.014 0.028666666666666667
1 0.5225 0.6553333333333333 0.014 0.021333333333333333
1 0.5425 0.6236666666666667 0.014 0.028666666666666667
1 0.5865 0.671 0.02 0.034
1 0.771 0.6936666666666667 0.023 0.028666666666666667
4 0.70425 0.79 0.0215 0.032
1 0.73525 0.7783333333333333 0.0245 0.03133333333333333
5 0.73725 0.7793333333333333 0.0455 0.03333333333333333
5 0.76575 0.7003333333333334 0.0505 0.038
5 0.58475 0.6713333333333333 0.0445 0.042666666666666665
4 0.448 0.5603333333333333 0.018 0.03266666666666666
1 0.484 0.44 0.019 0.029333333333333333
1 0.45825 0.37233333333333335 0.0145 0.03933333333333333
1 0.43375 0.42133333333333334 0.0215 0.032
2 0.4345 0.429 0.032 0.046
1 0.87975 0.818 0.0365 0.02
1 0.92825 0.7933333333333333 0.0445 0.025333333333333333
1 0.97375 0.7423333333333333 0.0385 0.020666666666666667
1 0.9195 0.649 0.038 0.020666666666666667
1 0.8995 0.7383333333333333 0.042 0.034
1 0.9045 0.683 0.033 0.03133333333333333
1 0.88875 0.6346666666666667 0.0405 0.030666666666666665
9 0.8955 0.7503333333333333 0.068 0.06066666666666667
2 0.89975 0.686 0.0455 0.034666666666666665
2 0.881 0.634 0.043 0.05466666666666667
8 0.93975 0.6356666666666667 0.1205 0.16733333333333333
1 0.976 0.7136666666666667 0.045 0.022
4 0.83675 0.44733333333333336 0.0155 0.021333333333333333
1 0.763 0.379 0.024 0.03
1 0.783 0.3566666666666667 0.021 0.034666666666666665
1 0.773 0.3303333333333333 0.025 0.03933333333333333
1 0.76025 0.2886666666666667 0.0225 0.04133333333333333
1 0.806 0.131 0.019 0.042
2 0.7275 0.032 0.016 0.052