1 0.314 0.311 0.005 0.016666666666666666
1 0.2755 0.33666666666666667 0.004 0.017333333333333333
1 0.31475 0.33 0.0065 0.017333333333333333
1 0.25725 0.341 0.0045 0.016666666666666666
1 0.2635 0.339 0.006 0.016666666666666666
1 0.2645 0.342 0.004 0.013333333333333334
1 0.267 0.3396666666666667 0.004 0.014
1 0.27 0.33066666666666666 0.006 0.016
4 0.27075 0.327 0.0035 0.01
1 0.34425 0.30733333333333335 0.0045 0.016
4 0.35525 0.2856666666666667 0.0055 0.008666666666666666
4 0.3715 0.25866666666666666 0.002 0.004
4 0.374 0.25933333333333336 0.002 0.005333333333333333
7 0.27175 0.36766666666666664 0.0335 0.028666666666666667
6 0.2725 0.353 0.021 0.020666666666666667
6 0.2955 0.351 0.022 0.023333333333333334
6 0.317 0.3476666666666667 0.018 0.022
6 0.3365 0.3566666666666667 0.023 0.024
6 0.3485 0.375 0.039 0.024666666666666667
6 0.38 0.362 0.023 0.02266666666666667
6 0.41375 0.346 0.0245 0.024
6 0.40375 0.33 0.0185 0.017333333333333333
1 0.10675 0.42533333333333334 0.0075 0.02266666666666667
7 0.16525 0.7386666666666667 0.1445 0.1
7 0.12675 0.8123333333333334 0.1665 0.10866666666666666
6 0.299 0.7113333333333334 0.057 0.11733333333333333
1 0.29175 0.5413333333333333 0.0145 0.042666666666666665
1 0.2655 0.593 0.018 0.048666666666666664
1 0.2535 0.615 0.016 0.04733333333333333
1 0.24175 0.6133333333333333 0.0175 0.04933333333333333
1 0.23025 0.607 0.0185 0.05
4 0.2125 0.554 0.013 0.029333333333333333
2 0.3305 0.624 0.021 0.048
7 0.36625 0.273 0.0115 0.016666666666666666
6 0.385 0.26033333333333336 0.019 0.01
6 0.3875 0.2633333333333333 0.017 0.009333333333333334
6 0.39175 0.263 0.0195 0.011333333333333334
6 0.39725 0.26466666666666666 0.0225 0.012
6 0.39925 0.26466666666666666 0.0235 0.010666666666666666
8 0.303 0.3883333333333333 0.04 0.03133333333333333
7 0.34325 0.341 0.0185 0.027333333333333334
7 0.44525 0.3556666666666667 0.0185 0.028666666666666667
7 0.45275 0.3406666666666667 0.0185 0.030666666666666665
7 0.4205 0.304 0.013 0.02266666666666667
7 0.4455 0.275 0.011 0.016666666666666666
7 0.46875 0.25633333333333336 0.0095 0.014
6 0.39125 0.3466666666666667 0.0215 0.025333333333333333
6 0.41375 0.313 0.0175 0.023333333333333334
6 0.4355 0.342 0.021 0.02266666666666667
6 0.49125 0.36666666666666664 0.0455 0.025333333333333333
6 0.4525 0.384 0.048 0.024
6 0.44375 0.418 0.0625 0.03866666666666667
7 0.4515 0.454 0.053 0.04933333333333333
6 0.45925 0.292 0.0135 0.014666666666666666
6 0.42725 0.29733333333333334 0.0135 0.014666666666666666
6 0.434 0.28733333333333333 0.014 0.017333333333333333
6 0.43875 0.2816666666666667 0.0115 0.012666666666666666
6 0.4525 0.2633333333333333 0.01 0.012
7 0.4485 0.2663333333333333 0.011 0.015333333333333332
6 0.4555 0.25833333333333336 0.01 0.011333333333333334
6 0.45925 0.255 0.0085 0.01
6 0.46175 0.25 0.0085 0.009333333333333334
7 0.46425 0.24533333333333332 0.0085 0.010666666666666666
6 0.46725 0.243 0.0075 0.008666666666666666
6 0.46825 0.24033333333333334 0.0075 0.007333333333333333
7 0.46975 0.23666666666666666 0.0075 0.010666666666666666
6 0.47225 0.234 0.0065 0.009333333333333334
6 0.47425 0.23233333333333334 0.0065 0.008666666666666666
7 0.47625 0.229 0.0075 0.01
7 0.47875 0.225 0.0065 0.01
6 0.48125 0.22166666666666668 0.0065 0.007333333333333333
6 0.4835 0.21766666666666667 0.007 0.008666666666666666
6 0.48575 0.21666666666666667 0.0055 0.006666666666666667
7 0.4865 0.21466666666666667 0.005 0.006666666666666667
6 0.48575 0.23033333333333333 0.0065 0.008666666666666666
6 0.45975 0.328 0.0165 0.02266666666666667
1 0.3825 0.37933333333333336 0.006 0.025333333333333333
1 0.389 0.37166666666666665 0.008 0.023333333333333334
1 0.39425 0.37233333333333335 0.0065 0.020666666666666667
1 0.39925 0.4003333333333333 0.0065 0.026
1 0.41525 0.4023333333333333 0.0055 0.020666666666666667
1 0.38825 0.43 0.0105 0.028
7 0.38925 0.475 0.0425 0.048666666666666664
1 0.40625 0.465 0.0105 0.04066666666666666
4 0.42025 0.439 0.0125 0.028666666666666667
2 0.41825 0.44466666666666665 0.0095 0.025333333333333333
1 0.455 0.49633333333333335 0.011 0.03666666666666667
1 0.47425 0.5283333333333333 0.0145 0.04466666666666667
1 0.49625 0.5583333333333333 0.0115 0.05
1 0.49025 0.5436666666666666 0.0145 0.042
1 0.482 0.5513333333333333 0.009 0.029333333333333333
4 0.516 0.4623333333333333 0.012 0.03
2 0.51625 0.4703333333333333 0.0245 0.026
1 0.52375 0.5803333333333334 0.0145 0.04466666666666667
1 0.50925 0.614 0.0125 0.044
4 0.513 0.6356666666666667 0.01 0.016666666666666666
1 0.50675 0.7846666666666666 0.0155 0.06533333333333333
1 0.5055 0.7686666666666667 0.015 0.06533333333333333
4 0.537 0.8863333333333333 0.029 0.058
1 0.58875 0.8396666666666667 0.0145 0.06866666666666667
1 0.59675 0.7866666666666666 0.0195 0.06133333333333333
1 0.59925 0.745 0.0185 0.05533333333333333
1 0.5715 0.7656666666666667 0.017 0.06066666666666667
1 0.5515 0.6383333333333333 0.016 0.05533333333333333
4 0.64275 0.6003333333333334 0.0155 0.03266666666666666
4 0.58825 0.5606666666666666 0.0145 0.036
1 0.67325 0.5406666666666666 0.0165 0.044
6 0.5695 0.5993333333333334 0.066 0.1
7 0.7025 0.621 0.076 0.12066666666666667
1 0.73925 0.7453333333333333 0.0225 0.06666666666666667
1 0.76025 0.684 0.0165 0.04666666666666667
4 0.57 0.42333333333333334 0.009 0.018666666666666668
4 0.5815 0.423 0.01 0.022
4 0.639 0.487 0.011 0.020666666666666667
4 0.64875 0.4866666666666667 0.0105 0.018666666666666668
4 0.688 0.489 0.011 0.026
4 0.734 0.5496666666666666 0.008 0.026
1 0.60075 0.253 0.0035 0.012666666666666666
6 0.68275 0.2693333333333333 0.0235 0.013333333333333334
6 0.68875 0.276 0.0285 0.012
6 0.691 0.238 0.02 0.009333333333333334
6 0.681 0.23433333333333334 0.019 0.008666666666666666
6 0.66875 0.22833333333333333 0.0125 0.008666666666666666
6 0.6645 0.22666666666666666 0.013 0.008
6 0.61675 0.247 0.0195 0.011333333333333334
6 0.61425 0.244 0.0195 0.010666666666666666
6 0.612 0.24133333333333334 0.02 0.009333333333333334
6 0.607 0.24133333333333334 0.016 0.009333333333333334
6 0.60475 0.239 0.0185 0.008666666666666666
6 0.60375 0.23833333333333334 0.0145 0.01
6 0.60275 0.23766666666666666 0.0185 0.01
6 0.601 0.23466666666666666 0.016 0.009333333333333334
6 0.591 0.231 0.016 0.008666666666666666
6 0.597 0.22933333333333333 0.017 0.008
6 0.598 0.22866666666666666 0.016 0.009333333333333334
6 0.61775 0.22966666666666666 0.0155 0.008666666666666666
6 0.61525 0.229 0.0145 0.007333333333333333
6 0.60875 0.22433333333333333 0.0155 0.008666666666666666
7 0.60475 0.222 0.0175 0.009333333333333334
6 0.63375 0.22066666666666668 0.0065 0.008
7 0.7275 0.24733333333333332 0.014 0.014666666666666666
6 0.6445 0.247 0.021 0.01
6 0.64075 0.24466666666666667 0.0175 0.009333333333333334
8 0.6445 0.257 0.04 0.019333333333333334
8 0.65775 0.22233333333333333 0.0225 0.011333333333333334
8 0.6485 0.21933333333333332 0.019 0.013333333333333334
8 0.5915 0.21833333333333332 0.018 0.01
8 0.6365 0.21466666666666667 0.019 0.012
8 0.632 0.21166666666666667 0.025 0.014
8 0.634 0.23866666666666667 0.022 0.014666666666666666
8 0.6275 0.23166666666666666 0.025 0.016666666666666666
11 0.7075 0.24033333333333334 0.023 0.023333333333333334
2 0.6545 0.39066666666666666 0.009 0.024
2 0.73075 0.38366666666666666 0.0125 0.016666666666666666
2 0.7135 0.37366666666666665 0.009 0.016666666666666666
2 0.72225 0.37833333333333335 0.0045 0.018
2 0.71825 0.37833333333333335 0.0055 0.018
2 0.5655 0.4856666666666667 0.027 0.023333333333333334
2 0.6415 0.613 0.013 0.046
4 0.6995 0.9143333333333333 0.028 0.062
5 0.69925 0.9363333333333334 0.0255 0.09666666666666666
5 0.58825 0.5756666666666667 0.0195 0.03133333333333333
5 0.66375 0.5043333333333333 0.0265 0.03
2 0.77925 0.5076666666666667 0.0205 0.022
1 0.5745 0.434 0.008 0.029333333333333333
1 0.60025 0.498 0.0135 0.036
1 0.6085 0.5036666666666667 0.009 0.028666666666666667
1 0.686 0.3863333333333333 0.014 0.028666666666666667
1 0.68425 0.375 0.0065 0.016666666666666666
1 0.759 0.373 0.006 0.027333333333333334
1 0.69825 0.401 0.0075 0.020666666666666667
1 0.666 0.483 0.012 0.03666666666666667
1 0.6285 0.5026666666666667 0.013 0.03866666666666667
1 0.701 0.5003333333333333 0.012 0.043333333333333335
1 0.63175 0.488 0.0085 0.030666666666666665
1 0.644 0.51 0.012 0.037333333333333336
1 0.658 0.49466666666666664 0.009 0.032
4 0.659 0.509 0.007 0.023333333333333334
8 0.67325 0.41733333333333333 0.0805 0.042666666666666665
7 0.72175 0.43366666666666664 0.0415 0.056666666666666664
7 0.74725 0.468 0.0575 0.058666666666666666
7 0.7415 0.513 0.077 0.056666666666666664
1 0.71475 0.49133333333333334 0.0105 0.03333333333333333
1 0.71525 0.4836666666666667 0.0095 0.035333333333333335
1 0.7445 0.49166666666666664 0.011 0.03666666666666667
1 0.744 0.49833333333333335 0.009 0.034
4 0.7635 0.4876666666666667 0.012 0.035333333333333335
1 0.7755 0.5013333333333333 0.009 0.030666666666666665
1 0.79025 0.49166666666666664 0.0115 0.03933333333333333
1 0.77075 0.49533333333333335 0.0115 0.03866666666666667
4 0.7785 0.48933333333333334 0.012 0.02266666666666667
1 0.72675 0.534 0.0115 0.044
1 0.738 0.5576666666666666 0.017 0.042
0 0.81575 0.36433333333333334 0.0815 0.046
1 0.773 0.37333333333333335 0.007 0.029333333333333333
1 0.8035 0.6676666666666666 0.016 0.056666666666666664
1 0.78775 0.7736666666666666 0.0235 0.06466666666666666
1 0.81575 0.794 0.0245 0.072
1 0.85425 0.819 0.0265 0.07266666666666667
1 0.88175 0.853 0.0365 0.07
1 0.79675 0.973 0.0275 0.054
1 0.909 0.8773333333333333 0.035 0.07466666666666667
1 0.88775 0.7883333333333333 0.0235 0.058
2 0.824 0.8086666666666666 0.023 0.072
6 0.82125 0.901 0.1415 0.198
5 0.92475 0.4826666666666667 0.0215 0.024
1 0.973 0.522 0.013 0.036
4 0.991 0.4846666666666667 0.015 0.025333333333333333