6 0.6428571428571429 0.8904761904761904 0.045714285714285714 0.05333333333333334
6 0.6671428571428571 0.9219047619047619 0.04285714285714286 0.05714285714285714
2 0.6217857142857143 0.9280952380952381 0.02214285714285714 0.021904761904761906
2 0.6692857142857143 0.9633333333333334 0.017142857142857144 0.021904761904761906
0 0.5082142857142857 0.8904761904761904 0.03357142857142857 0.03428571428571429
6 0.5610714285714286 0.6561904761904762 0.030714285714285715 0.03619047619047619
6 0.5903571428571428 0.6242857142857143 0.027857142857142858 0.03142857142857143
6 0.6075 0.6109523809523809 0.027857142857142858 0.02761904761904762
6 0.5807142857142857 0.5785714285714286 0.03 0.021904761904761906
8 0.5692857142857143 0.5628571428571428 0.032857142857142856 0.024761904761904763
6 0.44035714285714284 0.57 0.030714285714285715 0.02
6 0.4014285714285714 0.4976190476190476 0.02857142857142857 0.018095238095238095
6 0.39535714285714285 0.48523809523809525 0.02642857142857143 0.018095238095238095
8 0.3992857142857143 0.46714285714285714 0.032857142857142856 0.025714285714285714
8 0.385 0.45095238095238094 0.024285714285714285 0.014285714285714285
8 0.3817857142857143 0.4319047619047619 0.02214285714285714 0.014285714285714285
8 0.3842857142857143 0.42523809523809525 0.022857142857142857 0.010476190476190476
8 0.37107142857142855 0.3933333333333333 0.020714285714285713 0.011428571428571429
8 0.3725 0.379047619047619 0.019285714285714285 0.013333333333333334
8 0.3296428571428571 0.3914285714285714 0.010714285714285714 0.01904761904761905
7 0.38357142857142856 0.34285714285714286 0.015714285714285715 0.011428571428571429
7 0.3914285714285714 0.32666666666666666 0.007142857142857143 0.011428571428571429
7 0.2975 0.49333333333333335 0.012142857142857143 0.015238095238095238
2 0.37464285714285717 0.5914285714285714 0.005 0.017142857142857144
8 0.38035714285714284 0.22857142857142856 0.005 0.011428571428571429
7 0.38607142857142857 0.2123809523809524 0.005 0.007619047619047619
0 0.38607142857142857 0.2604761904761905 0.0064285714285714285 0.023809523809523808
6 0.32142857142857145 0.6490476190476191 0.04 0.03333333333333333