6 0.055357142857142855 0.9852380952380952 0.04071428571428572 0.029523809523809525
6 0.10678571428571429 0.9419047619047619 0.05071428571428571 0.06095238095238095
1 0.2764285714285714 0.7671428571428571 0.008571428571428572 0.012380952380952381
1 0.2735714285714286 0.7590476190476191 0.005714285714285714 0.013333333333333334
6 0.5453571428571429 0.960952380952381 0.04214285714285714 0.05333333333333334
6 0.5117857142857143 0.9038095238095238 0.04357142857142857 0.049523809523809526
6 0.49178571428571427 0.8766666666666667 0.04214285714285714 0.05047619047619047
6 0.4789285714285714 0.8471428571428572 0.039285714285714285 0.04666666666666667
7 0.4660714285714286 0.8242857142857143 0.04357142857142857 0.04857142857142857
7 0.44 0.7685714285714286 0.037142857142857144 0.045714285714285714
6 0.42142857142857143 0.7390476190476191 0.04 0.047619047619047616
2 0.5703571428571429 0.9895238095238095 0.010714285714285714 0.02095238095238095
8 0.6807142857142857 0.981904761904762 0.03 0.03619047619047619
6 0.8357142857142857 0.9814285714285714 0.04 0.037142857142857144
7 0.7182142857142857 0.8123809523809524 0.039285714285714285 0.05904761904761905
7 0.7539285714285714 0.8061904761904762 0.045 0.06
2 0.7539285714285714 0.7728571428571429 0.016428571428571428 0.018095238095238095
4 0.7546428571428572 0.7704761904761904 0.010714285714285714 0.013333333333333334
1 0.6557142857142857 0.7333333333333333 0.008571428571428572 0.015238095238095238
6 0.6882142857142857 0.7033333333333334 0.03785714285714286 0.05047619047619047
1 0.7478571428571429 0.7476190476190476 0.01 0.015238095238095238
6 0.5521428571428572 0.7619047619047619 0.03571428571428571 0.05142857142857143
6 0.5225 0.7119047619047619 0.03357142857142857 0.05047619047619047
2 0.47035714285714286 0.6538095238095238 0.013571428571428571 0.021904761904761906
8 0.49107142857142855 0.6528571428571428 0.045 0.06571428571428571
6 0.4589285714285714 0.6014285714285714 0.03214285714285714 0.04857142857142857
10 0.435 0.559047619047619 0.03 0.04380952380952381
6 0.41 0.5204761904761904 0.02857142857142857 0.039047619047619046
6 0.3892857142857143 0.4819047619047619 0.02857142857142857 0.03619047619047619
9 0.5392857142857143 0.590952380952381 0.017142857142857144 0.02761904761904762
7 0.5803571428571429 0.5576190476190476 0.03214285714285714 0.039047619047619046
6 0.49 0.43523809523809526 0.027142857142857142 0.03238095238095238
6 0.34714285714285714 0.5933333333333334 0.03857142857142857 0.0380952380952381
7 0.335 0.5761904761904761 0.03142857142857143 0.03619047619047619
6 0.3314285714285714 0.5552380952380952 0.04 0.03619047619047619
6 0.31357142857142856 0.5304761904761904 0.04 0.03428571428571429
6 0.3053571428571429 0.5147619047619048 0.039285714285714285 0.03333333333333333
6 0.295 0.49714285714285716 0.03857142857142857 0.02666666666666667
6 0.2857142857142857 0.4780952380952381 0.03571428571428571 0.03428571428571429
6 0.27464285714285713 0.4576190476190476 0.03642857142857143 0.03142857142857143
6 0.36714285714285716 0.44904761904761903 0.024285714285714285 0.035238095238095235
6 0.34035714285714286 0.4114285714285714 0.027857142857142858 0.03619047619047619
6 0.31857142857142856 0.3719047619047619 0.022857142857142857 0.03142857142857143
6 0.2546428571428571 0.43 0.03642857142857143 0.03333333333333333
6 0.23964285714285713 0.3961904761904762 0.03642857142857143 0.02857142857142857
6 0.23392857142857143 0.37857142857142856 0.03357142857142857 0.029523809523809525
6 0.22642857142857142 0.36857142857142855 0.032857142857142856 0.030476190476190476
7 0.24714285714285714 0.4147619047619048 0.03428571428571429 0.035238095238095235
7 0.2960714285714286 0.3385714285714286 0.023571428571428573 0.035238095238095235
7 0.2789285714285714 0.30952380952380953 0.020714285714285713 0.02857142857142857
6 0.2639285714285714 0.28714285714285714 0.019285714285714285 0.03142857142857143
6 0.24571428571428572 0.26285714285714284 0.022857142857142857 0.02857142857142857
6 0.2292857142857143 0.23904761904761904 0.022857142857142857 0.02857142857142857
8 0.18892857142857142 0.30714285714285716 0.030714285714285715 0.037142857142857144
6 0.17964285714285713 0.2976190476190476 0.029285714285714286 0.02761904761904762
1 0.2275 0.31666666666666665 0.005 0.012380952380952381
1 0.19178571428571428 0.24523809523809523 0.0064285714285714285 0.014285714285714285
6 0.2117857142857143 0.21571428571428572 0.02214285714285714 0.025714285714285714
6 0.19107142857142856 0.19666666666666666 0.019285714285714285 0.021904761904761906
7 0.14357142857142857 0.19666666666666666 0.02 0.023809523809523808
6 0.15714285714285714 0.15142857142857144 0.02142857142857143 0.022857142857142857
8 0.19785714285714287 0.09857142857142857 0.03142857142857143 0.04666666666666667
6 0.28464285714285714 0.1657142857142857 0.020714285714285713 0.022857142857142857
8 0.18678571428571428 0.054285714285714284 0.020714285714285713 0.02666666666666667
2 0.22214285714285714 0.07904761904761905 0.01 0.011428571428571429
6 0.05928571428571429 0.10047619047619048 0.024285714285714285 0.018095238095238095
8 0.10464285714285715 0.08857142857142856 0.039285714285714285 0.05142857142857143
7 0.08428571428571428 0.05904761904761905 0.018571428571428572 0.024761904761904763
1 0.05714285714285714 0.06190476190476191 0.005714285714285714 0.011428571428571429
7 0.04321428571428571 0.02 0.02642857142857143 0.01904761904761905
6 0.02857142857142857 0.005714285714285714 0.027142857142857142 0.011428571428571429
6 0.13857142857142857 0.009523809523809525 0.017142857142857144 0.01904761904761905
6 0.15178571428571427 0.008571428571428572 0.02214285714285714 0.017142857142857144
8 0.10071428571428571 0.16047619047619047 0.027142857142857142 0.021904761904761906
7 0.26357142857142857 0.44142857142857145 0.032857142857142856 0.037142857142857144
2 0.7628571428571429 0.9285714285714286 0.02142857142857143 0.02857142857142857
6 0.8082142857142857 0.7004761904761905 0.039285714285714285 0.05238095238095238
7 0.7742857142857142 0.6523809523809524 0.03571428571428571 0.0419047619047619
9 0.6910714285714286 0.6066666666666667 0.027857142857142858 0.0419047619047619
1 0.6710714285714285 0.5961904761904762 0.007857142857142858 0.015238095238095238
1 0.6846428571428571 0.5876190476190476 0.0064285714285714285 0.013333333333333334
1 0.7157142857142857 0.5747619047619048 0.008571428571428572 0.014285714285714285
1 0.7171428571428572 0.5157142857142857 0.005714285714285714 0.014285714285714285
7 0.7564285714285715 0.5161904761904762 0.03571428571428571 0.04
6 0.7739285714285714 0.5342857142857143 0.030714285714285715 0.03428571428571429
6 0.79 0.5476190476190477 0.032857142857142856 0.03619047619047619
6 0.8046428571428571 0.5704761904761905 0.035 0.0380952380952381
6 0.8260714285714286 0.5928571428571429 0.03642857142857143 0.040952380952380955
7 0.8628571428571429 0.6333333333333333 0.03857142857142857 0.0419047619047619
6 0.8810714285714286 0.6533333333333333 0.03642857142857143 0.0419047619047619
6 0.9207142857142857 0.7047619047619048 0.03571428571428571 0.04380952380952381
6 0.8746428571428572 0.7780952380952381 0.03785714285714286 0.049523809523809526
1 0.9353571428571429 0.7876190476190477 0.0064285714285714285 0.011428571428571429
6 0.9642857142857143 0.8895238095238095 0.04 0.047619047619047616
1 0.9742857142857143 0.8333333333333334 0.008571428571428572 0.011428571428571429
6 0.9914285714285714 0.800952380952381 0.017142857142857144 0.03619047619047619
2 0.9932142857142857 0.719047619047619 0.012142857142857143 0.015238095238095238
2 0.9825 0.7038095238095238 0.012142857142857143 0.017142857142857144
6 0.7882142857142858 0.4714285714285714 0.035 0.022857142857142857
1 0.7575 0.46714285714285714 0.007857142857142858 0.01619047619047619
6 0.7985714285714286 0.44047619047619047 0.03857142857142857 0.02761904761904762
7 0.7975 0.4180952380952381 0.03214285714285714 0.02666666666666667
6 0.7814285714285715 0.3180952380952381 0.018571428571428572 0.02666666666666667
6 0.9003571428571429 0.29333333333333333 0.02642857142857143 0.02095238095238095
2 0.49142857142857144 0.4680952380952381 0.01 0.014285714285714285
4 0.49178571428571427 0.46476190476190476 0.0064285714285714285 0.013333333333333334
5 0.54 0.4514285714285714 0.011428571428571429 0.011428571428571429
4 0.5403571428571429 0.44666666666666666 0.0064285714285714285 0.011428571428571429
1 0.45 0.3647619047619048 0.004285714285714286 0.009523809523809525
8 0.4567857142857143 0.3504761904761905 0.035 0.047619047619047616
8 0.38785714285714284 0.29619047619047617 0.032857142857142856 0.04380952380952381
7 0.6339285714285714 0.34809523809523807 0.02642857142857143 0.035238095238095235
1 0.6546428571428572 0.34809523809523807 0.0064285714285714285 0.014285714285714285
6 0.6535714285714286 0.32285714285714284 0.025714285714285714 0.030476190476190476
7 0.6807142857142857 0.2904761904761905 0.02 0.030476190476190476
6 0.7003571428571429 0.26571428571428574 0.023571428571428573 0.030476190476190476
6 0.7196428571428571 0.23857142857142857 0.023571428571428573 0.029523809523809525
7 0.74 0.21 0.022857142857142857 0.03142857142857143
6 0.7585714285714286 0.19380952380952382 0.022857142857142857 0.02761904761904762
6 0.7757142857142857 0.17095238095238094 0.02142857142857143 0.02761904761904762
7 0.7875 0.14714285714285713 0.019285714285714285 0.02761904761904762
6 0.8028571428571428 0.1319047619047619 0.018571428571428572 0.025714285714285714
6 0.685 0.11238095238095239 0.024285714285714285 0.024761904761904763
6 0.7035714285714286 0.14238095238095239 0.018571428571428572 0.02
6 0.6871428571428572 0.15857142857142856 0.027142857142857142 0.023809523809523808
6 0.6682142857142858 0.1742857142857143 0.027857142857142858 0.022857142857142857
6 0.6442857142857142 0.1361904761904762 0.025714285714285714 0.022857142857142857
6 0.5885714285714285 0.20476190476190476 0.03142857142857143 0.02857142857142857
6 0.6039285714285715 0.19857142857142857 0.02642857142857143 0.02761904761904762
6 0.5057142857142857 0.15857142857142856 0.025714285714285714 0.02761904761904762
7 0.4785714285714286 0.13095238095238096 0.027142857142857142 0.02761904761904762
6 0.44 0.07761904761904762 0.024285714285714285 0.023809523809523808
6 0.4160714285714286 0.06095238095238095 0.02214285714285714 0.02095238095238095
6 0.3892857142857143 0.034761904761904765 0.018571428571428572 0.021904761904761906
6 0.35035714285714287 0.006666666666666667 0.020714285714285713 0.013333333333333334
1 0.2571428571428571 0.10714285714285714 0.005714285714285714 0.012380952380952381
7 0.8942857142857142 0.15142857142857144 0.02142857142857143 0.02857142857142857
7 0.9596428571428571 0.06476190476190476 0.019285714285714285 0.02666666666666667
6 0.8717857142857143 0.04523809523809524 0.017857142857142856 0.023809523809523808
6 0.8967857142857143 0.010952380952380953 0.016428571428571428 0.021904761904761906