6 0.125 0.022208121827411168 0.008571428571428572 0.021573604060913704
6 0.15678571428571428 0.011421319796954314 0.007857142857142858 0.02284263959390863
6 0.1632142857142857 0.010786802030456852 0.007857142857142858 0.01903553299492386
6 0.18821428571428572 0.006979695431472081 0.0064285714285714285 0.013959390862944163
7 0.14785714285714285 0.03362944162436548 0.007142857142857143 0.024111675126903553
6 0.10178571428571428 0.08692893401015228 0.007857142857142858 0.01903553299492386
7 0.11035714285714286 0.08756345177664974 0.009285714285714286 0.02284263959390863
7 0.1225 0.08819796954314721 0.0064285714285714285 0.01903553299492386
7 0.13142857142857142 0.08692893401015228 0.007142857142857143 0.021573604060913704
6 0.13892857142857143 0.08629441624365482 0.0064285714285714285 0.02030456852791878
6 0.1475 0.08439086294416244 0.007857142857142858 0.021573604060913704
6 0.16392857142857142 0.07677664974619289 0.009285714285714286 0.021573604060913704
6 0.17142857142857143 0.07550761421319797 0.008571428571428572 0.021573604060913704
6 0.17892857142857144 0.07423857868020305 0.007857142857142858 0.01903553299492386
6 0.18785714285714286 0.07360406091370558 0.007142857142857143 0.017766497461928935
6 0.1957142857142857 0.0717005076142132 0.008571428571428572 0.0266497461928934
7 0.2814285714285714 0.08883248730964467 0.017142857142857144 0.02030456852791878
1 0.23142857142857143 0.005076142131979695 0.002857142857142857 0.005076142131979695
1 0.3182142857142857 0.050761421319796954 0.002142857142857143 0.007614213197969543
1 0.3217857142857143 0.05012690355329949 0.0035714285714285713 0.006345177664974619
8 0.14535714285714285 0.24809644670050762 0.010714285714285714 0.03426395939086294
6 0.29392857142857143 0.8223350253807107 0.007857142857142858 0.02284263959390863
1 0.4 0.04251269035532995 0.0014285714285714286 0.006345177664974619
1 0.4010714285714286 0.03934010152284264 0.0035714285714285713 0.005076142131979695
6 0.45071428571428573 0.12373096446700507 0.01 0.024111675126903553
6 0.45821428571428574 0.10913705583756345 0.009285714285714286 0.02284263959390863
6 0.4660714285714286 0.015228426395939087 0.010714285714285714 0.02284263959390863
7 0.4832142857142857 0.16624365482233502 0.009285714285714286 0.025380710659898477
7 0.5057142857142857 0.30583756345177665 0.01 0.027918781725888325
7 0.5346428571428572 0.2785532994923858 0.010714285714285714 0.031725888324873094
7 0.4632142857142857 0.07741116751269035 0.009285714285714286 0.025380710659898477
8 0.48678571428571427 0.03680203045685279 0.02214285714285714 0.06091370558375635
8 0.5117857142857143 0.01903553299492386 0.015 0.03807106598984772
6 0.5403571428571429 0.13007614213197968 0.010714285714285714 0.0266497461928934
6 0.5242857142857142 0.39276649746192893 0.011428571428571429 0.02918781725888325
7 0.5257142857142857 0.4593908629441624 0.011428571428571429 0.030456852791878174
6 0.4632142857142857 0.7709390862944162 0.010714285714285714 0.03426395939086294
6 0.5182142857142857 0.7385786802030457 0.012142857142857143 0.03553299492385787
6 0.5264285714285715 0.7322335025380711 0.012857142857142857 0.03553299492385787
6 0.5167857142857143 0.8362944162436549 0.013571428571428571 0.03299492385786802
6 0.4332142857142857 0.8286802030456852 0.012142857142857143 0.025380710659898477
7 0.47928571428571426 0.8578680203045685 0.011428571428571429 0.03553299492385787
6 0.5460714285714285 0.8217005076142132 0.013571428571428571 0.03680203045685279
6 0.5560714285714285 0.8140862944162437 0.015 0.03680203045685279
7 0.5514285714285714 0.7550761421319797 0.012857142857142857 0.03553299492385787
6 0.6646428571428571 0.940989847715736 0.013571428571428571 0.04187817258883249
6 0.67 0.8483502538071066 0.014285714285714285 0.03934010152284264
6 0.5932142857142857 0.6979695431472082 0.012142857142857143 0.03299492385786802
7 0.6307142857142857 0.6833756345177665 0.014285714285714285 0.03934010152284264
6 0.5560714285714285 0.5926395939086294 0.012142857142857143 0.03553299492385787
8 0.6264285714285714 0.5926395939086294 0.018571428571428572 0.06091370558375635
7 0.6246428571428572 0.4784263959390863 0.012142857142857143 0.03299492385786802
6 0.5432142857142858 0.47652284263959394 0.012142857142857143 0.031725888324873094
6 0.5528571428571428 0.4600253807106599 0.011428571428571429 0.0266497461928934
11 0.6403571428571428 0.33058375634517767 0.030714285714285715 0.09263959390862944
11 0.5646428571428571 0.34454314720812185 0.02642857142857143 0.08248730964467005
1 0.6757142857142857 0.10152284263959391 0.0014285714285714286 0.01015228426395939
6 0.8178571428571428 0.4479695431472081 0.012857142857142857 0.030456852791878174
6 0.8607142857142858 0.5057106598984772 0.017142857142857144 0.01903553299492386
6 0.9632142857142857 0.3610406091370558 0.016428571428571428 0.0266497461928934
6 0.9532142857142857 0.36738578680203043 0.016428571428571428 0.031725888324873094
6 0.9717857142857143 0.3553299492385787 0.016428571428571428 0.030456852791878174
6 0.9467857142857142 0.3743654822335025 0.019285714285714285 0.03299492385786802
6 0.8921428571428571 0.4010152284263959 0.017142857142857144 0.03299492385786802
6 0.8678571428571429 0.41624365482233505 0.015714285714285715 0.030456852791878174
6 0.8853571428571428 0.40609137055837563 0.016428571428571428 0.030456852791878174
6 0.9107142857142857 0.39213197969543145 0.017142857142857144 0.03299492385786802
7 0.9271428571428572 0.3813451776649746 0.017142857142857144 0.03426395939086294
7 0.8860714285714286 0.4384517766497462 0.023571428571428573 0.024111675126903553
7 0.8321428571428572 0.4384517766497462 0.014285714285714285 0.03426395939086294
7 0.86 0.4854060913705584 0.02 0.024111675126903553