0 0.49714285714285716 0.04523809523809524 0.008571428571428572 0.018095238095238095
0 0.42607142857142855 0.1019047619047619 0.013571428571428571 0.049523809523809526
0 0.5014285714285714 0.08714285714285715 0.015714285714285715 0.04285714285714286
0 0.5160714285714286 0.1895238095238095 0.0064285714285714285 0.009523809523809525
0 0.5075 0.12095238095238095 0.009285714285714286 0.013333333333333334
0 0.4257142857142857 0.23142857142857143 0.008571428571428572 0.030476190476190476
0 0.4235714285714286 0.2838095238095238 0.004285714285714286 0.013333333333333334
0 0.41 0.3057142857142857 0.012857142857142857 0.009523809523809525
3 0.84 0.3761904761904762 0.03857142857142857 0.0419047619047619
6 0.16607142857142856 0.9709523809523809 0.039285714285714285 0.058095238095238096
6 0.1425 0.9557142857142857 0.04642857142857143 0.08476190476190476
8 0.34035714285714286 0.7438095238095238 0.07214285714285715 0.20952380952380953
8 0.2789285714285714 0.6676190476190477 0.055 0.03619047619047619
8 0.43964285714285717 0.2761904761904762 0.009285714285714286 0.02095238095238095
8 0.445 0.1976190476190476 0.008571428571428572 0.02761904761904762
3 0.5771428571428572 0.15 0.024285714285714285 0.014285714285714285
3 0.5767857142857142 0.1457142857142857 0.02214285714285714 0.013333333333333334
6 0.5528571428571428 0.14476190476190476 0.004285714285714286 0.005714285714285714
5 0.3267857142857143 0.6828571428571428 0.005 0.02095238095238095
10 0.3653571428571429 0.5852380952380952 0.009285714285714286 0.025714285714285714
1 0.5010714285714286 0.5285714285714286 0.0035714285714285713 0.022857142857142857
1 0.5075 0.5266666666666666 0.005 0.024761904761904763
0 0.36964285714285716 0.10952380952380952 0.019285714285714285 0.015238095238095238
11 0.19642857142857142 0.2361904761904762 0.03142857142857143 0.01904761904761905
8 0.41464285714285715 0.11714285714285715 0.005 0.011428571428571429
6 0.43392857142857144 0.17476190476190476 0.005 0.008571428571428572
6 0.5435714285714286 0.14666666666666667 0.01 0.005714285714285714
0 0.45607142857142857 0.11285714285714285 0.015 0.06571428571428571