6 0.3871428571428571 0.8171428571428572 0.05142857142857143 0.13714285714285715
6 0.5775 0.9685714285714285 0.04928571428571429 0.06285714285714286
6 0.7260714285714286 0.8771428571428571 0.08642857142857142 0.17333333333333334
6 0.4114285714285714 0.5661904761904762 0.041428571428571426 0.0980952380952381
5 0.30357142857142855 0.9119047619047619 0.018571428571428572 0.06
5 0.46214285714285713 0.7761904761904762 0.017142857142857144 0.049523809523809526
4 0.4607142857142857 0.7647619047619048 0.014285714285714285 0.02857142857142857
6 0.42142857142857143 0.4766666666666667 0.037142857142857144 0.08285714285714285
6 0.43964285714285717 0.3395238095238095 0.029285714285714286 0.054285714285714284
6 0.44785714285714284 0.2757142857142857 0.03 0.06190476190476191
6 0.4525 0.2261904761904762 0.025 0.04857142857142857
6 0.4546428571428571 0.17904761904761904 0.023571428571428573 0.049523809523809526
6 0.4632142857142857 0.14142857142857143 0.02214285714285714 0.037142857142857144
6 0.46714285714285714 0.07285714285714286 0.02 0.02761904761904762
7 0.4660714285714286 0.1 0.019285714285714285 0.04380952380952381
7 0.5335714285714286 0.1719047619047619 0.02142857142857143 0.04285714285714286
7 0.5521428571428572 0.12238095238095238 0.022857142857142857 0.058095238095238096
6 0.555 0.1661904761904762 0.02142857142857143 0.037142857142857144
6 0.5828571428571429 0.1580952380952381 0.022857142857142857 0.0380952380952381
6 0.5578571428571428 0.2704761904761905 0.027142857142857142 0.05333333333333334
6 0.5607142857142857 0.32666666666666666 0.027142857142857142 0.05523809523809524
6 0.5632142857142857 0.4338095238095238 0.029285714285714286 0.06952380952380953
6 0.5614285714285714 0.5204761904761904 0.03571428571428571 0.08666666666666667
6 0.5696428571428571 0.6557142857142857 0.04214285714285714 0.10761904761904761
4 0.7514285714285714 0.8785714285714286 0.012857142857142857 0.02761904761904762
2 0.7867857142857143 0.861904761904762 0.04357142857142857 0.03238095238095238
2 0.7785714285714286 0.8147619047619048 0.037142857142857144 0.037142857142857144
2 0.7692857142857142 0.79 0.03857142857142857 0.025714285714285714
2 0.7625 0.7733333333333333 0.04214285714285714 0.03238095238095238
2 0.8689285714285714 0.9042857142857142 0.025 0.054285714285714284
5 0.7503571428571428 0.6585714285714286 0.03357142857142857 0.021904761904761906
5 0.7428571428571429 0.621904761904762 0.03142857142857143 0.02095238095238095
5 0.7310714285714286 0.5733333333333334 0.02642857142857143 0.022857142857142857
2 0.6107142857142858 0.4738095238095238 0.012857142857142857 0.037142857142857144
2 0.7292857142857143 0.5880952380952381 0.03 0.021904761904761906
1 0.6425 0.35714285714285715 0.012142857142857143 0.03428571428571429
1 0.6017857142857143 0.1661904761904762 0.007857142857142858 0.029523809523809525
1 0.6160714285714286 0.11047619047619048 0.007857142857142858 0.022857142857142857
2 0.6564285714285715 0.11952380952380952 0.02 0.025714285714285714
6 0.6182142857142857 0.08333333333333333 0.035 0.02761904761904762
1 0.6689285714285714 0.20714285714285716 0.010714285714285714 0.025714285714285714
2 0.6539285714285714 0.08142857142857143 0.015 0.014285714285714285
2 0.6385714285714286 0.017619047619047618 0.007142857142857143 0.023809523809523808
2 0.6289285714285714 0.07333333333333333 0.019285714285714285 0.01904761904761905
6 0.6 0.06523809523809523 0.04 0.035238095238095235
6 0.5853571428571429 0.02666666666666667 0.03785714285714286 0.02666666666666667
6 0.6053571428571428 0.04857142857142857 0.045 0.024761904761904763
1 0.805 0.18095238095238095 0.01 0.024761904761904763
6 0.048214285714285716 0.07952380952380952 0.05357142857142857 0.03142857142857143
6 0.1725 0.07714285714285714 0.056428571428571425 0.03238095238095238
7 0.1367857142857143 0.029047619047619048 0.03357142857142857 0.04666666666666667
1 0.3171428571428571 0.06476190476190476 0.008571428571428572 0.02857142857142857
6 0.2782142857142857 0.08571428571428572 0.04071428571428572 0.03428571428571429
7 0.22714285714285715 0.07285714285714286 0.04428571428571428 0.03333333333333333
5 0.5289285714285714 0.007619047619047619 0.0064285714285714285 0.013333333333333334
0 0.625 0.01380952380952381 0.008571428571428572 0.02761904761904762