11 0.48857142857142855 0.40523809523809523 0.23857142857142857 0.4257142857142857
1 0.3992857142857143 0.7252380952380952 0.025714285714285714 0.06
6 0.4257142857142857 0.1219047619047619 0.06285714285714286 0.10666666666666667
6 0.5207142857142857 0.06 0.05714285714285714 0.09333333333333334
6 0.8521428571428571 0.16476190476190475 0.12 0.08
4 0.24142857142857144 0.05142857142857143 0.024285714285714285 0.0419047619047619
5 0.24285714285714285 0.06904761904761905 0.03428571428571429 0.037142857142857144
4 0.5771428571428572 0.2438095238095238 0.017142857142857144 0.049523809523809526
4 0.5575 0.19952380952380952 0.023571428571428573 0.04476190476190476
4 0.5764285714285714 0.08285714285714285 0.02142857142857143 0.03428571428571429
4 0.7017857142857142 0.19857142857142857 0.020714285714285713 0.054285714285714284
5 0.6975 0.21095238095238095 0.025 0.04476190476190476
5 0.5771428571428572 0.24904761904761905 0.018571428571428572 0.04666666666666667
2 0.5592857142857143 0.20523809523809525 0.03142857142857143 0.04476190476190476
2 0.5746428571428571 0.09285714285714286 0.020714285714285713 0.039047619047619046
1 0.7432142857142857 0.15476190476190477 0.023571428571428573 0.06190476190476191
1 0.7682142857142857 0.18476190476190477 0.025 0.06285714285714286
1 0.6785714285714286 0.06380952380952382 0.011428571428571429 0.04
1 0.6814285714285714 0.051904761904761905 0.012857142857142857 0.040952380952380955
1 0.6771428571428572 0.03761904761904762 0.012857142857142857 0.04857142857142857
1 0.6682142857142858 0.04 0.013571428571428571 0.0380952380952381
6 0.72 0.028095238095238097 0.05714285714285714 0.05619047619047619
6 0.885 0.1295238095238095 0.11142857142857143 0.07809523809523809
6 0.8857142857142857 0.08333333333333333 0.09714285714285714 0.054285714285714284
6 0.9057142857142857 0.060476190476190475 0.10857142857142857 0.06
6 0.9203571428571429 0.028095238095238097 0.09642857142857143 0.054285714285714284
6 0.965 0.7876190476190477 0.07 0.13714285714285715