8 0.15321428571428572 0.9225888324873096 0.07071428571428572 0.06852791878172589
0 0.5375 0.7411167512690355 0.0064285714285714285 0.012690355329949238
2 0.6507142857142857 0.807741116751269 0.005714285714285714 0.021573604060913704
8 0.9467857142857142 0.9689086294416244 0.04357142857142857 0.05964467005076142
8 0.8296428571428571 0.7956852791878173 0.047857142857142855 0.14974619289340102
8 0.8914285714285715 0.875 0.06142857142857143 0.16116751269035534
7 0.8760714285714286 0.9238578680203046 0.030714285714285715 0.07868020304568528
6 0.8539285714285715 0.9308375634517766 0.02214285714285714 0.06218274111675127
6 0.7971428571428572 0.6802030456852792 0.02142857142857143 0.05583756345177665
6 0.7846428571428572 0.6046954314720813 0.019285714285714285 0.05456852791878172
6 0.6928571428571428 0.5958121827411168 0.018571428571428572 0.046954314720812185
6 0.6560714285714285 0.475253807106599 0.016428571428571428 0.04187817258883249
7 0.7707142857142857 0.5361675126903553 0.022857142857142857 0.05456852791878172
7 0.7525 0.43718274111675126 0.016428571428571428 0.046954314720812185
7 0.7307142857142858 0.34517766497461927 0.018571428571428572 0.048223350253807105
7 0.6967857142857142 0.2036802030456853 0.017857142857142856 0.04949238578680203
6 0.7414285714285714 0.3953045685279188 0.017142857142857144 0.03934010152284264
1 0.8114285714285714 0.4010152284263959 0.005714285714285714 0.015228426395939087
1 0.8235714285714286 0.41053299492385786 0.005714285714285714 0.011421319796954314
1 0.5225 0.3166243654822335 0.0035714285714285713 0.011421319796954314
2 0.6214285714285714 0.08883248730964467 0.005714285714285714 0.015228426395939087
4 0.6214285714285714 0.08756345177664974 0.004285714285714286 0.012690355329949238