6 0.973 0.6593333333333333 0.041 0.068
6 0.91825 0.6476666666666666 0.0385 0.066
6 0.86375 0.6473333333333333 0.0485 0.06933333333333333
6 0.81825 0.6403333333333333 0.0505 0.06866666666666667
6 0.72425 0.6356666666666667 0.0505 0.06733333333333333
6 0.68825 0.8033333333333333 0.0435 0.09866666666666667
6 0.652 0.8226666666666667 0.037 0.09866666666666667
2 0.76675 0.73 0.0185 0.014666666666666666
4 0.77 0.7283333333333334 0.009 0.020666666666666667
2 0.75625 0.7493333333333333 0.0185 0.014666666666666666
6 0.519 0.9 0.031 0.09466666666666666
6 0.30525 0.9156666666666666 0.0405 0.11266666666666666
6 0.04975 0.868 0.0505 0.09466666666666666
7 0.08975 0.7096666666666667 0.0535 0.10066666666666667
7 0.12425 0.5966666666666667 0.0395 0.06933333333333333
6 0.1455 0.5296666666666666 0.038 0.07266666666666667
6 0.179 0.414 0.035 0.06266666666666666
6 0.19625 0.3596666666666667 0.0305 0.05266666666666667
6 0.2185 0.26966666666666667 0.029 0.051333333333333335
2 0.24325 0.343 0.0075 0.022
4 0.24025 0.337 0.0075 0.018
6 0.23425 0.22 0.0235 0.034666666666666665
6 0.248 0.174 0.026 0.037333333333333336
4 0.273 0.149 0.006 0.018
5 0.274 0.15633333333333332 0.006 0.015333333333333332
2 0.24725 0.2653333333333333 0.0055 0.02
4 0.246 0.258 0.006 0.018666666666666668
5 0.2525 0.2713333333333333 0.006 0.021333333333333333
4 0.2515 0.262 0.006 0.018666666666666668
5 0.48725 0.8383333333333334 0.0095 0.03666666666666667
4 0.48775 0.8366666666666667 0.0105 0.018666666666666668
5 0.49975 0.7116666666666667 0.0075 0.028666666666666667
4 0.5 0.7043333333333334 0.008 0.019333333333333334
6 0.4305 0.7113333333333334 0.037 0.09333333333333334
6 0.385 0.725 0.022 0.06733333333333333
6 0.23575 0.7263333333333334 0.0435 0.09533333333333334
6 0.4365 0.5626666666666666 0.037 0.07466666666666667
6 0.5225 0.563 0.022 0.06066666666666667
6 0.522 0.488 0.026 0.058666666666666666
6 0.45 0.43 0.024 0.05733333333333333
6 0.45875 0.3273333333333333 0.0225 0.05733333333333333
6 0.4185 0.283 0.024 0.054
6 0.4615 0.21466666666666667 0.019 0.04133333333333333
6 0.3195 0.12 0.025 0.044
6 0.4705 0.13166666666666665 0.019 0.034
2 0.515 0.12133333333333333 0.006 0.017333333333333333
4 0.51525 0.115 0.0055 0.015333333333333332
5 0.57325 0.13566666666666666 0.0115 0.012666666666666666
6 0.64275 0.023 0.0355 0.022
1 0.524 0.21166666666666667 0.007 0.016666666666666666
7 0.52525 0.29333333333333333 0.0185 0.04133333333333333
6 0.52375 0.34833333333333333 0.0205 0.05
5 0.54875 0.3446666666666667 0.0175 0.013333333333333334
1 0.62125 0.48966666666666664 0.0095 0.022
5 0.58875 0.6326666666666667 0.0215 0.017333333333333333
5 0.59225 0.6463333333333333 0.0225 0.014