1 0.3915 0.9583333333333334 0.041 0.06466666666666666
1 0.25525 0.7803333333333333 0.0355 0.059333333333333335
1 0.2425 0.9166666666666666 0.025 0.03866666666666667
1 0.215 0.8433333333333334 0.042 0.06266666666666666
1 0.09025 0.777 0.0525 0.054
1 0.0815 0.893 0.05 0.059333333333333335
1 0.281 0.494 0.029 0.064
1 0.113 0.49966666666666665 0.032 0.054
1 0.08575 0.5196666666666667 0.0365 0.06466666666666666
1 0.0765 0.5106666666666667 0.021 0.024
1 0.4685 0.5223333333333333 0.02 0.06333333333333334
1 0.55975 0.6776666666666666 0.0305 0.06866666666666667
1 0.62725 0.4643333333333333 0.0195 0.05266666666666667
1 0.53025 0.5113333333333333 0.0195 0.06266666666666666
1 0.52675 0.49833333333333335 0.0125 0.03
1 0.5115 0.47733333333333333 0.016 0.06133333333333333
1 0.537 0.4573333333333333 0.014 0.05333333333333334
0 0.58725 0.405 0.2775 0.09533333333333334
4 0.9585 0.31533333333333335 0.015 0.037333333333333336
4 0.824 0.36966666666666664 0.018 0.058
1 0.9775 0.32266666666666666 0.033 0.04533333333333334
6 0.14775 0.15866666666666668 0.0875 0.042666666666666665
6 0.14875 0.18766666666666668 0.0945 0.04066666666666666
6 0.14575 0.222 0.1025 0.050666666666666665
6 0.21575 0.14133333333333334 0.0795 0.04133333333333333
6 0.1375 0.109 0.036 0.05
6 0.0645 0.131 0.049 0.06866666666666667
6 0.0215 0.14666666666666667 0.043 0.052
6 0.041 0.101 0.046 0.03133333333333333
6 0.07075 0.064 0.0385 0.042666666666666665
6 0.09425 0.02266666666666667 0.0285 0.04533333333333334
0 0.6765 0.11266666666666666 0.229 0.14933333333333335
8 0.51775 0.22266666666666668 0.0975 0.06666666666666667
6 0.5875 0.26066666666666666 0.064 0.10266666666666667
6 0.6315 0.3413333333333333 0.086 0.096
6 0.42825 0.38766666666666666 0.0625 0.126
7 0.61725 0.8606666666666667 0.1685 0.2786666666666667
6 0.12175 0.40166666666666667 0.0915 0.098
4 0.3055 0.31066666666666665 0.018 0.029333333333333333
4 0.36475 0.2966666666666667 0.0125 0.03333333333333333
4 0.3645 0.2803333333333333 0.013 0.027333333333333334
4 0.3645 0.26466666666666666 0.017 0.02266666666666667
4 0.34725 0.2733333333333333 0.0145 0.03333333333333333
4 0.47975 0.15933333333333333 0.0125 0.029333333333333333
2 0.47875 0.17033333333333334 0.0125 0.034
2 0.3425 0.44033333333333335 0.05 0.03666666666666667