6 0.5528571428571428 0.1838095238095238 0.004285714285714286 0.0038095238095238095
6 0.5828571428571429 0.14761904761904762 0.002857142857142857 0.0038095238095238095
6 0.5725 0.16333333333333333 0.002142857142857143 0.002857142857142857
8 0.565 0.1757142857142857 0.005714285714285714 0.012380952380952381
8 0.5542857142857143 0.1957142857142857 0.008571428571428572 0.018095238095238095
8 0.5457142857142857 0.20666666666666667 0.008571428571428572 0.015238095238095238
8 0.5346428571428572 0.2061904761904762 0.010714285714285714 0.02
8 0.5210714285714285 0.24666666666666667 0.012142857142857143 0.02666666666666667
8 0.5207142857142857 0.2671428571428571 0.01 0.01619047619047619
6 0.5089285714285714 0.28714285714285714 0.0064285714285714285 0.010476190476190476
6 0.5335714285714286 0.23285714285714285 0.005714285714285714 0.006666666666666667
0 0.49392857142857144 0.2985714285714286 0.010714285714285714 0.025714285714285714
0 0.47035714285714286 0.3019047619047619 0.0064285714285714285 0.01904761904761905
1 0.4857142857142857 0.26761904761904765 0.002857142857142857 0.007619047619047619
6 0.46964285714285714 0.27476190476190476 0.0064285714285714285 0.008571428571428572
0 0.4789285714285714 0.3295238095238095 0.005 0.011428571428571429
0 0.6003571428571428 0.14952380952380953 0.025 0.024761904761904763
8 0.6660714285714285 0.2861904761904762 0.007857142857142858 0.012380952380952381
8 0.6596428571428572 0.27285714285714285 0.007857142857142858 0.01619047619047619
8 0.65 0.24904761904761905 0.011428571428571429 0.023809523809523808
6 0.6578571428571428 0.2604761904761905 0.007142857142857143 0.006666666666666667
3 0.7703571428571429 0.310952380952381 0.04214285714285714 0.054285714285714284
3 0.5685714285714286 0.31142857142857144 0.027142857142857142 0.10095238095238095
0 0.7125 0.41714285714285715 0.019285714285714285 0.02857142857142857
2 0.3314285714285714 0.57 0.012857142857142857 0.021904761904761906
2 0.3485714285714286 0.518095238095238 0.015714285714285715 0.011428571428571429
2 0.38321428571428573 0.4880952380952381 0.005 0.02
3 0.41035714285714286 0.44476190476190475 0.013571428571428571 0.03428571428571429
2 0.5185714285714286 0.48904761904761906 0.01 0.014285714285714285
2 0.5089285714285714 0.5419047619047619 0.005 0.017142857142857144
2 0.8525 0.7042857142857143 0.013571428571428571 0.023809523809523808
4 0.8539285714285715 0.6995238095238095 0.0064285714285714285 0.014285714285714285
1 0.031071428571428573 0.65 0.007857142857142858 0.018095238095238095
1 0.03857142857142857 0.6447619047619048 0.01 0.01904761904761905
1 0.02035714285714286 0.6138095238095238 0.012142857142857143 0.02
1 0.008928571428571428 0.6238095238095238 0.010714285714285714 0.022857142857142857
1 0.075 0.659047619047619 0.01 0.017142857142857144
1 0.06357142857142857 0.6652380952380952 0.01 0.02
6 0.5246428571428572 0.23142857142857143 0.005 0.005714285714285714
0 0.5271428571428571 0.22238095238095237 0.004285714285714286 0.008571428571428572
0 0.49464285714285716 0.19952380952380952 0.023571428571428573 0.02
6 0.47 0.20047619047619047 0.008571428571428572 0.004761904761904762
7 0.4564285714285714 0.20666666666666667 0.011428571428571429 0.005714285714285714
7 0.4732142857142857 0.22380952380952382 0.010714285714285714 0.009523809523809525
6 0.43714285714285717 0.2280952380952381 0.01 0.006666666666666667
6 0.48892857142857143 0.22285714285714286 0.009285714285714286 0.007619047619047619
0 0.5110714285714286 0.17809523809523808 0.02214285714285714 0.009523809523809525