0 0.5321428571428571 0.1676190476190476 0.02142857142857143 0.01904761904761905
0 0.5103571428571428 0.15095238095238095 0.015 0.014285714285714285
8 0.3875 0.4785714285714286 0.03214285714285714 0.058095238095238096
6 0.7725 0.9719047619047619 0.05357142857142857 0.05238095238095238
6 0.7482142857142857 0.9338095238095238 0.05071428571428571 0.05047619047619047
0 0.32607142857142857 0.5785714285714286 0.005 0.018095238095238095
1 0.43607142857142855 0.5642857142857143 0.0035714285714285713 0.01619047619047619
0 0.4432142857142857 0.518095238095238 0.005 0.013333333333333334
1 0.40285714285714286 0.41095238095238096 0.002857142857142857 0.010476190476190476
6 0.43857142857142856 0.36857142857142855 0.008571428571428572 0.013333333333333334
8 0.51 0.2119047619047619 0.007142857142857143 0.01619047619047619
1 0.5207142857142857 0.2723809523809524 0.0014285714285714286 0.005714285714285714
0 0.7428571428571429 0.8080952380952381 0.03428571428571429 0.037142857142857144
1 0.5539285714285714 0.8609523809523809 0.007857142857142858 0.030476190476190476
3 0.1025 0.4185714285714286 0.10785714285714286 0.09238095238095238
3 0.21892857142857142 0.33380952380952383 0.115 0.09619047619047619
6 0.20035714285714284 0.2561904761904762 0.013571428571428571 0.007619047619047619
6 0.1925 0.26571428571428574 0.010714285714285714 0.007619047619047619
6 0.5789285714285715 0.30666666666666664 0.013571428571428571 0.007619047619047619
7 0.58 0.2957142857142857 0.011428571428571429 0.006666666666666667
7 0.5807142857142857 0.2866666666666667 0.01 0.005714285714285714
7 0.5814285714285714 0.2923809523809524 0.008571428571428572 0.0038095238095238095