0 0.6932142857142857 0.04285714285714286 0.017857142857142856 0.01904761904761905
0 0.6960714285714286 0.06714285714285714 0.017857142857142856 0.023809523809523808
8 0.6557142857142857 0.06 0.011428571428571429 0.009523809523809525
8 0.6460714285714285 0.06761904761904762 0.005 0.009523809523809525
0 0.7017857142857142 0.08952380952380952 0.009285714285714286 0.015238095238095238
6 0.6421428571428571 0.07523809523809524 0.002857142857142857 0.0038095238095238095
6 0.6446428571428572 0.07857142857142857 0.0035714285714285713 0.004761904761904762
7 0.6475 0.12904761904761905 0.005 0.008571428571428572
0 0.6346428571428572 0.15095238095238095 0.010714285714285714 0.012380952380952381
8 0.6432142857142857 0.14238095238095239 0.0064285714285714285 0.008571428571428572
8 0.6157142857142858 0.14952380952380953 0.024285714285714285 0.017142857142857144
7 0.5589285714285714 0.14809523809523809 0.005 0.008571428571428572
3 0.6428571428571429 0.19095238095238096 0.017142857142857144 0.02
8 0.4253571428571429 0.24619047619047618 0.03214285714285714 0.01619047619047619
3 0.6114285714285714 0.5614285714285714 0.02142857142857143 0.023809523809523808
1 0.62 0.6757142857142857 0.002857142857142857 0.014285714285714285
8 0.30642857142857144 0.46523809523809523 0.03 0.02761904761904762
8 0.41714285714285715 0.38142857142857145 0.02142857142857143 0.05047619047619047
8 0.4010714285714286 0.2704761904761905 0.023571428571428573 0.017142857142857144
3 0.39714285714285713 0.29285714285714287 0.03 0.03333333333333333
7 0.41214285714285714 0.31523809523809526 0.02 0.017142857142857144
6 0.42 0.3047619047619048 0.018571428571428572 0.013333333333333334
6 0.3964285714285714 0.3319047619047619 0.017142857142857144 0.01619047619047619
6 0.3314285714285714 0.35095238095238096 0.025714285714285714 0.01619047619047619
6 0.3896428571428571 0.24714285714285714 0.017857142857142856 0.010476190476190476
6 0.3796428571428571 0.28714285714285714 0.015 0.012380952380952381
8 0.37785714285714284 0.9176190476190477 0.041428571428571426 0.10761904761904761
6 0.44285714285714284 0.7376190476190476 0.024285714285714285 0.05619047619047619
4 0.4135714285714286 0.6980952380952381 0.007142857142857143 0.017142857142857144
1 0.3535714285714286 0.8414285714285714 0.008571428571428572 0.021904761904761906
3 0.34464285714285714 0.8652380952380953 0.017857142857142856 0.029523809523809525
2 0.4135714285714286 0.7019047619047619 0.007142857142857143 0.022857142857142857
1 0.4 0.37952380952380954 0.002857142857142857 0.014285714285714285
6 0.24357142857142858 0.4714285714285714 0.02142857142857143 0.03238095238095238
6 0.21285714285714286 0.4776190476190476 0.02142857142857143 0.03333333333333333
11 0.03535714285714286 0.4685714285714286 0.07071428571428572 0.04
11 0.05857142857142857 0.4461904761904762 0.09142857142857143 0.037142857142857144
8 0.05928571428571429 0.4257142857142857 0.06285714285714286 0.03619047619047619
1 0.020714285714285713 0.8047619047619048 0.012857142857142857 0.022857142857142857
3 0.6382142857142857 0.26571428571428574 0.0064285714285714285 0.017142857142857144
0 0.7110714285714286 0.1461904761904762 0.017857142857142856 0.04285714285714286
6 0.5278571428571428 0.14523809523809525 0.007142857142857143 0.006666666666666667
6 0.9853571428571428 0.7638095238095238 0.029285714285714286 0.03238095238095238
2 0.8335714285714285 0.7561904761904762 0.008571428571428572 0.022857142857142857
4 0.8335714285714285 0.7547619047619047 0.007142857142857143 0.01619047619047619
1 0.5735714285714286 0.5266666666666666 0.002857142857142857 0.013333333333333334
1 0.5867857142857142 0.49047619047619045 0.0035714285714285713 0.013333333333333334
1 0.555 0.4766666666666667 0.002857142857142857 0.012380952380952381
8 0.705 0.03380952380952381 0.005714285714285714 0.006666666666666667
6 0.8264285714285714 0.18904761904761905 0.014285714285714285 0.008571428571428572
6 0.4421428571428571 0.7366666666666667 0.024285714285714285 0.05619047619047619