6 0.6664285714285715 0.4416243654822335 0.03857142857142857 0.03807106598984772
6 0.7107142857142857 0.44225888324873097 0.03428571428571429 0.0266497461928934
6 0.7610714285714286 0.4397208121827411 0.03785714285714286 0.031725888324873094
8 0.7860714285714285 0.36611675126903553 0.085 0.05964467005076142
11 0.6789285714285714 0.3699238578680203 0.09071428571428572 0.06472081218274112
6 0.6467857142857143 0.41878172588832485 0.035 0.030456852791878174
6 0.565 0.3217005076142132 0.03571428571428571 0.02918781725888325
6 0.8517857142857143 0.29885786802030456 0.03785714285714286 0.031725888324873094
8 0.3028571428571429 0.2772842639593909 0.05714285714285714 0.04187817258883249
11 0.5085714285714286 0.06979695431472081 0.015714285714285715 0.05583756345177665
11 0.5307142857142857 0.11421319796954314 0.017142857142857144 0.05583756345177665
6 0.5503571428571429 0.14974619289340102 0.016428571428571428 0.03553299492385787
6 0.5453571428571429 0.11104060913705584 0.015 0.02918781725888325
6 0.5417857142857143 0.06916243654822335 0.015 0.03680203045685279
6 0.5389285714285714 0.021573604060913704 0.012142857142857143 0.03299492385786802
6 0.5225 0.01713197969543147 0.013571428571428571 0.03426395939086294
8 0.49107142857142855 0.03553299492385787 0.016428571428571428 0.0583756345177665