8 0.5946428571428571 0.4928571428571429 0.04357142857142857 0.08285714285714285
8 0.5621428571428572 0.5 0.03857142857142857 0.08190476190476191
8 0.30607142857142855 0.37047619047619046 0.019285714285714285 0.0380952380952381
8 0.5171428571428571 0.35428571428571426 0.017142857142857144 0.02857142857142857
8 0.44892857142857145 0.23666666666666666 0.013571428571428571 0.02
4 0.5153571428571428 0.2885714285714286 0.002142857142857143 0.005714285714285714
2 0.5153571428571428 0.2919047619047619 0.0035714285714285713 0.004761904761904762
6 0.4875 0.2580952380952381 0.005 0.007619047619047619
7 0.455 0.21761904761904763 0.004285714285714286 0.008571428571428572
11 0.45785714285714285 0.20952380952380953 0.005714285714285714 0.015238095238095238
7 0.35892857142857143 0.27714285714285714 0.009285714285714286 0.011428571428571429
6 0.4692857142857143 0.19428571428571428 0.002857142857142857 0.0038095238095238095
8 0.45357142857142857 0.1957142857142857 0.004285714285714286 0.008571428571428572
8 0.4957142857142857 0.16238095238095238 0.007142857142857143 0.006666666666666667
8 0.4575 0.17904761904761904 0.005 0.007619047619047619
6 0.4567857142857143 0.18571428571428572 0.0035714285714285713 0.005714285714285714
8 0.4682142857142857 0.1880952380952381 0.0035714285714285713 0.006666666666666667
8 0.46714285714285714 0.18285714285714286 0.004285714285714286 0.007619047619047619
11 0.475 0.17761904761904762 0.004285714285714286 0.006666666666666667
0 0.4760714285714286 0.16952380952380952 0.023571428571428573 0.005714285714285714
6 0.7257142857142858 0.34285714285714286 0.015714285714285715 0.011428571428571429
0 0.38107142857142856 0.17047619047619048 0.007857142857142858 0.015238095238095238