6 0.4775 0.2938095238095238 0.02214285714285714 0.04666666666666667
6 0.43714285714285717 0.3933333333333333 0.02857142857142857 0.06285714285714286
6 0.8496428571428571 0.430952380952381 0.047857142857142855 0.06
6 0.5867857142857142 0.17714285714285713 0.02214285714285714 0.030476190476190476
2 0.31035714285714283 0.19 0.017857142857142856 0.01619047619047619
2 0.3182142857142857 0.16476190476190475 0.015 0.011428571428571429
1 0.02 0.9471428571428572 0.027142857142857142 0.021904761904761906
4 0.34714285714285714 0.9214285714285714 0.017142857142857144 0.02761904761904762
4 0.33214285714285713 0.5223809523809524 0.008571428571428572 0.021904761904761906
4 0.31214285714285717 0.5652380952380952 0.011428571428571429 0.023809523809523808
4 0.39321428571428574 0.056666666666666664 0.005 0.010476190476190476
4 0.6275 0.09428571428571429 0.005 0.015238095238095238
4 0.7432142857142857 0.4119047619047619 0.012142857142857143 0.02
5 0.39357142857142857 0.06190476190476191 0.005714285714285714 0.017142857142857144
5 0.3335714285714286 0.5338095238095238 0.01 0.029523809523809525
5 0.3125 0.5747619047619048 0.007857142857142858 0.03142857142857143
2 0.3467857142857143 0.9261904761904762 0.013571428571428571 0.07333333333333333
1 0.515 0.2219047619047619 0.007142857142857143 0.022857142857142857
5 0.6271428571428571 0.09952380952380953 0.004285714285714286 0.01619047619047619
5 0.7414285714285714 0.4180952380952381 0.011428571428571429 0.030476190476190476
6 0.9767857142857143 0.7223809523809523 0.04642857142857143 0.09238095238095238
7 0.8946428571428572 0.5114285714285715 0.05357142857142857 0.06666666666666667
1 0.8367857142857142 0.39380952380952383 0.0064285714285714285 0.025714285714285714
1 0.7914285714285715 0.3061904761904762 0.01 0.023809523809523808
6 0.8132142857142857 0.3523809523809524 0.027857142857142858 0.0380952380952381
6 0.7721428571428571 0.021904761904761906 0.03 0.01904761904761905
6 0.7657142857142857 0.014761904761904763 0.02857142857142857 0.01619047619047619