1 0.2571428571428571 0.8814285714285715 0.047142857142857146 0.17809523809523808
1 0.7392857142857143 0.5071428571428571 0.027142857142857142 0.08476190476190476
1 0.7203571428571428 0.2795238095238095 0.010714285714285714 0.03333333333333333
2 0.04285714285714286 0.31666666666666665 0.02142857142857143 0.06
6 0.15107142857142858 0.37952380952380954 0.07785714285714286 0.08285714285714285
6 0.6257142857142857 0.5557142857142857 0.21428571428571427 0.1742857142857143
6 0.5314285714285715 0.39571428571428574 0.11285714285714285 0.08285714285714285
6 0.4117857142857143 0.3433333333333333 0.08642857142857142 0.06380952380952382
7 0.3417857142857143 0.30142857142857143 0.06642857142857143 0.07333333333333333
7 0.28035714285714286 0.26476190476190475 0.07357142857142857 0.08952380952380952
6 0.22714285714285715 0.2623809523809524 0.045714285714285714 0.04476190476190476
6 0.17107142857142857 0.23142857142857143 0.03642857142857143 0.03619047619047619
6 0.1467857142857143 0.21428571428571427 0.029285714285714286 0.02857142857142857
0 0.0425 0.15904761904761905 0.08357142857142857 0.07238095238095238
6 0.10928571428571429 0.1980952380952381 0.02142857142857143 0.02666666666666667
6 0.12821428571428573 0.20714285714285716 0.023571428571428573 0.025714285714285714
6 0.09392857142857143 0.18857142857142858 0.017857142857142856 0.02857142857142857
6 0.03678571428571428 0.1376190476190476 0.015 0.01619047619047619
6 0.07178571428571429 0.14857142857142858 0.017857142857142856 0.011428571428571429
11 0.11142857142857143 0.15285714285714286 0.04428571428571428 0.039047619047619046
11 0.24892857142857142 0.19047619047619047 0.07357142857142857 0.06285714285714286
7 0.2 0.2119047619047619 0.04 0.029523809523809525
6 0.40285714285714286 0.23714285714285716 0.047142857142857146 0.03428571428571429
2 0.47035714285714286 0.2542857142857143 0.019285714285714285 0.0380952380952381
6 0.5103571428571428 0.30428571428571427 0.07214285714285715 0.04857142857142857
6 0.5689285714285715 0.3628571428571429 0.10928571428571429 0.06095238095238095
8 0.19321428571428573 0.16476190476190475 0.029285714285714286 0.03238095238095238
7 0.2057142857142857 0.17523809523809525 0.015714285714285715 0.017142857142857144
7 0.14714285714285713 0.15714285714285714 0.012857142857142857 0.013333333333333334
7 0.15964285714285714 0.16333333333333333 0.012142857142857143 0.018095238095238095
7 0.1717857142857143 0.1661904761904762 0.013571428571428571 0.02
5 0.9821428571428571 0.37952380952380954 0.03571428571428571 0.037142857142857144
2 0.8189285714285715 0.3576190476190476 0.04928571428571429 0.054285714285714284
1 0.3125 0.19714285714285715 0.0064285714285714285 0.022857142857142857
1 0.31642857142857145 0.1976190476190476 0.007142857142857143 0.02
1 0.38607142857142857 0.19904761904761906 0.0064285714285714285 0.022857142857142857
1 0.7807142857142857 0.3028571428571429 0.012857142857142857 0.04
4 0.04321428571428571 0.31 0.019285714285714285 0.04476190476190476
4 0.8175 0.3519047619047619 0.023571428571428573 0.04666666666666667
4 0.4689285714285714 0.2509523809523809 0.010714285714285714 0.03142857142857143