7 0.22642857142857142 0.8828571428571429 0.15285714285714286 0.13523809523809524
6 0.18142857142857144 0.5685714285714286 0.08285714285714285 0.03619047619047619
6 0.18714285714285714 0.5190476190476191 0.07 0.03238095238095238
6 0.09571428571428571 0.51 0.07714285714285714 0.035238095238095235
6 0.21214285714285713 0.49476190476190474 0.06714285714285714 0.03333333333333333
6 0.3007142857142857 0.4876190476190476 0.05857142857142857 0.030476190476190476
6 0.02107142857142857 0.4523809523809524 0.04214285714285714 0.02666666666666667
6 0.09392857142857143 0.44857142857142857 0.05785714285714286 0.02857142857142857
6 0.1717857142857143 0.43952380952380954 0.05071428571428571 0.02761904761904762
6 0.2839285714285714 0.4380952380952381 0.052142857142857144 0.02666666666666667
6 0.2646428571428571 0.43142857142857144 0.047857142857142855 0.02666666666666667
6 0.33464285714285713 0.42333333333333334 0.04928571428571429 0.025714285714285714
6 0.3992857142857143 0.4204761904761905 0.045714285714285714 0.025714285714285714
7 0.1717857142857143 0.3838095238095238 0.020714285714285713 0.01904761904761905
6 0.1992857142857143 0.37857142857142856 0.02142857142857143 0.02
6 0.22321428571428573 0.38 0.025 0.01904761904761905
6 0.25892857142857145 0.3757142857142857 0.017857142857142856 0.018095238095238095
1 0.29464285714285715 0.3914285714285714 0.0064285714285714285 0.01904761904761905
1 0.29892857142857143 0.39095238095238094 0.0064285714285714285 0.02
1 0.36714285714285716 0.4247619047619048 0.005714285714285714 0.02095238095238095
1 0.3782142857142857 0.4266666666666667 0.0064285714285714285 0.01904761904761905
0 0.3464285714285714 0.4533333333333333 0.03 0.022857142857142857
6 0.29178571428571426 0.3423809523809524 0.02214285714285714 0.018095238095238095
0 0.11607142857142858 0.37857142857142856 0.015 0.023809523809523808
0 0.15142857142857144 0.3838095238095238 0.015714285714285715 0.017142857142857144
0 0.09785714285714285 0.38857142857142857 0.015714285714285715 0.02095238095238095
1 0.24357142857142858 0.35619047619047617 0.004285714285714286 0.011428571428571429
1 0.23357142857142857 0.3538095238095238 0.004285714285714286 0.012380952380952381
1 0.3057142857142857 0.3780952380952381 0.005714285714285714 0.02095238095238095
0 0.36 0.3385714285714286 0.015714285714285715 0.014285714285714285
7 0.35928571428571426 0.32761904761904764 0.017142857142857144 0.013333333333333334
6 0.41285714285714287 0.29285714285714287 0.012857142857142857 0.012380952380952381
6 0.4614285714285714 0.2861904761904762 0.025714285714285714 0.010476190476190476
0 0.4567857142857143 0.2785714285714286 0.02214285714285714 0.012380952380952381
0 0.45285714285714285 0.2723809523809524 0.02 0.013333333333333334
0 0.44857142857142857 0.26571428571428574 0.018571428571428572 0.015238095238095238
0 0.4425 0.26095238095238094 0.016428571428571428 0.015238095238095238
0 0.42642857142857143 0.2580952380952381 0.011428571428571429 0.011428571428571429
0 0.4225 0.24523809523809523 0.010714285714285714 0.014285714285714285
6 0.4407142857142857 0.24333333333333335 0.014285714285714285 0.006666666666666667
6 0.4825 0.28 0.019285714285714285 0.013333333333333334
0 0.4742857142857143 0.2719047619047619 0.017142857142857144 0.010476190476190476
0 0.4675 0.2623809523809524 0.012142857142857143 0.010476190476190476
7 0.45607142857142857 0.2538095238095238 0.010714285714285714 0.008571428571428572
6 0.45821428571428574 0.24476190476190476 0.015 0.007619047619047619
0 0.45 0.23523809523809525 0.018571428571428572 0.007619047619047619
11 0.5375 0.2861904761904762 0.03357142857142857 0.02
1 0.5239285714285714 0.2957142857142857 0.0035714285714285713 0.012380952380952381
6 0.5221428571428571 0.27380952380952384 0.018571428571428572 0.010476190476190476
6 0.5192857142857142 0.2704761904761905 0.018571428571428572 0.009523809523809525
6 0.5139285714285714 0.26666666666666666 0.019285714285714285 0.009523809523809525
0 0.5053571428571428 0.25761904761904764 0.015 0.012380952380952381
0 0.4925 0.2419047619047619 0.013571428571428571 0.011428571428571429
7 0.4625 0.4123809523809524 0.04214285714285714 0.02857142857142857
7 0.515 0.4085714285714286 0.03857142857142857 0.022857142857142857
6 0.5692857142857143 0.4033333333333333 0.04 0.023809523809523808
6 0.7792857142857142 0.5728571428571428 0.06571428571428571 0.054285714285714284
6 0.8664285714285714 0.5285714285714286 0.055714285714285716 0.04
11 0.8164285714285714 0.4738095238095238 0.07571428571428572 0.054285714285714284
6 0.9457142857142857 0.4861904761904762 0.04857142857142857 0.037142857142857144
6 0.9882142857142857 0.4666666666666667 0.023571428571428573 0.047619047619047616
11 0.6885714285714286 0.3333333333333333 0.05142857142857143 0.0419047619047619
0 0.6428571428571429 0.31666666666666665 0.024285714285714285 0.025714285714285714
0 0.6296428571428572 0.3057142857142857 0.02214285714285714 0.02857142857142857
0 0.7639285714285714 0.3376190476190476 0.02642857142857143 0.029523809523809525
0 0.7410714285714286 0.3457142857142857 0.020714285714285713 0.017142857142857144
2 0.6285714285714286 0.39714285714285713 0.008571428571428572 0.01904761904761905
1 0.6607142857142857 0.3871428571428571 0.005714285714285714 0.018095238095238095
1 0.6564285714285715 0.38 0.004285714285714286 0.02095238095238095
1 0.6614285714285715 0.37476190476190474 0.005714285714285714 0.02
2 0.6757142857142857 0.37285714285714283 0.011428571428571429 0.01619047619047619
6 0.6460714285714285 0.6752380952380952 0.08785714285714286 0.0761904761904762
6 0.34535714285714286 0.7295238095238096 0.13357142857142856 0.09142857142857143
4 0.6289285714285714 0.39571428571428574 0.007857142857142858 0.018095238095238095
4 0.6732142857142858 0.36952380952380953 0.007857142857142858 0.013333333333333334