6 0.8185714285714286 0.6789340101522843 0.04285714285714286 0.03553299492385787
6 0.8010714285714285 0.6161167512690355 0.04214285714285714 0.02918781725888325
11 0.81 0.48286802030456855 0.08857142857142856 0.06979695431472081
6 0.6785714285714286 0.5437817258883249 0.03857142857142857 0.031725888324873094
6 0.6228571428571429 0.6592639593908629 0.03428571428571429 0.02918781725888325
11 0.5978571428571429 0.6275380710659898 0.05 0.044416243654822336
6 0.46714285714285714 0.550761421319797 0.02 0.048223350253807105
6 0.5460714285714285 0.5393401015228426 0.035 0.03299492385786802
6 0.48464285714285715 0.42576142131979694 0.013571428571428571 0.03934010152284264
6 0.46285714285714286 0.39593908629441626 0.012857142857142857 0.03299492385786802
6 0.47785714285714287 0.3464467005076142 0.012857142857142857 0.030456852791878174
7 0.4232142857142857 0.3147208121827411 0.017857142857142856 0.050761421319796954
6 0.42392857142857143 0.2626903553299492 0.010714285714285714 0.027918781725888325
6 0.4492857142857143 0.09517766497461928 0.01 0.02284263959390863
6 0.4282142857142857 0.0983502538071066 0.010714285714285714 0.01903553299492386
6 0.42607142857142855 0.06218274111675127 0.009285714285714286 0.017766497461928935
6 0.4539285714285714 0.048223350253807105 0.013571428571428571 0.02030456852791878
6 0.42392857142857143 0.03616751269035533 0.007857142857142858 0.01649746192893401
6 0.43642857142857144 0.031091370558375634 0.008571428571428572 0.01903553299492386
6 0.48 0.02601522842639594 0.017142857142857144 0.01903553299492386
6 0.44107142857142856 0.007614213197969543 0.012142857142857143 0.015228426395939087
6 0.30857142857142855 0.6947969543147208 0.04 0.044416243654822336
6 0.29035714285714287 0.6154822335025381 0.039285714285714285 0.03299492385786802
6 0.2925 0.5926395939086294 0.03785714285714286 0.030456852791878174
2 0.32142857142857145 0.5621827411167513 0.018571428571428572 0.017766497461928935
4 0.32071428571428573 0.557741116751269 0.011428571428571429 0.021573604060913704
6 0.30964285714285716 0.541243654822335 0.035 0.02918781725888325
6 0.24214285714285713 0.5964467005076142 0.04 0.030456852791878174
11 0.25142857142857145 0.5501269035532995 0.09571428571428571 0.05964467005076142
6 0.20214285714285715 0.5920050761421319 0.03428571428571429 0.02918781725888325
8 0.20142857142857143 0.5336294416243654 0.06142857142857143 0.04187817258883249
7 0.1682142857142857 0.5704314720812182 0.039285714285714285 0.03426395939086294
11 0.135 0.5945431472081218 0.06428571428571428 0.04187817258883249
11 0.08285714285714285 0.5583756345177665 0.1 0.06598984771573604