8 0.4492857142857143 0.8533333333333334 0.03571428571428571 0.12380952380952381
8 0.42392857142857143 0.43523809523809526 0.030714285714285715 0.05714285714285714
11 0.3942857142857143 0.2842857142857143 0.017142857142857144 0.054285714285714284
6 0.4432142857142857 0.6547619047619048 0.020714285714285713 0.06190476190476191
6 0.38607142857142857 0.36333333333333334 0.016428571428571428 0.025714285714285714
7 0.38642857142857145 0.25047619047619046 0.01 0.02095238095238095
8 0.4042857142857143 0.1319047619047619 0.01 0.02761904761904762
3 0.4114285714285714 0.04047619047619048 0.01 0.018095238095238095
0 0.49892857142857144 0.01380952380952381 0.027857142857142858 0.018095238095238095
9 0.7528571428571429 0.4738095238095238 0.015714285714285715 0.029523809523809525
6 0.7707142857142857 0.48428571428571426 0.02 0.035238095238095235
8 0.8039285714285714 0.5166666666666667 0.029285714285714286 0.06190476190476191
8 0.8267857142857142 0.09571428571428571 0.020714285714285713 0.02761904761904762
8 0.8278571428571428 0.9238095238095239 0.09428571428571429 0.08
0 0.47285714285714286 0.018571428571428572 0.011428571428571429 0.025714285714285714
6 0.4589285714285714 0.37 0.012142857142857143 0.02