0 0.4607142857142857 0.16095238095238096 0.025714285714285714 0.0419047619047619
0 0.46714285714285714 0.11619047619047619 0.015714285714285715 0.0380952380952381
0 0.48214285714285715 0.15666666666666668 0.012857142857142857 0.03142857142857143
6 0.4857142857142857 0.20142857142857143 0.005714285714285714 0.006666666666666667
6 0.4807142857142857 0.2057142857142857 0.007142857142857143 0.007619047619047619
6 0.44107142857142856 0.21571428571428572 0.007857142857142858 0.010476190476190476
6 0.45321428571428574 0.2423809523809524 0.007857142857142858 0.010476190476190476
6 0.44285714285714284 0.2423809523809524 0.007142857142857143 0.010476190476190476
6 0.4732142857142857 0.2557142857142857 0.010714285714285714 0.01619047619047619
0 0.4692857142857143 0.2280952380952381 0.018571428571428572 0.037142857142857144
6 0.4925 0.23857142857142857 0.007857142857142858 0.010476190476190476
6 0.4957142857142857 0.2861904761904762 0.012857142857142857 0.012380952380952381
6 0.5107142857142857 0.2842857142857143 0.012857142857142857 0.010476190476190476
6 0.5228571428571429 0.2780952380952381 0.008571428571428572 0.011428571428571429
6 0.51 0.2752380952380952 0.008571428571428572 0.011428571428571429
6 0.49214285714285716 0.2785714285714286 0.015714285714285715 0.012380952380952381
6 0.44642857142857145 0.4261904761904762 0.017142857142857144 0.02761904761904762
6 0.4442857142857143 0.4576190476190476 0.018571428571428572 0.03142857142857143
6 0.44357142857142856 0.49476190476190474 0.017142857142857144 0.03333333333333333
6 0.4714285714285714 0.5095238095238095 0.02142857142857143 0.0380952380952381
6 0.5010714285714286 0.4919047619047619 0.02214285714285714 0.039047619047619046
6 0.5075 0.5428571428571428 0.023571428571428573 0.047619047619047616
6 0.4735714285714286 0.559047619047619 0.025714285714285714 0.049523809523809526
6 0.43964285714285717 0.5414285714285715 0.020714285714285713 0.04476190476190476
6 0.4317857142857143 0.5857142857142857 0.023571428571428573 0.049523809523809526
6 0.4757142857142857 0.62 0.025714285714285714 0.05714285714285714
6 0.515 0.5938095238095238 0.027142857142857142 0.05047619047619047
6 0.5210714285714285 0.6761904761904762 0.029285714285714286 0.07047619047619047
6 0.475 0.6847619047619048 0.03142857142857143 0.07238095238095238
6 0.4303571428571429 0.670952380952381 0.029285714285714286 0.06380952380952382
4 0.265 0.88 0.02 0.04
4 0.3657142857142857 0.5685714285714286 0.007142857142857143 0.011428571428571429
4 0.35214285714285715 0.5895238095238096 0.007142857142857143 0.015238095238095238
2 0.36607142857142855 0.5795238095238096 0.0064285714285714285 0.018095238095238095
2 0.3517857142857143 0.6028571428571429 0.007857142857142858 0.01904761904761905
2 0.26107142857142857 0.8928571428571429 0.013571428571428571 0.029523809523809525
1 0.2953571428571429 0.5914285714285714 0.010714285714285714 0.02666666666666667
4 0.3339285714285714 0.6180952380952381 0.007857142857142858 0.013333333333333334
4 0.3442857142857143 0.62 0.007142857142857143 0.017142857142857144
4 0.35535714285714287 0.6214285714285714 0.007857142857142858 0.014285714285714285
2 0.35642857142857143 0.6352380952380953 0.01 0.022857142857142857
2 0.33321428571428574 0.6309523809523809 0.007857142857142858 0.01619047619047619
2 0.3435714285714286 0.6319047619047619 0.008571428571428572 0.012380952380952381
0 0.3335714285714286 0.6776190476190476 0.04 0.05619047619047619
0 0.3246428571428571 0.7233333333333334 0.03785714285714286 0.02761904761904762
0 0.32107142857142856 0.7619047619047619 0.04357142857142857 0.04
0 0.32 0.7966666666666666 0.024285714285714285 0.025714285714285714
4 0.29214285714285715 0.7814285714285715 0.012857142857142857 0.02
4 0.34 0.8095238095238095 0.01 0.01904761904761905
4 0.31535714285714284 0.8161904761904762 0.012142857142857143 0.01904761904761905
4 0.2357142857142857 0.8642857142857143 0.012857142857142857 0.035238095238095235
2 0.315 0.8361904761904762 0.014285714285714285 0.03238095238095238
2 0.34035714285714286 0.8271428571428572 0.013571428571428571 0.021904761904761906
2 0.29285714285714287 0.7980952380952381 0.008571428571428572 0.024761904761904763
2 0.2357142857142857 0.8709523809523809 0.027142857142857142 0.035238095238095235
1 0.16214285714285714 0.8847619047619047 0.022857142857142857 0.04
0 0.3525 0.8523809523809524 0.015 0.04
4 0.3539285714285714 0.8219047619047619 0.009285714285714286 0.01904761904761905
2 0.21714285714285714 0.7647619047619048 0.025714285714285714 0.05142857142857143
6 0.42928571428571427 0.30428571428571427 0.024285714285714285 0.018095238095238095
1 0.9042857142857142 0.7485714285714286 0.008571428571428572 0.02857142857142857
1 0.9160714285714285 0.7523809523809524 0.012142857142857143 0.03619047619047619
4 0.985 0.8371428571428572 0.02 0.02857142857142857
2 0.9796428571428571 0.8447619047619047 0.025 0.01904761904761905
1 0.39 0.2276190476190476 0.002857142857142857 0.009523809523809525
1 0.39785714285714285 0.21619047619047618 0.002857142857142857 0.007619047619047619