6 0.11857142857142858 0.29428571428571426 0.045714285714285714 0.02666666666666667
6 0.1407142857142857 0.3980952380952381 0.05714285714285714 0.03428571428571429
6 0.15357142857142858 0.37761904761904763 0.05714285714285714 0.029523809523809525
6 0.15428571428571428 0.3647619047619048 0.05142857142857143 0.024761904761904763
6 0.17964285714285713 0.27095238095238094 0.045 0.025714285714285714
6 0.19892857142857143 0.2904761904761905 0.04642857142857143 0.024761904761904763
6 0.16892857142857143 0.3038095238095238 0.04642857142857143 0.02095238095238095
6 0.22 0.32571428571428573 0.03857142857142857 0.01904761904761905
6 0.15392857142857144 0.3419047619047619 0.047857142857142855 0.02857142857142857
6 0.21071428571428572 0.34095238095238095 0.05 0.02857142857142857
1 0.24035714285714285 0.5523809523809524 0.005 0.022857142857142857
1 0.23642857142857143 0.5495238095238095 0.005714285714285714 0.02095238095238095
1 0.29464285714285715 0.6404761904761904 0.007857142857142858 0.029523809523809525
1 0.25285714285714284 0.6371428571428571 0.01 0.02857142857142857
1 0.2667857142857143 0.7028571428571428 0.009285714285714286 0.02666666666666667
1 0.36 0.7328571428571429 0.01 0.03142857142857143
1 0.35714285714285715 0.6838095238095238 0.01 0.03428571428571429
1 0.3767857142857143 0.6676190476190477 0.009285714285714286 0.03619047619047619
1 0.40964285714285714 0.599047619047619 0.012142857142857143 0.03238095238095238
4 0.3875 0.42238095238095236 0.007857142857142858 0.01619047619047619
4 0.3578571428571429 0.4061904761904762 0.005714285714285714 0.014285714285714285
2 0.38785714285714284 0.43142857142857144 0.008571428571428572 0.024761904761904763
2 0.3578571428571429 0.4157142857142857 0.008571428571428572 0.025714285714285714
6 0.3725 0.05904761904761905 0.015 0.01904761904761905
6 0.41678571428571426 0.18142857142857144 0.017857142857142856 0.023809523809523808
6 0.4067857142857143 0.20666666666666667 0.016428571428571428 0.02666666666666667
6 0.42178571428571426 0.2695238095238095 0.017857142857142856 0.02857142857142857
6 0.46285714285714286 0.3219047619047619 0.02142857142857143 0.03619047619047619
6 0.44535714285714284 0.36904761904761907 0.02214285714285714 0.040952380952380955
6 0.4967857142857143 0.44047619047619047 0.027857142857142858 0.054285714285714284
8 0.4642857142857143 0.44095238095238093 0.032857142857142856 0.08761904761904762
6 0.45535714285714285 0.6985714285714286 0.06642857142857143 0.06761904761904762
6 0.6260714285714286 0.7447619047619047 0.04642857142857143 0.08571428571428572
4 0.6496428571428572 0.44904761904761903 0.0064285714285714285 0.014285714285714285
2 0.6482142857142857 0.45714285714285713 0.007857142857142858 0.024761904761904763
1 0.6435714285714286 0.3295238095238095 0.002857142857142857 0.017142857142857144
1 0.58 0.35714285714285715 0.005714285714285714 0.017142857142857144
1 0.6242857142857143 0.32095238095238093 0.005714285714285714 0.015238095238095238
6 0.6675 0.5719047619047619 0.06642857142857143 0.04857142857142857
6 0.6928571428571428 0.9566666666666667 0.05714285714285714 0.08666666666666667
4 0.7428571428571429 0.7 0.005714285714285714 0.015238095238095238
2 0.74 0.7052380952380952 0.012857142857142857 0.03142857142857143
1 0.7307142857142858 0.4523809523809524 0.008571428571428572 0.02095238095238095
6 0.8453571428571428 0.5271428571428571 0.056428571428571425 0.037142857142857144
1 0.8714285714285714 0.8085714285714286 0.011428571428571429 0.03238095238095238
4 0.9875 0.7785714285714286 0.010714285714285714 0.01619047619047619
2 0.9832142857142857 0.7804761904761904 0.027857142857142858 0.02
6 0.9832142857142857 0.4980952380952381 0.03214285714285714 0.0419047619047619