6 0.09964285714285714 0.04666666666666667 0.017857142857142856 0.009523809523809525
3 0.18 0.15333333333333332 0.014285714285714285 0.024761904761904763
6 0.18285714285714286 0.034761904761904765 0.004285714285714286 0.008571428571428572
7 0.19857142857142857 0.01380952380952381 0.012857142857142857 0.023809523809523808
7 0.3082142857142857 0.022857142857142857 0.009285714285714286 0.013333333333333334
7 0.33035714285714285 0.15 0.02214285714285714 0.03142857142857143
7 0.34285714285714286 0.14095238095238094 0.018571428571428572 0.024761904761904763
6 0.3053571428571429 0.15142857142857144 0.010714285714285714 0.015238095238095238
6 0.3221428571428571 0.13238095238095238 0.012857142857142857 0.013333333333333334
2 0.3717857142857143 0.16428571428571428 0.0064285714285714285 0.006666666666666667
4 0.3707142857142857 0.16142857142857142 0.002857142857142857 0.008571428571428572
4 0.32142857142857145 0.7938095238095239 0.01 0.021904761904761906
2 0.32142857142857145 0.8033333333333333 0.01 0.035238095238095235
2 0.44357142857142856 0.7376190476190476 0.011428571428571429 0.037142857142857144
4 0.4425 0.7361904761904762 0.007857142857142858 0.01904761904761905
7 0.46964285714285714 0.659047619047619 0.027857142857142858 0.07047619047619047
7 0.6246428571428572 0.4919047619047619 0.06785714285714285 0.11904761904761904
7 0.49464285714285716 0.21571428571428572 0.015 0.018095238095238095
1 0.5696428571428571 0.2523809523809524 0.0035714285714285713 0.013333333333333334
1 0.5775 0.23952380952380953 0.0035714285714285713 0.014285714285714285
1 0.5671428571428572 0.22523809523809524 0.004285714285714286 0.010476190476190476
1 0.5567857142857143 0.22666666666666666 0.0035714285714285713 0.011428571428571429
1 0.6010714285714286 0.2757142857142857 0.0035714285714285713 0.01619047619047619
1 0.6457142857142857 0.40285714285714286 0.005714285714285714 0.015238095238095238
6 0.63 0.3238095238095238 0.03 0.022857142857142857
6 0.6417857142857143 0.26571428571428574 0.017857142857142856 0.01904761904761905
6 0.6203571428571428 0.26476190476190475 0.017857142857142856 0.017142857142857144
7 0.6096428571428572 0.2714285714285714 0.019285714285714285 0.022857142857142857
11 0.5742857142857143 0.310952380952381 0.041428571428571426 0.07142857142857142
11 0.5446428571428571 0.2319047619047619 0.03357142857142857 0.05047619047619047
6 0.6375 0.22476190476190477 0.02214285714285714 0.017142857142857144
6 0.6092857142857143 0.15047619047619049 0.017142857142857144 0.011428571428571429
6 0.6203571428571428 0.14 0.016428571428571428 0.011428571428571429
6 0.5885714285714285 0.13047619047619047 0.02 0.011428571428571429
4 0.515 0.1957142857142857 0.002857142857142857 0.008571428571428572
2 0.5153571428571428 0.2 0.0035714285714285713 0.007619047619047619
6 0.5407142857142857 0.16 0.02 0.013333333333333334
6 0.6278571428571429 0.12523809523809523 0.018571428571428572 0.012380952380952381
7 0.6403571428571428 0.1376190476190476 0.029285714285714286 0.02761904761904762
7 0.5489285714285714 0.15 0.015 0.014285714285714285
7 0.5321428571428571 0.15095238095238095 0.014285714285714285 0.014285714285714285
7 0.5203571428571429 0.1438095238095238 0.02642857142857143 0.022857142857142857
7 0.5214285714285715 0.13523809523809524 0.027142857142857142 0.017142857142857144
7 0.5575 0.11238095238095239 0.012142857142857143 0.03238095238095238
3 0.5232142857142857 0.1595238095238095 0.010714285714285714 0.012380952380952381
3 0.5485714285714286 0.17714285714285713 0.012857142857142857 0.017142857142857144
7 0.42464285714285716 0.17761904761904762 0.027857142857142858 0.025714285714285714
7 0.48392857142857143 0.16285714285714287 0.017857142857142856 0.02666666666666667
7 0.5389285714285714 0.11142857142857143 0.010714285714285714 0.03238095238095238
6 0.5275 0.1180952380952381 0.0064285714285714285 0.009523809523809525
10 0.5357142857142857 0.19238095238095237 0.01 0.017142857142857144
4 0.5353571428571429 0.19428571428571428 0.0035714285714285713 0.009523809523809525
11 0.49607142857142855 0.14761904761904762 0.02214285714285714 0.04
11 0.465 0.1261904761904762 0.02 0.03333333333333333
7 0.8085714285714286 0.9176190476190477 0.11857142857142858 0.16285714285714287
2 0.8196428571428571 0.8385714285714285 0.02214285714285714 0.037142857142857144
4 0.8210714285714286 0.8338095238095238 0.013571428571428571 0.014285714285714285
6 0.9721428571428572 0.7019047619047619 0.054285714285714284 0.03428571428571429
6 0.9857142857142858 0.7352380952380952 0.02857142857142857 0.04
6 0.9814285714285714 0.5619047619047619 0.037142857142857144 0.03428571428571429
6 0.9853571428571428 0.508095238095238 0.029285714285714286 0.03142857142857143
6 0.8657142857142858 0.6585714285714286 0.054285714285714284 0.06380952380952382
7 0.7939285714285714 0.6780952380952381 0.07214285714285715 0.10476190476190476
6 0.9028571428571428 0.6571428571428571 0.055714285714285716 0.06476190476190476
6 0.9535714285714286 0.6647619047619048 0.05714285714285714 0.03238095238095238
6 0.9317857142857143 0.6295238095238095 0.056428571428571425 0.030476190476190476
6 0.97 0.5414285714285715 0.05 0.03142857142857143
6 0.9785714285714285 0.4861904761904762 0.04285714285714286 0.023809523809523808
6 0.9625 0.4676190476190476 0.045 0.02666666666666667
6 0.9360714285714286 0.49523809523809526 0.04928571428571429 0.03238095238095238
6 0.9185714285714286 0.4742857142857143 0.047142857142857146 0.02857142857142857
6 0.8935714285714286 0.4076190476190476 0.03428571428571429 0.03619047619047619
6 0.8767857142857143 0.4095238095238095 0.03214285714285714 0.04
6 0.8528571428571429 0.4990476190476191 0.041428571428571426 0.045714285714285714
6 0.8839285714285714 0.54 0.04071428571428572 0.05142857142857143
6 0.9532142857142857 0.518095238095238 0.047857142857142855 0.02857142857142857
6 0.8610714285714286 0.5442857142857143 0.04071428571428572 0.054285714285714284
6 0.8285714285714286 0.4990476190476191 0.03857142857142857 0.04380952380952381
6 0.8364285714285714 0.4138095238095238 0.03 0.037142857142857144
6 0.7746428571428572 0.4166666666666667 0.023571428571428573 0.037142857142857144
6 0.7585714285714286 0.42238095238095236 0.018571428571428572 0.03333333333333333
7 0.8292857142857143 0.35285714285714287 0.02857142857142857 0.037142857142857144
7 0.7571428571428571 0.33904761904761904 0.03142857142857143 0.02095238095238095
7 0.7192857142857143 0.2652380952380952 0.03428571428571429 0.025714285714285714
6 0.8482142857142857 0.35333333333333333 0.03214285714285714 0.03428571428571429
6 0.8725 0.3566666666666667 0.030714285714285715 0.029523809523809525
6 0.8889285714285714 0.35428571428571426 0.029285714285714286 0.024761904761904763
6 0.9082142857142858 0.3547619047619048 0.029285714285714286 0.029523809523809525
6 0.9632142857142857 0.3466666666666667 0.02214285714285714 0.017142857142857144
2 0.9725 0.35714285714285715 0.02642857142857143 0.015238095238095238
6 0.9425 0.35095238095238096 0.030714285714285715 0.029523809523809525
2 0.8946428571428572 0.30904761904761907 0.010714285714285714 0.010476190476190476
2 0.825 0.25476190476190474 0.008571428571428572 0.010476190476190476
2 0.835 0.2757142857142857 0.005714285714285714 0.012380952380952381
7 0.7917857142857143 0.3557142857142857 0.02642857142857143 0.035238095238095235
6 0.7275 0.2804761904761905 0.029285714285714286 0.018095238095238095
6 0.6989285714285715 0.20476190476190476 0.02214285714285714 0.017142857142857144
6 0.7046428571428571 0.2604761904761905 0.020714285714285713 0.01619047619047619
6 0.6735714285714286 0.21285714285714286 0.02142857142857143 0.01619047619047619
6 0.6875 0.18761904761904763 0.020714285714285713 0.02095238095238095
0 0.8546428571428571 0.2757142857142857 0.015 0.01619047619047619
6 0.6671428571428571 0.1376190476190476 0.01 0.010476190476190476
6 0.5332142857142858 0.0838095238095238 0.007857142857142858 0.009523809523809525
6 0.5228571428571429 0.08476190476190476 0.008571428571428572 0.011428571428571429
6 0.43785714285714283 0.029047619047619048 0.005714285714285714 0.006666666666666667
6 0.40714285714285714 0.02 0.007142857142857143 0.007619047619047619
6 0.41035714285714286 0.010952380952380953 0.005 0.008571428571428572
7 0.4642857142857143 0.06857142857142857 0.011428571428571429 0.017142857142857144
2 0.5125 0.09333333333333334 0.007857142857142858 0.005714285714285714
4 0.5128571428571429 0.09047619047619047 0.002857142857142857 0.007619047619047619
7 0.4807142857142857 0.030952380952380953 0.01 0.008571428571428572
6 0.48714285714285716 0.03428571428571429 0.008571428571428572 0.007619047619047619
6 0.415 0.02 0.005714285714285714 0.0038095238095238095
6 0.4282142857142857 0.030476190476190476 0.007857142857142858 0.007619047619047619
7 0.4157142857142857 0.029047619047619048 0.005714285714285714 0.008571428571428572
0 0.3846428571428571 0.006190476190476191 0.0035714285714285713 0.008571428571428572