6 0.05575 0.645 0.1095 0.11933333333333333
6 0.1535 0.5126666666666667 0.125 0.10133333333333333
6 0.271 0.8613333333333333 0.182 0.144
6 0.45975 0.44533333333333336 0.1305 0.096
7 0.94325 0.5706666666666667 0.1115 0.12533333333333332
6 0.55475 0.294 0.0455 0.09066666666666667
7 0.71325 0.343 0.1055 0.09933333333333333
6 0.8205 0.39766666666666667 0.133 0.094
6 0.972 0.27166666666666667 0.056 0.07533333333333334
6 0.63025 0.196 0.0665 0.08666666666666667
7 0.551 0.112 0.052 0.09066666666666667
6 0.4985 0.022 0.047 0.044
6 0.587 0.06966666666666667 0.138 0.13933333333333334