6 0.21928571428571428 0.08428571428571428 0.06428571428571428 0.04857142857142857
6 0.2885714285714286 0.11142857142857143 0.06428571428571428 0.045714285714285714
6 0.19285714285714287 0.21 0.07 0.054285714285714284
6 0.3717857142857143 0.1319047619047619 0.07071428571428572 0.035238095238095235
6 0.4542857142857143 0.16 0.07 0.05714285714285714
6 0.38571428571428573 0.1657142857142857 0.07571428571428572 0.049523809523809526
6 0.3464285714285714 0.23523809523809525 0.07857142857142857 0.05714285714285714
6 0.4785714285714286 0.27380952380952384 0.08714285714285715 0.06571428571428571
1 0.5021428571428571 0.29619047619047617 0.011428571428571429 0.0419047619047619
6 0.585 0.3223809523809524 0.08571428571428572 0.06380952380952382
6 0.7532142857142857 0.24952380952380954 0.095 0.06666666666666667
6 0.6982142857142857 0.36523809523809525 0.10928571428571429 0.07714285714285714
6 0.8110714285714286 0.46190476190476193 0.05071428571428571 0.10666666666666667
6 0.9642857142857143 0.32857142857142857 0.07142857142857142 0.05523809523809524
6 0.9557142857142857 0.5252380952380953 0.08857142857142856 0.14952380952380953
1 0.36964285714285716 0.4004761904761905 0.015 0.054285714285714284
2 0.11285714285714285 0.4738095238095238 0.04428571428571428 0.037142857142857144
2 0.11142857142857143 0.51 0.04428571428571428 0.035238095238095235