1 0.13575 0.672 0.0235 0.044
1 0.13925 0.651 0.0195 0.027333333333333334
5 0.161 0.6936666666666667 0.026 0.062
5 0.1725 0.6436666666666667 0.025 0.054
5 0.79075 0.165 0.0215 0.015333333333333332
5 0.79225 0.15933333333333333 0.0185 0.017333333333333333
2 0.74025 0.117 0.0165 0.012666666666666666
2 0.73325 0.104 0.0175 0.017333333333333333
2 0.72625 0.05633333333333333 0.0055 0.012666666666666666
2 0.8085 0.18033333333333335 0.017 0.012666666666666666
2 0.82375 0.18866666666666668 0.0235 0.021333333333333333
2 0.9835 0.44133333333333336 0.03 0.04933333333333333
5 0.744 0.168 0.008 0.02666666666666667
4 0.777 0.27166666666666667 0.014 0.03266666666666666
1 0.723 0.10633333333333334 0.007 0.026
4 0.59875 0.09666666666666666 0.0065 0.018666666666666668
2 0.59975 0.10266666666666667 0.0075 0.017333333333333333
2 0.6315 0.09066666666666667 0.016 0.018666666666666668
4 0.631 0.085 0.008 0.016666666666666666
1 0.32325 0.09066666666666667 0.0075 0.024
1 0.379 0.093 0.004 0.027333333333333334
1 0.33475 0.08933333333333333 0.0045 0.024
1 0.3185 0.084 0.004 0.024
4 0.39325 0.10466666666666667 0.0075 0.018666666666666668
4 0.39275 0.10333333333333333 0.0075 0.017333333333333333
2 0.393 0.11 0.008 0.021333333333333333
5 0.31 0.11033333333333334 0.006 0.018
1 0.36875 0.469 0.0185 0.05
1 0.436 0.46266666666666667 0.012 0.04933333333333333
6 0.247 0.4613333333333333 0.065 0.108
6 0.29825 0.342 0.0525 0.072
6 0.31625 0.224 0.0355 0.06
6 0.34775 0.11966666666666667 0.0245 0.035333333333333335
6 0.36525 0.05733333333333333 0.0175 0.02266666666666667
6 0.43375 0.057 0.0175 0.023333333333333334
6 0.37425 0.03333333333333333 0.0145 0.018666666666666668
6 0.38225 0.007333333333333333 0.0155 0.014666666666666666
6 0.3785 0.015333333333333332 0.014 0.016
7 0.3525 0.097 0.022 0.035333333333333335
6 0.64325 0.6076666666666667 0.1405 0.106
6 0.773 0.43266666666666664 0.075 0.07866666666666666
6 0.92625 0.43233333333333335 0.0715 0.078
6 0.80525 0.351 0.0655 0.059333333333333335
6 0.8055 0.29233333333333333 0.039 0.05
6 0.65875 0.22433333333333333 0.0415 0.043333333333333335
6 0.5715 0.169 0.026 0.03266666666666666
6 0.65725 0.14366666666666666 0.0245 0.03
6 0.60725 0.043666666666666666 0.0235 0.019333333333333334
11 0.54775 0.03666666666666667 0.0355 0.05333333333333334
6 0.6835 0.085 0.046 0.027333333333333334
6 0.642 0.5386666666666666 0.134 0.08933333333333333
7 0.61225 0.4593333333333333 0.1255 0.10533333333333333
6 0.86725 0.36033333333333334 0.0725 0.06333333333333334
6 0.77175 0.25266666666666665 0.0525 0.044
7 0.73975 0.231 0.0555 0.04733333333333333
6 0.731 0.201 0.047 0.03933333333333333
6 0.71925 0.167 0.0405 0.04466666666666667
6 0.69675 0.141 0.0335 0.034
6 0.672 0.12166666666666667 0.028 0.027333333333333334
6 0.65675 0.10733333333333334 0.0275 0.02666666666666667
6 0.643 0.09466666666666666 0.031 0.024
6 0.62725 0.064 0.0205 0.025333333333333333
6 0.60075 0.033666666666666664 0.0185 0.016666666666666666
7 0.5965 0.023333333333333334 0.017 0.02266666666666667
6 0.58475 0.017666666666666667 0.0235 0.019333333333333334
6 0.58 0.013333333333333334 0.024 0.017333333333333333
7 0.63525 0.007666666666666666 0.0335 0.015333333333333332
6 0.6375 0.011666666666666667 0.033 0.015333333333333332
6 0.6405 0.015666666666666666 0.032 0.016666666666666666
6 0.64675 0.02 0.0345 0.016
8 0.6545 0.02666666666666667 0.036 0.021333333333333333
7 0.66425 0.035333333333333335 0.0325 0.021333333333333333
7 0.6725 0.03966666666666667 0.033 0.020666666666666667
7 0.681 0.045 0.039 0.024666666666666667
7 0.70925 0.012666666666666666 0.0355 0.024
6 0.7205 0.022333333333333334 0.033 0.019333333333333334
6 0.72525 0.028333333333333332 0.0325 0.020666666666666667
7 0.69025 0.054 0.0415 0.024
7 0.6995 0.05733333333333333 0.039 0.025333333333333333
6 0.683 0.07066666666666667 0.046 0.021333333333333333