1 0.3955 0.7573333333333333 0.007 0.018666666666666668
1 0.44425 0.786 0.0055 0.018666666666666668
1 0.45875 0.8043333333333333 0.0065 0.020666666666666667
1 0.469 0.8316666666666667 0.006 0.020666666666666667
1 0.492 0.865 0.005 0.020666666666666667
1 0.45725 0.726 0.0045 0.017333333333333333
4 0.4925 0.7673333333333333 0.006 0.016
9 0.49675 0.7723333333333333 0.0165 0.027333333333333334
0 0.1985 0.423 0.079 0.05
7 0.373 0.44133333333333336 0.027 0.017333333333333333
7 0.41275 0.448 0.0245 0.02
7 0.4495 0.45766666666666667 0.027 0.019333333333333334
7 0.486 0.4643333333333333 0.029 0.020666666666666667
4 0.4835 0.43666666666666665 0.005 0.009333333333333334
5 0.4835 0.43966666666666665 0.01 0.01
5 0.3375 0.4103333333333333 0.004 0.01
5 0.341 0.409 0.005 0.01
5 0.353 0.4076666666666667 0.005 0.008666666666666666
5 0.3575 0.407 0.004 0.01
0 0.41275 0.398 0.0895 0.025333333333333333
4 0.42175 0.433 0.0045 0.01
4 0.42125 0.439 0.0045 0.011333333333333334
9 0.4185 0.435 0.018 0.011333333333333334
5 0.4225 0.44333333333333336 0.009 0.008
1 0.57975 0.47833333333333333 0.0025 0.012666666666666666
7 0.597 0.4886666666666667 0.032 0.02
2 0.71875 0.437 0.0035 0.012666666666666666
2 0.7245 0.44066666666666665 0.005 0.013333333333333334
2 0.7325 0.44733333333333336 0.005 0.010666666666666666
2 0.73775 0.4503333333333333 0.0065 0.014
2 0.743 0.45466666666666666 0.007 0.010666666666666666
5 0.75 0.459 0.006 0.011333333333333334
5 0.756 0.4623333333333333 0.005 0.01
2 0.76175 0.4653333333333333 0.0105 0.008
5 0.76425 0.471 0.0055 0.011333333333333334
5 0.7705 0.473 0.005 0.011333333333333334
1 0.7825 0.47933333333333333 0.006 0.012
1 0.79125 0.507 0.0055 0.014
1 0.793 0.5113333333333333 0.006 0.014666666666666666
1 0.8025 0.5116666666666667 0.005 0.014
1 0.8015 0.509 0.006 0.014
0 0.8025 0.4866666666666667 0.031 0.024
0 0.85775 0.515 0.1005 0.042
4 0.9115 0.541 0.006 0.011333333333333334
9 0.916 0.5443333333333333 0.028 0.018
0 0.97125 0.5966666666666667 0.0575 0.052
1 0.965 0.6233333333333333 0.01 0.017333333333333333
6 0.14075 0.2733333333333333 0.0165 0.010666666666666666
6 0.12825 0.2713333333333333 0.0175 0.013333333333333334