6 0.48428571428571426 0.5374365482233503 0.08857142857142856 0.09517766497461928
7 0.5407142857142857 0.49746192893401014 0.09428571428571429 0.1116751269035533
6 0.605 0.48350253807106597 0.08714285714285715 0.08121827411167512
6 0.6282142857142857 0.700507614213198 0.12785714285714286 0.1446700507614213
6 0.7232142857142857 0.6871827411167513 0.13214285714285715 0.1484771573604061
6 0.7057142857142857 0.5761421319796954 0.10571428571428572 0.10152284263959391
2 0.6096428571428572 0.5685279187817259 0.04214285714285714 0.06345177664974619
4 0.6046428571428571 0.557741116751269 0.02642857142857143 0.07233502538071065
1 0.6242857142857143 0.3870558375634518 0.011428571428571429 0.048223350253807105
1 0.6246428571428572 0.375 0.010714285714285714 0.04949238578680203
1 0.5985714285714285 0.26713197969543145 0.01 0.03934010152284264
1 0.7453571428571428 0.3470812182741117 0.013571428571428571 0.046954314720812185
1 0.7328571428571429 0.3280456852791878 0.014285714285714285 0.044416243654822336
1 0.8885714285714286 0.3946700507614213 0.011428571428571429 0.050761421319796954
1 0.8775 0.36611675126903553 0.013571428571428571 0.04949238578680203
1 0.7871428571428571 0.18781725888324874 0.007142857142857143 0.03299492385786802
1 0.7978571428571428 0.18781725888324874 0.008571428571428572 0.03553299492385787
8 0.7671428571428571 0.0850253807106599 0.06142857142857143 0.06091370558375635
2 0.8539285714285715 0.1313451776649746 0.013571428571428571 0.0266497461928934
4 0.8535714285714285 0.13071065989847716 0.01 0.02284263959390863
7 0.40214285714285714 0.19796954314720813 0.03857142857142857 0.0532994923857868
6 0.3703571428571429 0.1998730964467005 0.039285714285714285 0.046954314720812185
6 0.3703571428571429 0.18210659898477158 0.030714285714285715 0.03426395939086294