4 0.457 0.9713333333333334 0.046 0.05333333333333334
1 0.364 0.9726666666666667 0.053 0.05466666666666667
9 0.57925 0.5906666666666667 0.0325 0.07733333333333334
4 0.57925 0.5663333333333334 0.0295 0.058
1 0.52025 0.5743333333333334 0.0305 0.082
1 0.4815 0.5436666666666666 0.029 0.078
1 0.4555 0.532 0.021 0.068
1 0.4315 0.5573333333333333 0.024 0.072
1 0.4105 0.306 0.013 0.04533333333333334
1 0.4285 0.3 0.016 0.06
1 0.3055 0.31 0.027 0.058666666666666666
1 0.37425 0.372 0.0195 0.068
5 0.38875 0.405 0.0405 0.04466666666666667
4 0.308 0.364 0.026 0.030666666666666665
4 0.46825 0.24433333333333335 0.0185 0.05266666666666667
2 0.4695 0.26366666666666666 0.015 0.043333333333333335
5 0.499 0.050333333333333334 0.011 0.03
4 0.4985 0.03833333333333333 0.01 0.034
1 0.39575 0.029 0.0105 0.042
1 0.544 0.11333333333333333 0.014 0.052
1 0.576 0.13133333333333333 0.009 0.05333333333333334
4 0.62175 0.28933333333333333 0.0195 0.042666666666666665
4 0.89925 0.753 0.0275 0.06066666666666667
1 0.20625 0.019333333333333334 0.0155 0.037333333333333336
6 0.16 0.03333333333333333 0.073 0.04133333333333333
6 0.07025 0.03933333333333333 0.0765 0.04133333333333333
7 0.26425 0.023333333333333334 0.0675 0.04666666666666667
7 0.2835 0.06733333333333333 0.081 0.07466666666666667
7 0.2565 0.31666666666666665 0.069 0.144
7 0.6425 0.211 0.047 0.09533333333333334
7 0.8565 0.5663333333333334 0.201 0.20066666666666666
7 0.21625 0.7016666666666667 0.1295 0.26066666666666666