11 0.3407142857142857 0.1935279187817259 0.05857142857142857 0.11802030456852793
11 0.3992857142857143 0.04251269035532995 0.03 0.0850253807106599
11 0.15 0.1814720812182741 0.054285714285714284 0.06852791878172589
6 0.09142857142857143 0.6668781725888325 0.05142857142857143 0.06725888324873096
6 0.2375 0.4479695431472081 0.04071428571428572 0.050761421319796954
6 0.23 0.6078680203045685 0.04857142857142857 0.07868020304568528
6 0.3375 0.27918781725888325 0.027857142857142858 0.04314720812182741
6 0.40214285714285714 0.2296954314720812 0.022857142857142857 0.03553299492385787
6 0.13142857142857142 0.6884517766497462 0.047142857142857146 0.0799492385786802
6 0.4132142857142857 0.48096446700507617 0.017857142857142856 0.04568527918781726
6 0.49214285714285716 0.4879441624365482 0.017142857142857144 0.05203045685279188
6 0.5153571428571428 0.20748730964467005 0.015 0.03680203045685279
6 0.5321428571428571 0.0850253807106599 0.011428571428571429 0.030456852791878174
6 0.44571428571428573 0.11230964467005077 0.015714285714285715 0.03426395939086294
6 0.4567857142857143 0.04758883248730964 0.015 0.03426395939086294
6 0.395 0.15228426395939088 0.02 0.030456852791878174
6 0.655 0.11230964467005077 0.014285714285714285 0.024111675126903553
7 0.41464285714285715 0.08439086294416244 0.015 0.03426395939086294
6 0.18857142857142858 0.2430203045685279 0.03428571428571429 0.0266497461928934
6 0.024285714285714285 0.09771573604060914 0.024285714285714285 0.027918781725888325
6 0.026071428571428572 0.48286802030456855 0.03785714285714286 0.05710659898477157
6 0.02 0.46573604060913704 0.04 0.06345177664974619
8 0.07214285714285715 0.4137055837563452 0.07285714285714286 0.07868020304568528
8 0.04642857142857143 0.39593908629441626 0.06714285714285714 0.07614213197969544
8 0.033928571428571426 0.3813451776649746 0.062142857142857146 0.06979695431472081
8 0.017857142857142856 0.3496192893401015 0.03571428571428571 0.05964467005076142
8 0.18928571428571428 0.34390862944162437 0.04285714285714286 0.06598984771573604
8 0.18142857142857144 0.3293147208121827 0.04 0.05964467005076142
8 0.17 0.3197969543147208 0.03857142857142857 0.06598984771573604
8 0.15642857142857142 0.309010152284264 0.04428571428571428 0.06472081218274112
8 0.1375 0.3013959390862944 0.047857142857142855 0.07487309644670051
8 0.12785714285714286 0.29378172588832485 0.05285714285714286 0.07233502538071065
8 0.10285714285714286 0.27411167512690354 0.04857142857142857 0.06598984771573604
7 0.06285714285714286 0.22842639593908629 0.03142857142857143 0.04060913705583756
6 0.0425 0.2068527918781726 0.030714285714285715 0.03807106598984772
6 0.06642857142857143 0.0850253807106599 0.02142857142857143 0.02030456852791878
6 0.060714285714285714 0.07614213197969544 0.025714285714285714 0.017766497461928935
6 0.09571428571428571 0.11104060913705584 0.022857142857142857 0.0266497461928934
6 0.10821428571428572 0.10279187817258884 0.017857142857142856 0.025380710659898477
6 0.12678571428571428 0.09517766497461928 0.020714285714285713 0.02284263959390863
6 0.14892857142857144 0.1281725888324873 0.02642857142857143 0.02284263959390863
6 0.12285714285714286 0.08819796954314721 0.025714285714285714 0.021573604060913704
6 0.11535714285714285 0.08312182741116751 0.023571428571428573 0.024111675126903553
6 0.115 0.05901015228426396 0.02 0.021573604060913704
6 0.13535714285714287 0.05012690355329949 0.02214285714285714 0.021573604060913704
6 0.15714285714285714 0.021573604060913704 0.02 0.02284263959390863
6 0.12928571428571428 0.04314720812182741 0.018571428571428572 0.017766497461928935
6 0.15107142857142858 0.018401015228426396 0.020714285714285713 0.024111675126903553
6 0.10821428571428572 0.053934010152284266 0.020714285714285713 0.024111675126903553
6 0.10214285714285715 0.05139593908629442 0.018571428571428572 0.024111675126903553
6 0.095 0.04949238578680203 0.02142857142857143 0.02284263959390863
6 0.6885714285714286 0.04631979695431472 0.02 0.021573604060913704
6 0.6975 0.03934010152284264 0.023571428571428573 0.025380710659898477
6 0.6832142857142857 0.05266497461928934 0.025 0.021573604060913704
6 0.8389285714285715 0.04187817258883249 0.02642857142857143 0.017766497461928935
6 0.8125 0.04314720812182741 0.02642857142857143 0.02284263959390863
6 0.81 0.03489847715736041 0.018571428571428572 0.01649746192893401
6 0.8289285714285715 0.028553299492385786 0.019285714285714285 0.01649746192893401
6 0.8253571428571429 0.024111675126903553 0.017857142857142856 0.015228426395939087
6 0.8189285714285715 0.013959390862944163 0.020714285714285713 0.017766497461928935
6 0.7967857142857143 0.015862944162436547 0.019285714285714285 0.01649746192893401
6 0.7346428571428572 0.03934010152284264 0.023571428571428573 0.02030456852791878
6 0.7189285714285715 0.01713197969543147 0.019285714285714285 0.024111675126903553
6 0.7235714285714285 0.01015228426395939 0.017142857142857144 0.02030456852791878
6 0.7467857142857143 0.010786802030456852 0.017857142857142856 0.021573604060913704
1 0.11892857142857143 0.9803299492385786 0.015 0.03680203045685279
1 0.3289285714285714 0.09517766497461928 0.005 0.02030456852791878
7 0.3610714285714286 0.11230964467005077 0.015 0.03680203045685279
6 0.3628571428571429 0.08692893401015228 0.011428571428571429 0.024111675126903553
6 0.36642857142857144 0.060279187817258884 0.012857142857142857 0.0266497461928934
6 0.3560714285714286 0.03680203045685279 0.010714285714285714 0.017766497461928935
6 0.26357142857142857 0.04060913705583756 0.011428571428571429 0.017766497461928935
6 0.26571428571428574 0.030456852791878174 0.014285714285714285 0.027918781725888325
6 0.5828571428571429 0.01903553299492386 0.02 0.025380710659898477