11 0.2125 0.6661904761904762 0.052142857142857144 0.07523809523809524
5 0.4542857142857143 0.5042857142857143 0.004285714285714286 0.012380952380952381
4 0.4542857142857143 0.5014285714285714 0.004285714285714286 0.010476190476190476
6 0.45785714285714285 0.3342857142857143 0.005714285714285714 0.007619047619047619
6 0.5332142857142858 0.32095238095238093 0.005 0.005714285714285714
6 0.48678571428571427 0.29619047619047617 0.002142857142857143 0.0038095238095238095
7 0.6453571428571429 0.5733333333333334 0.03214285714285714 0.01904761904761905
6 0.9692857142857143 0.6266666666666667 0.02857142857142857 0.022857142857142857
6 0.9503571428571429 0.6319047619047619 0.023571428571428573 0.023809523809523808
6 0.9146428571428571 0.6342857142857142 0.03214285714285714 0.022857142857142857
6 0.8532142857142857 0.6390476190476191 0.027857142857142858 0.02857142857142857
6 0.8825 0.7128571428571429 0.04071428571428572 0.029523809523809525
6 0.8310714285714286 0.6419047619047619 0.025 0.02857142857142857
6 0.8092857142857143 0.6390476190476191 0.025714285714285714 0.03238095238095238
6 0.7621428571428571 0.6452380952380953 0.015714285714285715 0.023809523809523808
6 0.6542857142857142 0.5857142857142857 0.025714285714285714 0.015238095238095238
6 0.7103571428571429 0.5652380952380952 0.019285714285714285 0.010476190476190476
6 0.7046428571428571 0.5542857142857143 0.019285714285714285 0.015238095238095238
6 0.7021428571428572 0.5438095238095239 0.025714285714285714 0.015238095238095238
6 0.6803571428571429 0.5142857142857142 0.020714285714285713 0.015238095238095238
6 0.675 0.508095238095238 0.017142857142857144 0.010476190476190476
6 0.6717857142857143 0.5023809523809524 0.02214285714285714 0.012380952380952381
6 0.6896428571428571 0.5266666666666666 0.027857142857142858 0.011428571428571429
6 0.6417857142857143 0.5638095238095238 0.027857142857142858 0.015238095238095238
3 0.2075 0.4561904761904762 0.085 0.11047619047619048
1 0.2542857142857143 0.48523809523809525 0.004285714285714286 0.014285714285714285
7 0.2596428571428571 0.41333333333333333 0.020714285714285713 0.013333333333333334
6 0.2735714285714286 0.4080952380952381 0.014285714285714285 0.010476190476190476
6 0.25642857142857145 0.4180952380952381 0.018571428571428572 0.009523809523809525
2 0.3175 0.4585714285714286 0.009285714285714286 0.010476190476190476
4 0.3175 0.45666666666666667 0.0035714285714285713 0.010476190476190476
6 0.24714285714285714 0.36142857142857143 0.012857142857142857 0.008571428571428572
8 0.25892857142857145 0.35714285714285715 0.010714285714285714 0.011428571428571429
7 0.36642857142857144 0.3119047619047619 0.008571428571428572 0.006666666666666667
0 0.58 0.2904761904761905 0.024285714285714285 0.024761904761904763
0 0.5396428571428571 0.2438095238095238 0.017857142857142856 0.03238095238095238
6 0.7267857142857143 0.32142857142857145 0.010714285714285714 0.006666666666666667
6 0.7389285714285714 0.3219047619047619 0.007857142857142858 0.005714285714285714
6 0.8821428571428571 0.31857142857142856 0.012857142857142857 0.010476190476190476
6 0.5889285714285715 0.32904761904761903 0.016428571428571428 0.008571428571428572
6 0.5925 0.3252380952380952 0.009285714285714286 0.008571428571428572