8 0.4210714285714286 0.5576190476190476 0.05071428571428571 0.1361904761904762
6 0.6310714285714286 0.829047619047619 0.055 0.14
6 0.5228571428571429 0.2561904761904762 0.05714285714285714 0.12380952380952381
8 0.7157142857142857 0.5642857142857143 0.09571428571428571 0.05238095238095238
6 0.8642857142857143 0.5652380952380952 0.08571428571428572 0.06380952380952382
6 0.9589285714285715 0.5980952380952381 0.08214285714285714 0.06285714285714286
7 0.7535714285714286 0.35619047619047617 0.09142857142857143 0.07809523809523809
6 0.7292857142857143 0.09571428571428571 0.045714285714285714 0.11333333333333333
1 0.6117857142857143 0.38904761904761903 0.010714285714285714 0.02
1 0.6196428571428572 0.3904761904761905 0.0064285714285714285 0.009523809523809525
2 0.7596428571428572 0.6247619047619047 0.03357142857142857 0.017142857142857144
4 0.4607142857142857 0.6266666666666667 0.018571428571428572 0.02095238095238095
4 0.4589285714285714 0.6423809523809524 0.015 0.010476190476190476
2 0.45964285714285713 0.6247619047619047 0.013571428571428571 0.05523809523809524
2 0.1 0.55 0.02 0.04285714285714286
10 0.14964285714285713 0.23142857142857143 0.06928571428571428 0.04