6 0.6253571428571428 0.5933333333333334 0.060714285714285714 0.04380952380952381
6 0.8660714285714286 0.710952380952381 0.08928571428571429 0.04285714285714286
6 0.3917857142857143 0.5714285714285714 0.03785714285714286 0.04
6 0.3389285714285714 0.54 0.030714285714285715 0.0380952380952381
6 0.36178571428571427 0.5338095238095238 0.02642857142857143 0.035238095238095235
6 0.3425 0.5004761904761905 0.02642857142857143 0.029523809523809525
6 0.29464285714285715 0.4738095238095238 0.020714285714285713 0.03142857142857143
6 0.30428571428571427 0.44571428571428573 0.022857142857142857 0.02095238095238095
6 0.3603571428571429 0.4861904761904762 0.025 0.029523809523809525
6 0.3417857142857143 0.4657142857142857 0.020714285714285713 0.022857142857142857
6 0.3182142857142857 0.40285714285714286 0.017857142857142856 0.02666666666666667
6 0.24107142857142858 0.3171428571428571 0.02214285714285714 0.015238095238095238
11 0.4042857142857143 0.5314285714285715 0.06857142857142857 0.08
6 0.43392857142857144 0.5266666666666666 0.02642857142857143 0.03428571428571429
0 0.2953571428571429 0.6295238095238095 0.017857142857142856 0.02857142857142857
0 0.26964285714285713 0.6195238095238095 0.013571428571428571 0.03142857142857143
0 0.31214285714285717 0.6071428571428571 0.024285714285714285 0.05238095238095238
0 0.3317857142857143 0.5933333333333334 0.016428571428571428 0.02857142857142857
1 0.2517857142857143 0.6433333333333333 0.013571428571428571 0.035238095238095235