6 0.32035714285714284 0.041428571428571426 0.013571428571428571 0.035238095238095235
6 0.3357142857142857 0.03333333333333333 0.014285714285714285 0.04
6 0.31785714285714284 0.14714285714285713 0.014285714285714285 0.040952380952380955
6 0.3625 0.21047619047619048 0.013571428571428571 0.030476190476190476
6 0.315 0.2571428571428571 0.014285714285714285 0.0380952380952381
6 0.36178571428571427 0.2557142857142857 0.012142857142857143 0.037142857142857144
6 0.3171428571428571 0.30142857142857143 0.012857142857142857 0.039047619047619046
6 0.36142857142857143 0.3019047619047619 0.014285714285714285 0.0380952380952381
6 0.3628571428571429 0.35 0.014285714285714285 0.037142857142857144
6 0.3167857142857143 0.3976190476190476 0.015 0.039047619047619046
6 0.3625 0.4038095238095238 0.012142857142857143 0.0380952380952381
6 0.31642857142857145 0.4480952380952381 0.015714285714285715 0.037142857142857144
6 0.37107142857142855 0.689047619047619 0.013571428571428571 0.040952380952380955
6 0.4735714285714286 0.6228571428571429 0.022857142857142857 0.03428571428571429
8 0.5032142857142857 0.06285714285714286 0.019285714285714285 0.09333333333333334
8 0.6057142857142858 0.06952380952380953 0.017142857142857144 0.0761904761904762
8 0.5439285714285714 0.6985714285714286 0.03785714285714286 0.03333333333333333
6 0.5189285714285714 0.7914285714285715 0.020714285714285713 0.0380952380952381
7 0.5489285714285714 0.789047619047619 0.030714285714285715 0.02
8 0.4664285714285714 0.8342857142857143 0.012857142857142857 0.04
8 0.615 0.9661904761904762 0.02142857142857143 0.05619047619047619
2 0.7414285714285714 0.9719047619047619 0.01 0.02
6 0.7921428571428571 0.7295238095238096 0.027142857142857142 0.01904761904761905
6 0.7967857142857143 0.689047619047619 0.029285714285714286 0.018095238095238095
6 0.8021428571428572 0.669047619047619 0.02857142857142857 0.018095238095238095
6 0.8025 0.6438095238095238 0.027857142857142858 0.015238095238095238
6 0.8017857142857143 0.6109523809523809 0.027857142857142858 0.021904761904761906
6 0.7971428571428572 0.5552380952380952 0.03 0.01904761904761905
6 0.8010714285714285 0.5280952380952381 0.027857142857142858 0.01619047619047619
6 0.7975 0.49857142857142855 0.030714285714285715 0.018095238095238095
6 0.7485714285714286 0.36142857142857143 0.014285714285714285 0.035238095238095235
6 0.8096428571428571 0.3576190476190476 0.013571428571428571 0.037142857142857144
6 0.8964285714285715 0.11714285714285715 0.03142857142857143 0.02095238095238095
8 0.8989285714285714 0.06333333333333334 0.03214285714285714 0.021904761904761906
11 0.7478571428571429 0.15476190476190477 0.024285714285714285 0.09238095238095238
2 0.8075 0.6290476190476191 0.012142857142857143 0.008571428571428572
2 0.7325 0.4276190476190476 0.0064285714285714285 0.015238095238095238
1 0.7596428571428572 0.319047619047619 0.0064285714285714285 0.007619047619047619
1 0.7628571428571429 0.36666666666666664 0.005714285714285714 0.007619047619047619
1 0.7625 0.37714285714285717 0.0064285714285714285 0.005714285714285714
1 0.7603571428571428 0.38142857142857145 0.0064285714285714285 0.006666666666666667
1 0.8617857142857143 0.3295238095238095 0.007857142857142858 0.007619047619047619
2 0.8907142857142857 0.23476190476190475 0.011428571428571429 0.010476190476190476
2 0.9042857142857142 0.22904761904761906 0.011428571428571429 0.008571428571428572
2 0.9042857142857142 0.22 0.011428571428571429 0.007619047619047619
2 0.8403571428571428 0.07523809523809524 0.009285714285714286 0.017142857142857144
1 0.775 0.0419047619047619 0.005714285714285714 0.011428571428571429
1 0.7832142857142858 0.045714285714285714 0.0064285714285714285 0.009523809523809525
1 0.7835714285714286 0.034761904761904765 0.005714285714285714 0.010476190476190476
2 0.5678571428571428 0.07285714285714286 0.005714285714285714 0.01619047619047619
2 0.5778571428571428 0.009523809523809525 0.005714285714285714 0.01904761904761905
6 0.12678571428571428 0.8633333333333333 0.029285714285714286 0.023809523809523808
6 0.12928571428571428 0.9642857142857143 0.032857142857142856 0.025714285714285714
0 0.9289285714285714 0.23809523809523808 0.017857142857142856 0.0419047619047619
0 0.9282142857142858 0.2957142857142857 0.023571428571428573 0.040952380952380955