2 0.252 0.7386666666666667 0.059 0.05466666666666667
2 0.28325 0.716 0.0555 0.050666666666666665
2 0.26025 0.571 0.0445 0.038
1 0.47525 0.6016666666666667 0.0225 0.059333333333333335
7 0.4455 0.717 0.071 0.16466666666666666
1 0.391 0.43833333333333335 0.01 0.04066666666666666
6 0.32675 0.364 0.0685 0.04
6 0.3215 0.31466666666666665 0.061 0.037333333333333336
6 0.33625 0.267 0.0245 0.026
5 0.267 0.36833333333333335 0.024 0.022
5 0.26475 0.36333333333333334 0.0245 0.02
6 0.36075 0.24933333333333332 0.0215 0.025333333333333333
6 0.37225 0.2826666666666667 0.0255 0.030666666666666665
2 0.285 0.246 0.008 0.016
2 0.27925 0.233 0.0175 0.014
2 0.278 0.21366666666666667 0.008 0.014
2 0.31075 0.20366666666666666 0.0125 0.012666666666666666
6 0.343 0.19866666666666666 0.016 0.02
6 0.39175 0.17966666666666667 0.0175 0.016666666666666666
7 0.41925 0.21033333333333334 0.0185 0.028666666666666667
2 0.376 0.208 0.005 0.014666666666666666
4 0.376 0.20233333333333334 0.006 0.015333333333333332
6 0.333 0.17533333333333334 0.015 0.014666666666666666
7 0.33125 0.164 0.0135 0.02
2 0.33625 0.15333333333333332 0.0055 0.009333333333333334
4 0.33625 0.14833333333333334 0.0045 0.01
2 0.333 0.149 0.004 0.008666666666666666
4 0.33325 0.14533333333333334 0.0035 0.009333333333333334
5 0.31975 0.197 0.0135 0.015333333333333332
5 0.3185 0.18466666666666667 0.013 0.010666666666666666
2 0.31875 0.191 0.0165 0.012666666666666666
2 0.27975 0.11866666666666667 0.0095 0.006666666666666667
2 0.28275 0.11333333333333333 0.0065 0.008
7 0.30075 0.11833333333333333 0.0085 0.011333333333333334
6 0.31425 0.11966666666666667 0.0085 0.01
0 0.306 0.091 0.024 0.046
0 0.297 0.05333333333333334 0.017 0.021333333333333333
11 0.3275 0.08566666666666667 0.008 0.012666666666666666
6 0.32725 0.09266666666666666 0.0065 0.009333333333333334
6 0.3995 0.12066666666666667 0.01 0.012
6 0.39675 0.10866666666666666 0.0095 0.009333333333333334
7 0.3595 0.08366666666666667 0.006 0.008666666666666666
6 0.37175 0.09233333333333334 0.0055 0.008666666666666666
6 0.3865 0.09966666666666667 0.007 0.007333333333333333
0 0.38875 0.08766666666666667 0.0255 0.014
6 0.4035 0.10366666666666667 0.008 0.008666666666666666
0 0.407 0.09533333333333334 0.009 0.008
0 0.41375 0.10333333333333333 0.0085 0.014666666666666666
6 0.42125 0.106 0.0075 0.008
6 0.43325 0.105 0.0075 0.008666666666666666
4 0.42375 0.10033333333333333 0.0035 0.007333333333333333
6 0.431 0.11066666666666666 0.009 0.009333333333333334
6 0.437 0.11466666666666667 0.009 0.009333333333333334
6 0.60875 0.47333333333333333 0.0695 0.07333333333333333
6 0.53425 0.29533333333333334 0.0375 0.04
6 0.45775 0.25833333333333336 0.0265 0.028666666666666667
6 0.953 0.39166666666666666 0.083 0.046
6 0.9425 0.31866666666666665 0.076 0.03333333333333333
6 0.7205 0.26666666666666666 0.038 0.025333333333333333
1 0.70125 0.25 0.0055 0.024
1 0.70875 0.245 0.0055 0.022
1 0.6995 0.23433333333333334 0.006 0.022
5 0.723 0.24566666666666667 0.006 0.014
5 0.654 0.21566666666666667 0.008 0.016666666666666666
1 0.66275 0.224 0.0055 0.021333333333333333
8 0.58675 0.22633333333333333 0.0425 0.046
6 0.60775 0.20766666666666667 0.0265 0.019333333333333334
6 0.59475 0.20033333333333334 0.0215 0.015333333333333332
5 0.568 0.198 0.005 0.013333333333333334
4 0.568 0.19566666666666666 0.005 0.012666666666666666
2 0.63925 0.22333333333333333 0.0175 0.017333333333333333
2 0.63725 0.21966666666666668 0.0155 0.019333333333333334
6 0.549 0.178 0.024 0.014666666666666666
1 0.55325 0.16566666666666666 0.0045 0.015333333333333332
7 0.53225 0.16733333333333333 0.0265 0.017333333333333333
8 0.4635 0.148 0.021 0.02666666666666667
7 0.47275 0.13333333333333333 0.0125 0.014666666666666666
6 0.4625 0.12833333333333333 0.01 0.01
6 0.43825 0.13533333333333333 0.0125 0.016
6 0.449 0.12366666666666666 0.016 0.011333333333333334
2 0.5055 0.145 0.01 0.01
2 0.51175 0.14633333333333334 0.0075 0.01
2 0.4915 0.13666666666666666 0.003 0.009333333333333334
2 0.496 0.13933333333333334 0.004 0.008