6 0.6107142857142858 0.5133333333333333 0.04285714285714286 0.05904761904761905
6 0.5610714285714286 0.4976190476190476 0.045 0.06380952380952382
6 0.5207142857142857 0.49142857142857144 0.047142857142857146 0.05904761904761905
6 0.48178571428571426 0.4738095238095238 0.047857142857142855 0.058095238095238096
6 0.4442857142857143 0.4633333333333333 0.04428571428571428 0.054285714285714284
6 0.5732142857142857 0.4061904761904762 0.04214285714285714 0.04285714285714286
6 0.5378571428571428 0.39904761904761904 0.037142857142857144 0.0380952380952381
6 0.5042857142857143 0.39476190476190476 0.037142857142857144 0.037142857142857144
6 0.4717857142857143 0.3942857142857143 0.04071428571428572 0.03619047619047619
6 0.3892857142857143 0.3871428571428571 0.04428571428571428 0.04476190476190476
6 0.8128571428571428 0.4880952380952381 0.03571428571428571 0.058095238095238096
6 0.8703571428571428 0.4895238095238095 0.04071428571428572 0.06285714285714286
6 0.7992857142857143 0.43142857142857144 0.03 0.045714285714285714
6 0.9375 0.3585714285714286 0.04071428571428572 0.03142857142857143
6 0.9207142857142857 0.30857142857142855 0.02142857142857143 0.02095238095238095
6 0.8960714285714285 0.2719047619047619 0.017857142857142856 0.021904761904761906
6 0.36642857142857144 0.4423809523809524 0.04857142857142857 0.04666666666666667
6 0.3560714285714286 0.5380952380952381 0.08357142857142857 0.05714285714285714
6 0.1525 0.34285714285714286 0.04214285714285714 0.0419047619047619
6 0.2525 0.5090476190476191 0.08642857142857142 0.06
6 0.1432142857142857 0.48428571428571426 0.06785714285714285 0.054285714285714284
6 0.06857142857142857 0.4676190476190476 0.07 0.047619047619047616
6 0.8471428571428572 0.4057142857142857 0.03142857142857143 0.045714285714285714
6 0.8503571428571428 0.36904761904761907 0.027857142857142858 0.039047619047619046
6 0.7425 0.40523809523809523 0.05071428571428571 0.03333333333333333
6 0.8003571428571429 0.4014285714285714 0.023571428571428573 0.040952380952380955
6 0.8064285714285714 0.36095238095238097 0.027142857142857142 0.04
6 0.91 0.2895238095238095 0.017142857142857144 0.022857142857142857
6 0.97 0.39714285714285713 0.03571428571428571 0.03428571428571429
6 0.9832142857142857 0.4380952380952381 0.03357142857142857 0.0419047619047619
1 0.88 0.731904761904762 0.02857142857142857 0.05238095238095238
1 0.4610714285714286 0.7495238095238095 0.016428571428571428 0.05904761904761905
1 0.4160714285714286 0.7038095238095238 0.020714285714285713 0.05523809523809524
1 0.38035714285714284 0.7423809523809524 0.017857142857142856 0.054285714285714284
7 0.18892857142857142 0.3380952380952381 0.035 0.0419047619047619
7 0.8592857142857143 0.43761904761904763 0.03428571428571429 0.06
6 0.0925 0.38904761904761903 0.06357142857142857 0.05238095238095238
6 0.05964285714285714 0.3880952380952381 0.06357142857142857 0.05047619047619047
6 0.11392857142857143 0.39904761904761904 0.06928571428571428 0.05523809523809524
6 0.1632142857142857 0.4114285714285714 0.05928571428571429 0.049523809523809526
6 0.19357142857142856 0.4176190476190476 0.05142857142857143 0.04285714285714286
6 0.21214285714285713 0.4261904761904762 0.06142857142857143 0.04666666666666667
6 0.32535714285714284 0.43714285714285717 0.052142857142857144 0.05333333333333334
6 0.2782142857142857 0.44142857142857145 0.05928571428571429 0.05238095238095238
6 0.24892857142857142 0.4338095238095238 0.062142857142857146 0.05047619047619047
1 0.5217857142857143 0.4519047619047619 0.013571428571428571 0.03333333333333333
6 0.7296428571428571 0.37 0.029285714285714286 0.03142857142857143
6 0.9367857142857143 0.33666666666666667 0.027857142857142858 0.025714285714285714
6 0.98 0.35285714285714287 0.04 0.03142857142857143
6 0.9785714285714285 0.3385714285714286 0.04285714285714286 0.025714285714285714
6 0.9635714285714285 0.3223809523809524 0.04428571428571428 0.025714285714285714
6 0.9421428571428572 0.29523809523809524 0.03857142857142857 0.024761904761904763
6 0.9267857142857143 0.27380952380952384 0.030714285714285715 0.02
6 0.9171428571428571 0.25666666666666665 0.02857142857142857 0.02
6 0.8932142857142857 0.26 0.019285714285714285 0.01904761904761905
6 0.9121428571428571 0.25142857142857145 0.03428571428571429 0.02095238095238095
6 0.8735714285714286 0.2261904761904762 0.014285714285714285 0.01619047619047619
6 0.8642857142857143 0.2061904761904762 0.012857142857142857 0.014285714285714285
6 0.8532142857142857 0.1895238095238095 0.009285714285714286 0.011428571428571429
6 0.8671428571428571 0.2180952380952381 0.014285714285714285 0.017142857142857144
0 0.8903571428571428 0.22904761904761906 0.010714285714285714 0.02
0 0.8789285714285714 0.20809523809523808 0.009285714285714286 0.012380952380952381
6 0.8425 0.1738095238095238 0.010714285714285714 0.010476190476190476
6 0.8307142857142857 0.16904761904761906 0.008571428571428572 0.012380952380952381
6 0.8307142857142857 0.14952380952380953 0.005714285714285714 0.005714285714285714
6 0.8035714285714286 0.13904761904761906 0.004285714285714286 0.005714285714285714
6 0.7689285714285714 0.16285714285714287 0.007857142857142858 0.009523809523809525