6 0.35964285714285715 0.9457142857142857 0.21785714285714286 0.10857142857142857
6 0.08107142857142857 0.88 0.16214285714285714 0.2019047619047619
6 0.09214285714285714 0.7304761904761905 0.18285714285714286 0.15428571428571428
6 0.10785714285714286 0.65 0.21285714285714286 0.10761904761904761
6 0.9314285714285714 0.8138095238095238 0.13714285714285715 0.2257142857142857
6 0.8821428571428571 0.7042857142857143 0.2357142857142857 0.16666666666666666
6 0.4107142857142857 0.47095238095238096 0.047142857142857146 0.054285714285714284
6 0.3914285714285714 0.4023809523809524 0.07 0.03333333333333333
6 0.35714285714285715 0.3923809523809524 0.04 0.02095238095238095
6 0.3628571428571429 0.3838095238095238 0.05 0.024761904761904763
6 0.42928571428571427 0.3914285714285714 0.03571428571428571 0.03619047619047619
6 0.4039285714285714 0.3738095238095238 0.027857142857142858 0.029523809523809525
6 0.3467857142857143 0.37476190476190474 0.047857142857142855 0.03333333333333333
6 0.33535714285714285 0.3647619047619048 0.052142857142857144 0.02857142857142857
0 0.3171428571428571 0.34809523809523807 0.041428571428571426 0.039047619047619046
6 0.35892857142857143 0.34714285714285714 0.019285714285714285 0.023809523809523808
0 0.34285714285714286 0.32904761904761903 0.03571428571428571 0.01619047619047619
10 0.5410714285714285 0.6061904761904762 0.09071428571428572 0.06761904761904762
1 0.3942857142857143 0.6466666666666666 0.02857142857142857 0.10857142857142857
1 0.29642857142857143 0.59 0.018571428571428572 0.08095238095238096
1 0.5885714285714285 0.7138095238095238 0.037142857142857144 0.1380952380952381
1 0.6492857142857142 0.5957142857142858 0.024285714285714285 0.09619047619047619
1 0.6060714285714286 0.5661904761904762 0.023571428571428573 0.08285714285714285
1 0.5492857142857143 0.5495238095238095 0.015714285714285715 0.07809523809523809
2 0.5417857142857143 0.5419047619047619 0.035 0.05333333333333334
1 0.4332142857142857 0.5552380952380952 0.017857142857142856 0.0761904761904762
1 0.39285714285714285 0.530952380952381 0.014285714285714285 0.07142857142857142
1 0.37464285714285717 0.5352380952380953 0.016428571428571428 0.07238095238095238
1 0.3357142857142857 0.5147619047619048 0.018571428571428572 0.06380952380952382
1 0.3317857142857143 0.5071428571428571 0.010714285714285714 0.06
1 0.36357142857142855 0.5195238095238095 0.018571428571428572 0.06952380952380953
1 0.3610714285714286 0.47333333333333333 0.017857142857142856 0.05714285714285714
1 0.3767857142857143 0.4776190476190476 0.016428571428571428 0.058095238095238096
1 0.49214285714285716 0.5028571428571429 0.018571428571428572 0.06476190476190476
1 0.48214285714285715 0.44904761904761903 0.012857142857142857 0.05238095238095238
1 0.4957142857142857 0.44666666666666666 0.014285714285714285 0.05523809523809524
1 0.5207142857142857 0.4504761904761905 0.01 0.04380952380952381
1 0.5353571428571429 0.4523809523809524 0.010714285714285714 0.045714285714285714
1 0.5614285714285714 0.47095238095238096 0.015714285714285715 0.05619047619047619
1 0.5967857142857143 0.49523809523809526 0.013571428571428571 0.06095238095238095
1 0.6532142857142857 0.4847619047619048 0.015 0.06476190476190476
1 0.6260714285714286 0.46904761904761905 0.013571428571428571 0.05619047619047619
1 0.6064285714285714 0.45714285714285713 0.01 0.047619047619047616
1 0.5875 0.44666666666666666 0.010714285714285714 0.049523809523809526
1 0.5621428571428572 0.44095238095238093 0.011428571428571429 0.04380952380952381
1 0.6 0.4361904761904762 0.008571428571428572 0.0419047619047619
1 0.6442857142857142 0.45095238095238094 0.011428571428571429 0.05047619047619047
1 0.6732142857142858 0.4642857142857143 0.013571428571428571 0.05238095238095238
1 0.7121428571428572 0.4766666666666667 0.014285714285714285 0.05619047619047619
1 0.7421428571428571 0.4676190476190476 0.014285714285714285 0.05904761904761905
1 0.6792857142857143 0.4452380952380952 0.012857142857142857 0.04666666666666667
1 0.7078571428571429 0.45666666666666667 0.015714285714285715 0.05238095238095238
1 0.5582142857142857 0.3961904761904762 0.010714285714285714 0.03238095238095238
5 0.9407142857142857 0.49238095238095236 0.032857142857142856 0.0380952380952381
0 0.385 0.34714285714285714 0.027142857142857142 0.018095238095238095
7 0.29464285714285715 0.5119047619047619 0.05928571428571429 0.08857142857142856
6 0.27714285714285714 0.46523809523809523 0.04 0.037142857142857144
7 0.36392857142857143 0.4276190476190476 0.04071428571428572 0.04380952380952381
7 0.3196428571428571 0.3495238095238095 0.03214285714285714 0.017142857142857144
1 0.5164285714285715 0.39 0.008571428571428572 0.02761904761904762
4 0.9375 0.5995238095238096 0.035 0.06190476190476191
4 0.44392857142857145 0.47333333333333333 0.020714285714285713 0.0419047619047619
4 0.4639285714285714 0.490952380952381 0.023571428571428573 0.039047619047619046