7 0.3703027139874739 0.5598330241187384 0.016179540709812108 0.03432282003710575
6 0.47312108559498955 0.5760667903525046 0.0255741127348643 0.03710575139146568
6 0.4548538622129436 0.5714285714285714 0.0255741127348643 0.03339517625231911
6 0.47573068893528186 0.5296846011131725 0.02348643006263048 0.03339517625231911
8 0.5185281837160751 0.4536178107606679 0.02348643006263048 0.05009276437847866
7 0.583768267223382 0.50139146567718 0.01722338204592902 0.03432282003710575
2 0.56419624217119 0.41929499072356213 0.007306889352818371 0.011131725417439703
9 0.6072546972860126 0.4809833024118738 0.01826722338204593 0.01948051948051948
7 0.6651878914405011 0.4466604823747681 0.0255741127348643 0.023191094619666047
6 0.6356993736951984 0.36131725417439703 0.021920668058455117 0.017625231910946195
8 0.9183194154488518 0.40630797773654914 0.012004175365344467 0.027829313543599257
1 0.9180584551148225 0.5500927643784786 0.006263048016701462 0.016697588126159554