6 0.5953571428571428 0.8157142857142857 0.03214285714285714 0.07333333333333333
6 0.7175 0.36333333333333334 0.020714285714285713 0.029523809523809525
6 0.7357142857142858 0.33 0.02857142857142857 0.02
6 0.7560714285714286 0.29333333333333333 0.029285714285714286 0.015238095238095238
7 0.8146428571428571 0.30238095238095236 0.020714285714285713 0.01619047619047619
8 0.7907142857142857 0.3385714285714286 0.04285714285714286 0.02761904761904762
8 0.8571428571428571 0.28095238095238095 0.045714285714285714 0.024761904761904763
8 0.8532142857142857 0.25 0.02642857142857143 0.029523809523809525
8 0.9946428571428572 0.2814285714285714 0.010714285714285714 0.02
8 0.8314285714285714 0.2480952380952381 0.025714285714285714 0.035238095238095235
8 0.7917857142857143 0.32142857142857145 0.07785714285714286 0.035238095238095235
8 0.8167857142857143 0.25047619047619046 0.023571428571428573 0.03238095238095238
8 0.47285714285714286 0.19904761904761906 0.015714285714285715 0.03238095238095238
1 0.9396428571428571 0.2833333333333333 0.0064285714285714285 0.014285714285714285
6 0.7271428571428571 0.41 0.022857142857142857 0.02761904761904762
3 0.9239285714285714 0.29285714285714287 0.03214285714285714 0.02761904761904762
5 0.4853571428571429 0.24 0.005 0.009523809523809525
5 0.4564285714285714 0.1761904761904762 0.004285714285714286 0.009523809523809525
9 0.4564285714285714 0.1895238095238095 0.005714285714285714 0.011428571428571429
6 0.4521428571428571 0.10571428571428572 0.007142857142857143 0.011428571428571429
6 0.44142857142857145 0.07380952380952381 0.005714285714285714 0.010476190476190476
6 0.4225 0.05952380952380952 0.0064285714285714285 0.008571428571428572
0 0.4278571428571429 0.04047619047619048 0.025714285714285714 0.025714285714285714