6 0.49107142857142855 0.41 0.03785714285714286 0.04476190476190476
6 0.31214285714285717 0.48142857142857143 0.06571428571428571 0.06571428571428571
6 0.42928571428571427 0.29904761904761906 0.018571428571428572 0.024761904761904763
6 0.485 0.2957142857142857 0.018571428571428572 0.021904761904761906
6 0.2978571428571429 0.3961904761904762 0.045714285714285714 0.047619047619047616
6 0.3675 0.2823809523809524 0.02214285714285714 0.021904761904761906
6 0.3989285714285714 0.26 0.017857142857142856 0.017142857142857144
6 0.44285714285714284 0.23952380952380953 0.01 0.012380952380952381
6 0.4521428571428571 0.22666666666666666 0.014285714285714285 0.009523809523809525
6 0.46964285714285714 0.22333333333333333 0.009285714285714286 0.010476190476190476
6 0.45571428571428574 0.22142857142857142 0.012857142857142857 0.014285714285714285
6 0.4714285714285714 0.20904761904761904 0.008571428571428572 0.010476190476190476
6 0.0775 0.8376190476190476 0.155 0.22952380952380952
1 0.7985714285714286 0.62 0.015714285714285715 0.06285714285714286
1 0.8110714285714286 0.6185714285714285 0.017857142857142856 0.06190476190476191
4 0.5192857142857142 0.6176190476190476 0.02 0.039047619047619046
5 0.5207142857142857 0.6366666666666667 0.024285714285714285 0.05238095238095238
5 0.8535714285714285 0.5666666666666667 0.03571428571428571 0.03428571428571429
1 0.8760714285714286 0.5647619047619048 0.019285714285714285 0.05333333333333334
6 0.46714285714285714 0.2523809523809524 0.014285714285714285 0.011428571428571429
6 0.47 0.23952380952380953 0.015714285714285715 0.01619047619047619
7 0.4903571428571429 0.23952380952380953 0.016428571428571428 0.023809523809523808
6 0.49964285714285717 0.21714285714285714 0.010714285714285714 0.011428571428571429
6 0.5046428571428572 0.20761904761904762 0.009285714285714286 0.009523809523809525