8 0.4789285714285714 0.2057142857142857 0.009285714285714286 0.024761904761904763
3 0.4775 0.27666666666666667 0.015 0.037142857142857144
0 0.5064285714285715 0.18571428571428572 0.007142857142857143 0.03428571428571429
0 0.4710714285714286 0.15476190476190477 0.009285714285714286 0.01619047619047619
0 0.5275 0.11666666666666667 0.013571428571428571 0.01619047619047619
8 0.5275 0.10142857142857142 0.0064285714285714285 0.010476190476190476
6 0.5028571428571429 0.13476190476190475 0.004285714285714286 0.004761904761904762
6 0.5096428571428572 0.12904761904761905 0.0035714285714285713 0.002857142857142857
6 0.5135714285714286 0.12476190476190477 0.002857142857142857 0.0038095238095238095
11 0.48642857142857143 0.13857142857142857 0.004285714285714286 0.006666666666666667
0 0.38285714285714284 0.14333333333333334 0.017142857142857144 0.035238095238095235
6 0.4032142857142857 0.1261904761904762 0.0064285714285714285 0.006666666666666667
4 0.5621428571428572 0.5914285714285714 0.004285714285714286 0.013333333333333334
2 0.5614285714285714 0.5942857142857143 0.004285714285714286 0.01904761904761905
6 0.03678571428571428 0.5561904761904762 0.04214285714285714 0.03619047619047619
8 0.11142857142857143 0.4742857142857143 0.05714285714285714 0.03619047619047619
7 0.3217857142857143 0.19047619047619047 0.007857142857142858 0.011428571428571429
7 0.92 0.570952380952381 0.047142857142857146 0.02761904761904762
6 0.8735714285714286 0.5719047619047619 0.04428571428571428 0.018095238095238095
6 0.8589285714285714 0.5438095238095239 0.03785714285714286 0.022857142857142857
6 0.8371428571428572 0.5214285714285715 0.03857142857142857 0.021904761904761906
6 0.8157142857142857 0.49476190476190474 0.037142857142857144 0.021904761904761906
8 0.6053571428571428 0.21857142857142858 0.019285714285714285 0.014285714285714285
7 0.5789285714285715 0.17523809523809525 0.009285714285714286 0.007619047619047619
7 0.6010714285714286 0.18047619047619048 0.005 0.006666666666666667
7 0.595 0.17285714285714285 0.005714285714285714 0.006666666666666667
6 0.5721428571428572 0.16476190476190475 0.007142857142857143 0.005714285714285714
6 0.5867857142857142 0.19238095238095237 0.009285714285714286 0.005714285714285714
6 0.585 0.1895238095238095 0.008571428571428572 0.005714285714285714
6 0.5835714285714285 0.18571428571428572 0.01 0.005714285714285714
6 0.5753571428571429 0.17095238095238094 0.007857142857142858 0.002857142857142857
6 0.5717857142857142 0.16095238095238096 0.007857142857142858 0.0038095238095238095
6 0.5817857142857142 0.18 0.009285714285714286 0.005714285714285714
6 0.6242857142857143 0.22380952380952382 0.012857142857142857 0.009523809523809525
0 0.5135714285714286 0.07666666666666666 0.03 0.014285714285714285
0 0.5692857142857143 0.0761904761904762 0.01 0.015238095238095238
8 0.36 0.18 0.015714285714285715 0.011428571428571429