7 0.17535714285714285 0.9010152284263959 0.04357142857142857 0.09644670050761421
7 0.38535714285714284 0.7887055837563451 0.029285714285714286 0.0799492385786802
6 0.27285714285714285 0.7347715736040609 0.03142857142857143 0.09137055837563451
6 0.5025 0.7848984771573604 0.02642857142857143 0.10279187817258884
6 0.016428571428571428 0.4796954314720812 0.032857142857142856 0.04568527918781726
6 0.1417857142857143 0.5780456852791879 0.07071428571428572 0.05203045685279188
7 0.2875 0.4879441624365482 0.062142857142857146 0.046954314720812185
6 0.4685714285714286 0.6065989847715736 0.06428571428571428 0.05583756345177665
6 0.5921428571428572 0.5571065989847716 0.06714285714285714 0.050761421319796954
6 0.6371428571428571 0.5031725888324873 0.06571428571428571 0.05203045685279188
11 0.8171428571428572 0.7950507614213198 0.05285714285714286 0.15862944162436549
11 0.7475 0.4447969543147208 0.052142857142857144 0.1434010152284264
6 0.7260714285714286 0.3565989847715736 0.02214285714285714 0.0532994923857868
1 0.8921428571428571 0.26586294416243655 0.005714285714285714 0.021573604060913704
1 0.8975 0.26015228426395937 0.0064285714285714285 0.015228426395939087
11 0.8039285714285714 0.10532994923857868 0.030714285714285715 0.1065989847715736
0 0.7532142857142857 0.024746192893401017 0.005 0.0266497461928934
0 0.7614285714285715 0.06218274111675127 0.005714285714285714 0.02284263959390863
1 0.7503571428571428 0.08185279187817258 0.0035714285714285713 0.01649746192893401
1 0.7528571428571429 0.0799492385786802 0.004285714285714286 0.017766497461928935
1 0.7664285714285715 0.12880710659898478 0.004285714285714286 0.021573604060913704
0 0.7639285714285714 0.09708121827411167 0.012142857142857143 0.03680203045685279
6 0.6296428571428572 0.03489847715736041 0.015 0.0266497461928934
6 0.6139285714285714 0.011421319796954314 0.015 0.02284263959390863
2 0.5714285714285714 0.014593908629441625 0.005714285714285714 0.01649746192893401
4 0.5710714285714286 0.012055837563451776 0.0064285714285714285 0.01649746192893401
7 0.5539285714285714 0.07931472081218274 0.016428571428571428 0.0266497461928934
7 0.6175 0.13642131979695432 0.015 0.04187817258883249
11 0.3439285714285714 0.07423857868020305 0.056428571428571425 0.09263959390862944
1 0.3867857142857143 0.023477157360406092 0.0035714285714285713 0.01649746192893401
1 0.39464285714285713 0.015228426395939087 0.0035714285714285713 0.015228426395939087
1 0.3975 0.014593908629441625 0.0035714285714285713 0.01649746192893401
1 0.4007142857142857 0.0133248730964467 0.002857142857142857 0.01903553299492386
1 0.4042857142857143 0.008883248730964468 0.004285714285714286 0.017766497461928935
1 0.3742857142857143 0.03553299492385787 0.002857142857142857 0.017766497461928935
1 0.38285714285714284 0.02030456852791878 0.004285714285714286 0.017766497461928935
1 0.36857142857142855 0.030456852791878174 0.004285714285714286 0.017766497461928935
1 0.2832142857142857 0.12119289340101523 0.0064285714285714285 0.01903553299492386
8 0.40214285714285714 0.15228426395939088 0.03857142857142857 0.05583756345177665
11 0.18714285714285714 0.08756345177664974 0.08142857142857143 0.09390862944162437
1 0.16464285714285715 0.2626903553299492 0.0064285714285714285 0.02284263959390863
7 0.5185714285714286 0.45621827411167515 0.02 0.06979695431472081