6 0.41892857142857143 0.8261904761904761 0.020714285714285713 0.025714285714285714
6 0.5571428571428572 0.8380952380952381 0.024285714285714285 0.024761904761904763
6 0.3707142857142857 0.7447619047619047 0.017142857142857144 0.01904761904761905
7 0.4467857142857143 0.5914285714285714 0.009285714285714286 0.02095238095238095
6 0.8142857142857143 0.621904761904762 0.012857142857142857 0.015238095238095238
7 0.8275 0.6066666666666667 0.015 0.01904761904761905
8 0.7828571428571428 0.659047619047619 0.02 0.02095238095238095
6 0.6464285714285715 0.7576190476190476 0.02 0.021904761904761906
8 0.05071428571428571 0.3680952380952381 0.015714285714285715 0.02
6 0.08428571428571428 0.39714285714285713 0.01 0.011428571428571429
6 0.10535714285714286 0.4176190476190476 0.012142857142857143 0.012380952380952381
6 0.04285714285714286 0.3261904761904762 0.008571428571428572 0.010476190476190476
6 0.12678571428571428 0.2838095238095238 0.0064285714285714285 0.009523809523809525
6 0.02035714285714286 0.27 0.007857142857142858 0.008571428571428572
7 0.029642857142857144 0.2938095238095238 0.0064285714285714285 0.010476190476190476
0 0.095 0.26666666666666666 0.01 0.017142857142857144
0 0.08785714285714286 0.28809523809523807 0.012857142857142857 0.012380952380952381
0 0.09857142857142857 0.31285714285714283 0.01 0.008571428571428572
0 0.12714285714285714 0.36904761904761907 0.008571428571428572 0.023809523809523808
8 0.1367857142857143 0.27666666666666667 0.010714285714285714 0.014285714285714285
7 0.1225 0.2761904761904762 0.0064285714285714285 0.009523809523809525
3 0.2907142857142857 0.9695238095238096 0.024285714285714285 0.06095238095238095
2 0.485 0.9709523809523809 0.008571428571428572 0.010476190476190476
2 0.4903571428571429 0.9685714285714285 0.0064285714285714285 0.009523809523809525
0 0.5389285714285714 0.9952380952380953 0.013571428571428571 0.009523809523809525
0 0.5285714285714286 0.9142857142857143 0.01 0.011428571428571429
0 0.4789285714285714 0.8652380952380953 0.012142857142857143 0.010476190476190476
0 0.4982142857142857 0.8680952380952381 0.010714285714285714 0.01619047619047619
6 0.5928571428571429 0.8223809523809524 0.018571428571428572 0.02761904761904762
8 0.5096428571428572 0.31857142857142856 0.015 0.012380952380952381
6 0.49392857142857144 0.2652380952380952 0.010714285714285714 0.006666666666666667
8 0.42964285714285716 0.3076190476190476 0.010714285714285714 0.017142857142857144
7 0.013214285714285715 0.24428571428571427 0.007857142857142858 0.008571428571428572
7 0.008928571428571428 0.16476190476190475 0.005 0.007619047619047619
11 0.022857142857142857 0.22428571428571428 0.01 0.02
0 0.05142857142857143 0.1957142857142857 0.05285714285714286 0.02
0 0.6260714285714286 0.4438095238095238 0.010714285714285714 0.011428571428571429
0 0.5728571428571428 0.42523809523809525 0.02 0.012380952380952381
6 0.675 0.4380952380952381 0.014285714285714285 0.007619047619047619
8 0.9235714285714286 0.5361904761904762 0.014285714285714285 0.017142857142857144