0 0.5021428571428571 0.1742857142857143 0.014285714285714285 0.024761904761904763
0 0.5017857142857143 0.2280952380952381 0.0035714285714285713 0.006666666666666667
0 0.4875 0.19523809523809524 0.007857142857142858 0.015238095238095238
0 0.4657142857142857 0.18476190476190477 0.005714285714285714 0.013333333333333334
0 0.4825 0.12047619047619047 0.016428571428571428 0.012380952380952381
0 0.5135714285714286 0.06476190476190476 0.024285714285714285 0.02666666666666667
0 0.48928571428571427 0.08 0.011428571428571429 0.015238095238095238
7 0.5957142857142858 0.55 0.047142857142857146 0.037142857142857144
7 0.5414285714285715 0.5676190476190476 0.04428571428571428 0.03428571428571429
7 0.6810714285714285 0.4895238095238095 0.03214285714285714 0.022857142857142857
7 0.5107142857142857 0.729047619047619 0.02 0.05047619047619047
7 0.7657142857142857 0.8080952380952381 0.04285714285714286 0.07142857142857142
6 0.8403571428571428 0.7719047619047619 0.06357142857142857 0.04285714285714286
1 0.32 0.42095238095238097 0.004285714285714286 0.022857142857142857
8 0.43714285714285717 0.5638095238095238 0.047142857142857146 0.11047619047619048
3 0.3075 0.46285714285714286 0.016428571428571428 0.03619047619047619
3 0.40964285714285714 0.2980952380952381 0.030714285714285715 0.022857142857142857
1 0.43 0.30523809523809525 0.004285714285714286 0.012380952380952381
7 0.5164285714285715 0.5123809523809524 0.014285714285714285 0.022857142857142857
7 0.52 0.4880952380952381 0.012857142857142857 0.025714285714285714
6 0.5196428571428572 0.2733333333333333 0.009285714285714286 0.011428571428571429
6 0.5221428571428571 0.3061904761904762 0.01 0.012380952380952381
6 0.6864285714285714 0.51 0.03571428571428571 0.023809523809523808
1 0.6953571428571429 0.4642857142857143 0.010714285714285714 0.01619047619047619
2 0.7203571428571428 0.5023809523809524 0.016428571428571428 0.018095238095238095
1 0.5660714285714286 0.4195238095238095 0.0035714285714285713 0.014285714285714285
1 0.5535714285714286 0.41 0.002857142857142857 0.014285714285714285
9 0.49214285714285716 0.3976190476190476 0.01 0.018095238095238095
6 0.5357142857142857 0.7995238095238095 0.025714285714285714 0.06761904761904762
6 0.5371428571428571 0.7271428571428571 0.022857142857142857 0.06190476190476191
6 0.5114285714285715 0.6371428571428571 0.032857142857142856 0.045714285714285714
2 0.6385714285714286 0.6747619047619048 0.007142857142857143 0.018095238095238095
2 0.8067857142857143 0.7104761904761905 0.012142857142857143 0.02857142857142857
2 0.7603571428571428 0.7071428571428572 0.010714285714285714 0.02761904761904762
4 0.6385714285714286 0.6680952380952381 0.004285714285714286 0.018095238095238095
0 0.7117857142857142 0.4780952380952381 0.012142857142857143 0.02666666666666667
0 0.7267857142857143 0.5223809523809524 0.017857142857142856 0.01619047619047619
0 0.5085714285714286 0.12714285714285714 0.011428571428571429 0.039047619047619046
0 0.5039285714285714 0.09095238095238095 0.020714285714285713 0.02
8 0.1382142857142857 0.2861904761904762 0.023571428571428573 0.01619047619047619
0 0.3342857142857143 0.2719047619047619 0.008571428571428572 0.008571428571428572
1 0.12714285714285714 0.7042857142857143 0.011428571428571429 0.02
2 0.25821428571428573 0.5871428571428572 0.016428571428571428 0.02
8 0.45321428571428574 0.11476190476190476 0.007857142857142858 0.014285714285714285
8 0.4421428571428571 0.1280952380952381 0.007142857142857143 0.010476190476190476
6 0.3821428571428571 0.19428571428571428 0.007142857142857143 0.009523809523809525