4 0.34825 0.7246666666666667 0.0125 0.018666666666666668
6 0.34975 0.7263333333333334 0.0665 0.05533333333333333
6 0.48575 0.7046666666666667 0.0605 0.05466666666666667
6 0.48875 0.6646666666666666 0.0575 0.050666666666666665
4 0.48625 0.7043333333333334 0.0125 0.019333333333333334
4 0.488 0.6673333333333333 0.012 0.018666666666666668
1 0.42275 0.591 0.0065 0.023333333333333334
4 0.49925 0.6046666666666667 0.0085 0.02
9 0.50175 0.6106666666666667 0.0275 0.02266666666666667
6 0.69725 0.5923333333333334 0.0445 0.034
4 0.6975 0.523 0.007 0.018
2 0.69775 0.5256666666666666 0.0105 0.014
6 0.7485 0.532 0.034 0.02666666666666667
6 0.78375 0.483 0.0275 0.022
6 0.85425 0.486 0.0275 0.021333333333333333
1 0.802 0.4646666666666667 0.004 0.016
4 0.80875 0.4666666666666667 0.0045 0.008
1 0.806 0.4643333333333333 0.004 0.012666666666666666
2 0.80425 0.457 0.0095 0.01
7 0.923 0.4543333333333333 0.022 0.022
6 0.9875 0.4083333333333333 0.025 0.012666666666666666
4 0.937 0.378 0.004 0.006666666666666667
4 0.93825 0.379 0.0045 0.007333333333333333
2 0.936 0.38033333333333336 0.007 0.008666666666666666
8 0.983 0.38533333333333336 0.027 0.014666666666666666
6 0.799 0.38866666666666666 0.011 0.012
7 0.018 0.456 0.019 0.032
0 0.05275 0.4096666666666667 0.0235 0.015333333333333332
6 0.0575 0.384 0.025 0.010666666666666666
6 0.0525 0.33766666666666667 0.012 0.006
7 0.042 0.3323333333333333 0.005 0.007333333333333333
1 0.0355 0.331 0.002 0.006
6 0.007 0.364 0.014 0.009333333333333334
6 0.00825 0.36033333333333334 0.0165 0.008666666666666666
8 0.01225 0.34833333333333333 0.0185 0.011333333333333334
6 0.016 0.3466666666666667 0.019 0.008
1 0.0275 0.3406666666666667 0.002 0.005333333333333333
1 0.02525 0.3406666666666667 0.0025 0.008
0 0.02575 0.326 0.0135 0.010666666666666666
6 0.0195 0.336 0.016 0.006666666666666667
0 0.03075 0.33466666666666667 0.0025 0.005333333333333333