5 0.5815 0.409 0.007 0.028666666666666667
5 0.59225 0.4106666666666667 0.0095 0.030666666666666665
3 0.48825 0.4703333333333333 0.0115 0.028666666666666667
3 0.52225 0.466 0.0155 0.018666666666666668
5 0.65375 0.491 0.0295 0.027333333333333334
3 0.50275 0.5773333333333334 0.0175 0.02666666666666667
1 0.46975 0.499 0.0105 0.03
5 0.46075 0.498 0.0145 0.017333333333333333
4 0.4605 0.49266666666666664 0.008 0.017333333333333333
1 0.404 0.49366666666666664 0.01 0.026
1 0.39825 0.5006666666666667 0.0065 0.016
1 0.44425 0.556 0.0105 0.030666666666666665
1 0.41375 0.531 0.0115 0.03133333333333333
1 0.4275 0.5823333333333334 0.011 0.038
3 0.41725 0.5543333333333333 0.0135 0.014
6 0.51 0.645 0.012 0.022
1 0.46425 0.5623333333333334 0.0145 0.018
3 0.48025 0.625 0.0075 0.020666666666666667
1 0.48975 0.6156666666666667 0.0075 0.03133333333333333
3 0.513 0.615 0.013 0.019333333333333334
1 0.50175 0.6053333333333333 0.0095 0.028
1 0.499 0.6263333333333333 0.009 0.027333333333333334
1 0.4395 0.5813333333333334 0.005 0.016
1 0.44525 0.603 0.0065 0.018
1 0.44975 0.593 0.0105 0.024666666666666667
3 0.4615 0.5996666666666667 0.015 0.023333333333333334
1 0.46975 0.577 0.0175 0.022
5 0.7375 0.5256666666666666 0.03 0.026
4 0.38025 0.5076666666666667 0.0055 0.01
3 0.3805 0.5123333333333333 0.011 0.016666666666666666
1 0.391 0.507 0.01 0.023333333333333334
1 0.39375 0.5286666666666666 0.0115 0.03333333333333333
3 0.36725 0.5506666666666666 0.0125 0.029333333333333333
1 0.38425 0.5463333333333333 0.0095 0.019333333333333334
1 0.3925 0.553 0.008 0.012666666666666666
1 0.19 0.1 0.011 0.029333333333333333