1 0.4307142857142857 0.9766666666666667 0.008571428571428572 0.02761904761904762
1 0.43857142857142856 0.9714285714285714 0.007142857142857143 0.02666666666666667
6 0.6325 0.9261904761904762 0.03357142857142857 0.03333333333333333
6 0.675 0.9061904761904762 0.03428571428571429 0.02761904761904762
6 0.6896428571428571 0.8952380952380953 0.03214285714285714 0.03238095238095238
1 0.6564285714285715 0.98 0.008571428571428572 0.02666666666666667
1 0.6571428571428571 0.8585714285714285 0.007142857142857143 0.018095238095238095
6 0.7160714285714286 0.7295238095238096 0.020714285714285713 0.017142857142857144
6 0.7778571428571428 0.6785714285714286 0.015714285714285715 0.012380952380952381
6 0.5103571428571428 0.7414285714285714 0.020714285714285713 0.018095238095238095
11 0.4157142857142857 0.8680952380952381 0.07714285714285714 0.058095238095238096
0 0.39464285714285713 0.5680952380952381 0.09214285714285714 0.03142857142857143
0 0.046785714285714285 0.5771428571428572 0.09357142857142857 0.0380952380952381
6 0.023214285714285715 0.6009523809523809 0.013571428571428571 0.007619047619047619