6 0.08035714285714286 0.22238095238095237 0.11642857142857142 0.07333333333333333
2 0.027142857142857142 0.32571428571428573 0.04285714285714286 0.0419047619047619
2 0.013571428571428571 0.3576190476190476 0.027142857142857142 0.02761904761904762
5 0.2789285714285714 0.21904761904761905 0.016428571428571428 0.05142857142857143
7 0.23892857142857143 0.2042857142857143 0.062142857142857146 0.12476190476190477
1 0.12107142857142857 0.6290476190476191 0.03214285714285714 0.035238095238095235
1 0.11321428571428571 0.6576190476190477 0.030714285714285715 0.039047619047619046
4 0.10071428571428571 0.6476190476190476 0.018571428571428572 0.024761904761904763
7 0.8128571428571428 0.8404761904761905 0.08428571428571428 0.19333333333333333
6 0.5660714285714286 0.9428571428571428 0.16642857142857143 0.11428571428571428
4 0.2425 0.7323809523809524 0.030714285714285715 0.047619047619047616
2 0.24107142857142858 0.7371428571428571 0.052142857142857144 0.05523809523809524
1 0.20214285714285715 0.7285714285714285 0.02857142857142857 0.03619047619047619
5 0.21571428571428572 0.7409523809523809 0.027142857142857142 0.07047619047619047
6 0.43857142857142856 0.5814285714285714 0.07 0.17238095238095238
2 0.9075 0.5014285714285714 0.047857142857142855 0.06190476190476191
1 0.9785714285714285 0.45 0.03571428571428571 0.04666666666666667
6 0.7764285714285715 0.38476190476190475 0.06714285714285714 0.14857142857142858
5 0.67 0.3323809523809524 0.02142857142857143 0.047619047619047616
1 0.34285714285714286 0.3995238095238095 0.018571428571428572 0.04857142857142857
6 0.3271428571428571 0.2995238095238095 0.09285714285714286 0.11142857142857143
7 0.2032142857142857 0.3461904761904762 0.06928571428571428 0.13047619047619047
6 0.3407142857142857 0.22 0.09714285714285714 0.11619047619047619
6 0.36428571428571427 0.1442857142857143 0.10571428571428572 0.09047619047619047
4 0.4107142857142857 0.2280952380952381 0.018571428571428572 0.05047619047619047
2 0.4089285714285714 0.24 0.019285714285714285 0.05142857142857143
6 0.4857142857142857 0.23333333333333334 0.055714285714285716 0.11428571428571428
1 0.7053571428571429 0.2604761904761905 0.02214285714285714 0.05619047619047619
1 0.8382142857142857 0.10238095238095238 0.019285714285714285 0.05238095238095238
1 0.8514285714285714 0.05857142857142857 0.02142857142857143 0.05238095238095238
6 0.5971428571428572 0.039523809523809524 0.09 0.07333333333333333
9 0.46285714285714286 0.030476190476190476 0.032857142857142856 0.06095238095238095
6 0.3842857142857143 0.03142857142857143 0.08714285714285715 0.06095238095238095
3 0.13357142857142856 0.022857142857142857 0.037142857142857144 0.03428571428571429