11 0.6653571428571429 0.8223809523809524 0.13357142857142856 0.35523809523809524
6 0.6560714285714285 0.5657142857142857 0.065 0.07238095238095238
6 0.015714285714285715 0.74 0.03142857142857143 0.06095238095238095
6 0.09071428571428572 0.6757142857142857 0.11857142857142858 0.06952380952380953
6 0.23607142857142857 0.6438095238095238 0.09642857142857143 0.06476190476190476
7 0.3607142857142857 0.6047619047619047 0.08142857142857143 0.06666666666666667
6 0.45 0.5819047619047619 0.06714285714285714 0.05142857142857143
6 0.5357142857142857 0.560952380952381 0.06285714285714286 0.047619047619047616
6 0.7267857142857143 0.5157142857142857 0.03785714285714286 0.05619047619047619
6 0.01 0.43523809523809526 0.018571428571428572 0.024761904761904763
7 0.09071428571428572 0.4119047619047619 0.054285714285714284 0.025714285714285714
7 0.12321428571428572 0.39714285714285713 0.03357142857142857 0.02095238095238095
6 0.15785714285714286 0.39095238095238094 0.03428571428571429 0.021904761904761906
6 0.21142857142857144 0.3647619047619048 0.04 0.024761904761904763
6 0.24285714285714285 0.35619047619047617 0.032857142857142856 0.02095238095238095
6 0.20892857142857144 0.2633333333333333 0.009285714285714286 0.012380952380952381
6 0.27535714285714286 0.3138095238095238 0.030714285714285715 0.012380952380952381
6 0.29892857142857143 0.3057142857142857 0.030714285714285715 0.015238095238095238
6 0.2825 0.2914285714285714 0.023571428571428573 0.013333333333333334
0 0.25607142857142856 0.2966666666666667 0.02642857142857143 0.018095238095238095
7 0.2475 0.27904761904761904 0.023571428571428573 0.015238095238095238
6 0.2307142857142857 0.27 0.015714285714285715 0.010476190476190476
0 0.235 0.2776190476190476 0.008571428571428572 0.010476190476190476
6 0.2710714285714286 0.2785714285714286 0.02214285714285714 0.012380952380952381
6 0.25 0.26285714285714284 0.017142857142857144 0.011428571428571429
0 0.2646428571428571 0.2695238095238095 0.017857142857142856 0.009523809523809525
0 0.2425 0.23666666666666666 0.017857142857142856 0.008571428571428572
6 0.25107142857142856 0.24857142857142858 0.016428571428571428 0.009523809523809525
0 0.22678571428571428 0.2480952380952381 0.017857142857142856 0.014285714285714285
1 0.34785714285714286 0.33476190476190476 0.005714285714285714 0.018095238095238095
1 0.355 0.33714285714285713 0.005714285714285714 0.015238095238095238
1 0.3792857142857143 0.33380952380952383 0.004285714285714286 0.01619047619047619
11 0.38321428571428573 0.3157142857142857 0.047857142857142855 0.025714285714285714
6 0.3510714285714286 0.2938095238095238 0.020714285714285713 0.012380952380952381
6 0.3442857142857143 0.2895238095238095 0.024285714285714285 0.013333333333333334
6 0.33535714285714285 0.2833333333333333 0.02214285714285714 0.012380952380952381
0 0.32071428571428573 0.2733333333333333 0.018571428571428572 0.011428571428571429
2 0.615 0.44476190476190475 0.014285714285714285 0.02666666666666667
6 0.6510714285714285 0.4338095238095238 0.04357142857142857 0.035238095238095235
6 0.48178571428571426 0.3352380952380952 0.020714285714285713 0.022857142857142857
6 0.5525 0.3742857142857143 0.029285714285714286 0.02666666666666667
6 0.6757142857142857 0.4095238095238095 0.04857142857142857 0.0380952380952381
0 0.6082142857142857 0.39714285714285713 0.02642857142857143 0.02857142857142857
0 0.7042857142857143 0.379047619047619 0.05142857142857143 0.04380952380952381
6 0.5125 0.35285714285714287 0.015 0.01619047619047619
0 0.3514285714285714 0.25285714285714284 0.014285714285714285 0.014285714285714285
0 0.3678571428571429 0.27 0.011428571428571429 0.02
0 0.39071428571428574 0.27904761904761904 0.02142857142857143 0.022857142857142857
1 0.9442857142857143 0.6814285714285714 0.018571428571428572 0.05047619047619047
1 0.9539285714285715 0.6814285714285714 0.012142857142857143 0.04666666666666667
4 0.6164285714285714 0.4442857142857143 0.012857142857142857 0.021904761904761906
6 0.7635714285714286 0.42857142857142855 0.054285714285714284 0.0380952380952381
6 0.8985714285714286 0.5042857142857143 0.11285714285714285 0.07333333333333333
1 0.9739285714285715 0.430952380952381 0.007857142857142858 0.01619047619047619
0 0.8114285714285714 0.4266666666666667 0.03428571428571429 0.03428571428571429