6 0.7309498956158664 0.7537105751391465 0.03496868475991649 0.06586270871985157
6 0.7873173277661796 0.7949907235621522 0.054801670146137786 0.09276437847866419
6 0.81080375782881 0.8951762523191095 0.04540709812108559 0.09647495361781076
7 0.7635699373695198 0.713821892393321 0.03549060542797495 0.07142857142857142
6 0.5649791231732777 0.15955473098330242 0.006784968684759917 0.016697588126159554
7 0.5487995824634656 0.13636363636363635 0.007828810020876827 0.01855287569573284
6 0.5480167014613778 0.10667903525046382 0.007306889352818371 0.012987012987012988
6 0.5566283924843424 0.07467532467532467 0.007828810020876827 0.012059369202226345
6 0.543580375782881 0.011595547309833023 0.004697286012526096 0.01020408163265306
4 0.41153444676409184 0.42439703153988867 0.004697286012526096 0.01948051948051948
4 0.4279749478079332 0.3344155844155844 0.003131524008350731 0.01020408163265306
4 0.5861169102296451 0.41883116883116883 0.005219206680584551 0.017625231910946195
4 0.6064718162839249 0.42857142857142855 0.005219206680584551 0.02040816326530612
4 0.5297494780793319 0.3719851576994434 0.0041753653444676405 0.016697588126159554
4 0.6362212943632568 0.32421150278293137 0.0041753653444676405 0.015769944341372914
4 0.3444676409185804 0.6753246753246753 0.007306889352818371 0.022263450834879406
4 0.36873695198329853 0.6702226345083488 0.007828810020876827 0.01948051948051948
4 0.35020876826722336 0.775974025974026 0.008350730688935281 0.0287569573283859
4 0.3332463465553236 0.7815398886827458 0.007828810020876827 0.0287569573283859
4 0.319937369519833 0.7787569573283859 0.008350730688935281 0.0287569573283859
4 0.2883611691022965 0.9165120593692022 0.010960334029227558 0.03153988868274583
4 0.29305845511482254 0.910482374768089 0.005741127348643006 0.0287569573283859
4 0.395615866388309 0.48330241187384043 0.005219206680584551 0.014842300556586271
4 0.5921189979123174 0.20500927643784786 0.0026096033402922755 0.012987012987012988
4 0.6200417536534447 0.2602040816326531 0.003131524008350731 0.012059369202226345
4 0.46111691022964507 0.16233766233766234 0.0026096033402922755 0.0074211502782931356
4 0.4548538622129436 0.18228200371057515 0.0026096033402922755 0.008348794063079777
4 0.49086638830897705 0.09415584415584416 0.0015657620041753654 0.006493506493506494
4 0.4911273486430063 0.10575139146567718 0.0020876826722338203 0.0055658627087198514
4 0.48616910229645094 0.10435992578849722 0.0015657620041753654 0.006493506493506494
0 0.5785490605427975 0.11734693877551021 0.007828810020876827 0.015769944341372914
0 0.5863778705636743 0.13636363636363635 0.004697286012526096 0.011131725417439703
0 0.5020876826722338 0.007884972170686457 0.0041753653444676405 0.013914656771799629
1 0.5647181628392485 0.017161410018552876 0.0020876826722338203 0.01020408163265306
0 0.5688935281837161 0.055658627087198514 0.0041753653444676405 0.011131725417439703
2 0.46007306889352817 0.1683673469387755 0.0036534446764091857 0.008348794063079777
2 0.4551148225469729 0.18923933209647495 0.003131524008350731 0.011131725417439703
2 0.5913361169102297 0.21196660482374768 0.003131524008350731 0.01020408163265306
2 0.6195198329853863 0.2662337662337662 0.003131524008350731 0.012987012987012988
2 0.619258872651357 0.23515769944341372 0.0036534446764091857 0.012059369202226345
2 0.636482254697286 0.33070500927643787 0.005741127348643006 0.012059369202226345
4 0.6200417536534447 0.22912801484230055 0.003131524008350731 0.00927643784786642
2 0.5297494780793319 0.3780148423005566 0.012526096033402923 0.017625231910946195
2 0.5866388308977035 0.42810760667903525 0.012526096033402923 0.012059369202226345
2 0.6072546972860126 0.43692022263450836 0.007828810020876827 0.012987012987012988
2 0.69258872651357 0.672077922077922 0.006263048016701462 0.02504638218923933
4 0.694937369519833 0.6614100185528757 0.006784968684759917 0.016697588126159554
4 0.4204070981210856 0.42578849721706863 0.004697286012526096 0.014842300556586271
2 0.4279749478079332 0.3423005565862709 0.0041753653444676405 0.012987012987012988
2 0.41153444676409184 0.4336734693877551 0.004697286012526096 0.013914656771799629
2 0.4201461377870564 0.43413729128014844 0.005219206680584551 0.012987012987012988
9 0.3966597077244259 0.48794063079777367 0.010438413361169102 0.025974025974025976
2 0.34264091858037576 0.6873840445269017 0.006784968684759917 0.02411873840445269
2 0.36795407098121086 0.6813543599257885 0.008350730688935281 0.017625231910946195
2 0.31837160751565763 0.7917439703153989 0.007306889352818371 0.026901669758812616
2 0.3311586638830898 0.7935992578849722 0.006784968684759917 0.0287569573283859
2 0.3494258872651357 0.7917439703153989 0.007828810020876827 0.026901669758812616
2 0.28679540709812107 0.9346011131725418 0.009916492693110648 0.032467532467532464
2 0.8528183716075156 0.9225417439703154 0.024008350730688934 0.02504638218923933
2 0.8632567849686847 0.9522263450834879 0.028183716075156576 0.021335807050092765
1 0.8567327766179541 0.8140074211502782 0.010960334029227558 0.03432282003710575
2 0.7797494780793319 0.5830241187384044 0.009394572025052192 0.030612244897959183
0 0.7633089770354906 0.5384972170686456 0.016179540709812108 0.0287569573283859
6 0.8097599164926931 0.3334879406307978 0.02870563674321503 0.02504638218923933
6 0.822286012526096 0.3645640074211503 0.029749478079331943 0.02040816326530612
2 0.7865344467640919 0.5839517625231911 0.007306889352818371 0.023191094619666047
5 0.8100208768267223 0.7295918367346939 0.016701461377870562 0.01948051948051948