7 0.0495 0.771 0.091 0.066
6 0.0255 0.8576666666666667 0.051 0.06066666666666667
1 0.15975 0.8403333333333334 0.0135 0.042
6 0.0595 0.652 0.038 0.052
6 0.10675 0.64 0.0355 0.056
6 0.134 0.677 0.08 0.05533333333333333
6 0.11025 0.7113333333333334 0.0895 0.06133333333333333
6 0.16025 0.7216666666666667 0.0905 0.059333333333333335
6 0.212 0.6673333333333333 0.079 0.05333333333333334
6 0.28775 0.7323333333333333 0.0845 0.059333333333333335
7 0.3315 0.647 0.067 0.05
6 0.3745 0.6046666666666667 0.057 0.04133333333333333
4 0.404 0.6366666666666667 0.009 0.025333333333333333
9 0.3995 0.6483333333333333 0.031 0.028666666666666667
7 0.40575 0.549 0.0545 0.04733333333333333
6 0.4415 0.5756666666666667 0.056 0.03933333333333333
6 0.47625 0.586 0.0565 0.037333333333333336
1 0.45175 0.549 0.0075 0.023333333333333334
7 0.465 0.5293333333333333 0.049 0.03866666666666667
6 0.52175 0.511 0.0465 0.03
7 0.56475 0.548 0.0435 0.03333333333333333
6 0.56475 0.49533333333333335 0.0395 0.028
7 0.6055 0.4786666666666667 0.035 0.028
6 0.59875 0.44666666666666666 0.0215 0.02266666666666667
6 0.6505 0.51 0.042 0.029333333333333333
6 0.643 0.4696666666666667 0.038 0.027333333333333334
6 0.65275 0.48433333333333334 0.0345 0.024666666666666667
6 0.671 0.45466666666666666 0.032 0.024
6 0.70575 0.526 0.0445 0.034666666666666665
7 0.7015 0.44066666666666665 0.029 0.02266666666666667
7 0.74525 0.4703333333333333 0.0305 0.023333333333333334
6 0.76675 0.452 0.0305 0.024
7 0.763 0.419 0.028 0.019333333333333334
6 0.7865 0.5226666666666666 0.055 0.029333333333333333
6 0.79625 0.5103333333333333 0.0515 0.03
7 0.808 0.49733333333333335 0.049 0.036
6 0.83475 0.49433333333333335 0.0475 0.03
6 0.8775 0.467 0.047 0.027333333333333334
6 0.902 0.45566666666666666 0.044 0.024666666666666667
6 0.82175 0.43266666666666664 0.0315 0.02
6 0.82075 0.4036666666666667 0.0275 0.018
7 0.84275 0.417 0.0255 0.020666666666666667
6 0.85925 0.4236666666666667 0.0305 0.020666666666666667
7 0.8805 0.41433333333333333 0.023 0.020666666666666667
7 0.862 0.38866666666666666 0.027 0.02
7 0.885 0.38066666666666665 0.022 0.02
6 0.903 0.37566666666666665 0.021 0.015333333333333332
7 0.92225 0.368 0.0225 0.018666666666666668
7 0.89975 0.341 0.0185 0.015333333333333332
7 0.92825 0.32066666666666666 0.0185 0.010666666666666666
7 0.944 0.349 0.018 0.016666666666666666
6 0.94025 0.35833333333333334 0.0175 0.014
8 0.78325 0.39566666666666667 0.0425 0.034
6 0.81225 0.393 0.0305 0.018
7 0.44275 0.6953333333333334 0.0535 0.06
6 0.509 0.6573333333333333 0.057 0.05333333333333334
7 0.57125 0.6253333333333333 0.0565 0.058666666666666666
6 0.59425 0.5843333333333334 0.0535 0.03666666666666667
6 0.236 0.36233333333333334 0.026 0.012666666666666666
7 0.26325 0.369 0.0235 0.016666666666666666
7 0.3215 0.34933333333333333 0.023 0.013333333333333334
7 0.3185 0.3626666666666667 0.022 0.012
6 0.35125 0.347 0.0195 0.01
6 0.68375 0.30866666666666664 0.0115 0.010666666666666666
0 0.64575 0.30333333333333334 0.0355 0.032
0 0.68225 0.29333333333333333 0.0415 0.016