6 0.39285714285714285 0.625 0.02142857142857143 0.06218274111675127
6 0.44642857142857145 0.6224619289340102 0.02857142857142857 0.06218274111675127
6 0.4275 0.46573604060913704 0.020714285714285713 0.050761421319796954
6 0.5032142857142857 0.434010152284264 0.016428571428571428 0.050761421319796954
6 0.43642857142857144 0.3343908629441624 0.015714285714285715 0.03426395939086294
6 0.4432142857142857 0.13895939086294415 0.012142857142857143 0.031725888324873094
6 0.4446428571428571 0.08375634517766498 0.010714285714285714 0.027918781725888325
6 0.4610714285714286 0.025380710659898477 0.010714285714285714 0.025380710659898477
6 0.42892857142857144 0.0133248730964467 0.009285714285714286 0.024111675126903553
7 0.4228571428571429 0.7956852791878173 0.024285714285714285 0.08883248730964467
7 0.42142857142857143 0.16243654822335024 0.012857142857142857 0.04060913705583756
7 0.44642857142857145 0.02728426395939086 0.008571428571428572 0.0266497461928934
7 0.4878571428571429 0.023477157360406092 0.011428571428571429 0.03426395939086294
11 0.5067857142857143 0.12436548223350254 0.013571428571428571 0.05583756345177665
11 0.4607142857142857 0.21446700507614214 0.015714285714285715 0.06598984771573604
11 0.37607142857142856 0.8407360406091371 0.030714285714285715 0.1281725888324873
1 0.5546428571428571 0.4486040609137056 0.005 0.021573604060913704
1 0.5814285714285714 0.6161167512690355 0.005714285714285714 0.01903553299492386
1 0.5875 0.6243654822335025 0.0064285714285714285 0.02030456852791878
1 0.34285714285714286 0.4352791878172589 0.005714285714285714 0.02030456852791878
1 0.35464285714285715 0.47906091370558374 0.0064285714285714285 0.01903553299492386
1 0.45071428571428573 0.7684010152284264 0.005714285714285714 0.021573604060913704
1 0.5892857142857143 0.6148477157360406 0.005714285714285714 0.01903553299492386
6 0.4110714285714286 0.9758883248730964 0.027857142857142858 0.04568527918781726
6 0.8864285714285715 0.40926395939086296 0.027142857142857142 0.04949238578680203
6 0.8539285714285715 0.31281725888324874 0.02214285714285714 0.044416243654822336