6 0.15035714285714286 0.008571428571428572 0.025 0.017142857142857144
6 0.20857142857142857 0.029523809523809525 0.03 0.017142857142857144
6 0.21142857142857144 0.02142857142857143 0.027142857142857142 0.01619047619047619
6 0.09285714285714286 0.06619047619047619 0.03142857142857143 0.01619047619047619
6 0.0975 0.05714285714285714 0.030714285714285715 0.013333333333333334
6 0.10535714285714286 0.049523809523809526 0.025 0.017142857142857144
6 0.10964285714285714 0.0419047619047619 0.02642857142857143 0.013333333333333334
6 0.11785714285714285 0.037142857142857144 0.027142857142857142 0.015238095238095238
6 0.12214285714285714 0.029047619047619048 0.02857142857142857 0.014285714285714285
6 0.11214285714285714 0.021904761904761906 0.025714285714285714 0.013333333333333334
6 0.085 0.017142857142857144 0.025714285714285714 0.011428571428571429
6 0.07678571428571429 0.011428571428571429 0.023571428571428573 0.013333333333333334
6 0.07535714285714286 0.023809523809523808 0.02642857142857143 0.015238095238095238
6 0.0625 0.03761904761904762 0.029285714285714286 0.01619047619047619
6 0.052142857142857144 0.049523809523809526 0.03142857142857143 0.015238095238095238
6 0.03857142857142857 0.06428571428571428 0.03142857142857143 0.01619047619047619
6 0.053214285714285714 0.11142857142857143 0.03357142857142857 0.013333333333333334
6 0.04285714285714286 0.12 0.037142857142857144 0.02095238095238095
6 0.03464285714285714 0.13 0.03642857142857143 0.02
6 0.028214285714285713 0.14285714285714285 0.04071428571428572 0.017142857142857144
6 0.018214285714285714 0.15333333333333332 0.03642857142857143 0.01904761904761905
6 0.03321428571428572 0.0761904761904762 0.035 0.015238095238095238
7 0.3842857142857143 0.04428571428571428 0.02857142857142857 0.040952380952380955
7 0.3271428571428571 0.09476190476190476 0.054285714285714284 0.06190476190476191
8 0.35214285714285715 0.1976190476190476 0.07142857142857142 0.06952380952380953
2 0.35464285714285715 0.18666666666666668 0.013571428571428571 0.009523809523809525
2 0.36857142857142855 0.25047619047619046 0.017142857142857144 0.013333333333333334
4 0.3682142857142857 0.24523809523809523 0.0064285714285714285 0.010476190476190476
4 0.355 0.18047619047619048 0.002857142857142857 0.008571428571428572
4 0.35285714285714287 0.1823809523809524 0.004285714285714286 0.012380952380952381
1 0.37357142857142855 0.17238095238095238 0.005714285714285714 0.015238095238095238
2 0.38107142857142856 0.17809523809523808 0.013571428571428571 0.015238095238095238
11 0.2507142857142857 0.9380952380952381 0.08285714285714285 0.1180952380952381
7 0.3732142857142857 0.44571428571428573 0.047857142857142855 0.08761904761904762
7 0.40785714285714286 0.5114285714285715 0.07 0.17904761904761904
7 0.45714285714285713 0.36904761904761907 0.03 0.04857142857142857
7 0.4878571428571429 0.2947619047619048 0.03428571428571429 0.04857142857142857
7 0.5239285714285714 0.22285714285714286 0.03785714285714286 0.05142857142857143
7 0.5846428571428571 0.11761904761904762 0.013571428571428571 0.02761904761904762
7 0.45964285714285713 0.15047619047619049 0.016428571428571428 0.05523809523809524
7 0.4585714285714286 0.10428571428571429 0.018571428571428572 0.04666666666666667
7 0.5742857142857143 0.07 0.015714285714285715 0.037142857142857144
7 0.615 0.02238095238095238 0.018571428571428572 0.03142857142857143
6 0.6910714285714286 0.15285714285714286 0.035 0.025714285714285714
6 0.7614285714285715 0.17333333333333334 0.032857142857142856 0.024761904761904763
6 0.8082142857142857 0.2019047619047619 0.020714285714285713 0.03428571428571429
6 0.6942857142857143 0.25666666666666665 0.04285714285714286 0.029523809523809525
6 0.6828571428571428 0.004285714285714286 0.01 0.008571428571428572
6 0.6975 0.004761904761904762 0.012142857142857143 0.009523809523809525
6 0.8457142857142858 0.6571428571428571 0.07857142857142857 0.04380952380952381
6 0.8321428571428572 0.6166666666666667 0.07 0.039047619047619046
6 0.8225 0.5480952380952381 0.062142857142857146 0.040952380952380955
1 0.8435714285714285 0.5580952380952381 0.008571428571428572 0.015238095238095238
1 0.8264285714285714 0.5219047619047619 0.012857142857142857 0.02095238095238095
6 0.895 0.8695238095238095 0.09714285714285714 0.06095238095238095
6 0.8775 0.8052380952380952 0.08785714285714286 0.05238095238095238
6 0.8557142857142858 0.7019047619047619 0.07571428571428572 0.047619047619047616
6 0.9407142857142857 0.5090476190476191 0.04 0.07142857142857142
2 0.9639285714285715 0.4928571428571429 0.015 0.029523809523809525
2 0.9921428571428571 0.5038095238095238 0.014285714285714285 0.011428571428571429
2 0.9871428571428571 0.5347619047619048 0.02142857142857143 0.01619047619047619
2 0.9860714285714286 0.5238095238095238 0.02214285714285714 0.011428571428571429
2 0.9785714285714285 0.49476190476190474 0.015714285714285715 0.01619047619047619
2 0.9732142857142857 0.48523809523809525 0.015 0.014285714285714285
2 0.9939285714285714 0.2019047619047619 0.012142857142857143 0.015238095238095238
2 0.9882142857142857 0.1980952380952381 0.013571428571428571 0.013333333333333334
2 0.9782142857142857 0.19523809523809524 0.009285714285714286 0.015238095238095238
10 0.96 0.18761904761904763 0.03 0.02857142857142857
1 0.8475 0.19095238095238096 0.0064285714285714285 0.018095238095238095
1 0.8435714285714285 0.19047619047619047 0.005714285714285714 0.017142857142857144
2 0.8389285714285715 0.2904761904761905 0.019285714285714285 0.01904761904761905
2 0.8207142857142857 0.2704761904761905 0.018571428571428572 0.017142857142857144
2 0.7789285714285714 0.12904761904761905 0.015 0.012380952380952381
2 0.8503571428571428 0.12 0.007857142857142858 0.017142857142857144
2 0.7732142857142857 0.11714285714285715 0.013571428571428571 0.011428571428571429
2 0.6292857142857143 0.27285714285714285 0.014285714285714285 0.023809523809523808
4 0.6303571428571428 0.2661904761904762 0.009285714285714286 0.014285714285714285
4 0.8210714285714286 0.2671428571428571 0.007857142857142858 0.012380952380952381
4 0.8164285714285714 0.26476190476190475 0.004285714285714286 0.011428571428571429
4 0.8403571428571428 0.28523809523809524 0.007857142857142858 0.018095238095238095
4 0.7803571428571429 0.12285714285714286 0.0035714285714285713 0.009523809523809525
4 0.7757142857142857 0.11523809523809524 0.007142857142857143 0.011428571428571429
2 0.7425 0.09285714285714286 0.012142857142857143 0.012380952380952381
1 0.7489285714285714 0.07761904761904762 0.0035714285714285713 0.006666666666666667
1 0.9082142857142858 0.07523809523809524 0.005 0.015238095238095238
6 0.8864285714285715 0.12238095238095238 0.017142857142857144 0.021904761904761906
6 0.9189285714285714 0.12666666666666668 0.020714285714285713 0.022857142857142857
6 0.8292857142857143 0.037142857142857144 0.02 0.024761904761904763
7 0.8178571428571428 0.08333333333333333 0.032857142857142856 0.021904761904761906
6 0.8114285714285714 0.07142857142857142 0.022857142857142857 0.011428571428571429
6 0.8078571428571428 0.06333333333333334 0.03142857142857143 0.014285714285714285
6 0.8021428571428572 0.05714285714285714 0.025714285714285714 0.017142857142857144
6 0.7996428571428571 0.04619047619047619 0.030714285714285715 0.014285714285714285
6 0.7953571428571429 0.04047619047619048 0.02642857142857143 0.01619047619047619
6 0.7914285714285715 0.03238095238095238 0.02857142857142857 0.017142857142857144
6 0.7846428571428572 0.02666666666666667 0.02214285714285714 0.013333333333333334
6 0.7828571428571428 0.02 0.024285714285714285 0.015238095238095238
6 0.78 0.012857142857142857 0.03 0.018095238095238095
6 0.7742857142857142 0.06333333333333334 0.03142857142857143 0.01619047619047619
6 0.7703571428571429 0.055714285714285716 0.03214285714285714 0.018095238095238095
6 0.7610714285714286 0.0419047619047619 0.029285714285714286 0.017142857142857144
6 0.7642857142857142 0.04904761904761905 0.02 0.018095238095238095
6 0.7614285714285715 0.03238095238095238 0.03 0.017142857142857144
6 0.7571428571428571 0.027142857142857142 0.027142857142857142 0.02
6 0.7535714285714286 0.02142857142857143 0.025714285714285714 0.02
6 0.7517857142857143 0.01380952380952381 0.030714285714285715 0.018095238095238095
6 0.7467857142857143 0.008571428571428572 0.029285714285714286 0.017142857142857144
6 0.7064285714285714 0.04285714285714286 0.025714285714285714 0.02095238095238095
6 0.7007142857142857 0.03428571428571429 0.025714285714285714 0.013333333333333334
6 0.6992857142857143 0.02619047619047619 0.03 0.014285714285714285
6 0.6982142857142857 0.018571428571428572 0.02642857142857143 0.014285714285714285
1 0.6710714285714285 0.011904761904761904 0.0035714285714285713 0.010476190476190476