7 0.6085714285714285 0.7791878172588832 0.06571428571428571 0.0532994923857868
6 0.5882142857142857 0.7347715736040609 0.056428571428571425 0.04568527918781726
6 0.6885714285714286 0.4980964467005076 0.03571428571428571 0.046954314720812185
6 0.6910714285714286 0.3013959390862944 0.017857142857142856 0.05710659898477157
6 0.6492857142857142 0.29378172588832485 0.018571428571428572 0.046954314720812185
1 0.6675 0.274746192893401 0.0064285714285714285 0.02918781725888325
1 0.6714285714285714 0.274746192893401 0.004285714285714286 0.01903553299492386
6 0.6242857142857143 0.350253807106599 0.018571428571428572 0.06091370558375635
6 0.6017857142857143 0.35279187817258884 0.019285714285714285 0.0532994923857868
7 0.5803571428571429 0.35152284263959394 0.017857142857142856 0.05583756345177665
6 0.5578571428571428 0.35152284263959394 0.02 0.05583756345177665
11 0.5353571428571429 0.35723350253807107 0.020714285714285713 0.07487309644670051
1 0.4775 0.7868020304568528 0.009285714285714286 0.03299492385786802
1 0.4610714285714286 0.756979695431472 0.007857142857142858 0.031725888324873094
7 0.40285714285714286 0.5710659898477157 0.03571428571428571 0.07614213197969544
6 0.3767857142857143 0.5158629441624365 0.03785714285714286 0.06979695431472081
6 0.4382142857142857 0.5 0.035 0.06091370558375635
7 0.4057142857142857 0.4289340101522843 0.032857142857142856 0.06598984771573604
7 0.45 0.434010152284264 0.037142857142857144 0.07868020304568528
6 0.44642857142857145 0.366751269035533 0.047142857142857146 0.03553299492385787
7 0.4417857142857143 0.3134517766497462 0.045 0.04568527918781726
6 0.38571428571428573 0.3096446700507614 0.02857142857142857 0.03807106598984772
6 0.3078571428571429 0.366751269035533 0.032857142857142856 0.0532994923857868
6 0.3382142857142857 0.3153553299492386 0.03642857142857143 0.046954314720812185
7 0.30607142857142855 0.2880710659898477 0.03642857142857143 0.06091370558375635
6 0.31214285714285717 0.22779187817258884 0.04285714285714286 0.04949238578680203
7 0.305 0.21192893401015228 0.04 0.0532994923857868
6 0.29928571428571427 0.19543147208121828 0.04285714285714286 0.04060913705583756
7 0.2596428571428571 0.19098984771573604 0.02642857142857143 0.05456852791878172
6 0.2417857142857143 0.19796954314720813 0.023571428571428573 0.04314720812182741
8 0.21964285714285714 0.19035532994923857 0.039285714285714285 0.08629441624365482
6 0.19428571428571428 0.23604060913705585 0.03857142857142857 0.04060913705583756
6 0.165 0.2899746192893401 0.037142857142857144 0.02918781725888325
6 0.1742857142857143 0.2703045685279188 0.037142857142857144 0.03807106598984772
6 0.18428571428571427 0.25380710659898476 0.04285714285714286 0.04060913705583756