7 0.07571428571428572 0.02284263959390863 0.007142857142857143 0.017766497461928935
11 0.09 0.108502538071066 0.03 0.03934010152284264
11 0.10785714285714286 0.23286802030456852 0.012857142857142857 0.024111675126903553
0 0.09 0.16307106598984772 0.004285714285714286 0.01649746192893401
7 0.08 0.14022842639593908 0.004285714285714286 0.013959390862944163
7 0.12678571428571428 0.2506345177664975 0.012142857142857143 0.013959390862944163
7 0.16857142857142857 0.24746192893401014 0.014285714285714285 0.012690355329949238
6 0.09785714285714285 0.19416243654822335 0.005714285714285714 0.015228426395939087
7 0.14464285714285716 0.08565989847715735 0.010714285714285714 0.013959390862944163
11 0.15928571428571428 0.10532994923857868 0.015714285714285715 0.017766497461928935
11 0.16035714285714286 0.12753807106598986 0.013571428571428571 0.013959390862944163
11 0.15892857142857142 0.20875634517766498 0.03214285714285714 0.024111675126903553
11 0.12535714285714286 0.18972081218274112 0.017857142857142856 0.02918781725888325
0 0.1357142857142857 0.1567258883248731 0.007142857142857143 0.008883248730964468
11 0.17142857142857143 0.11738578680203046 0.012857142857142857 0.021573604060913704
11 0.2810714285714286 0.18401015228426396 0.030714285714285715 0.03299492385786802
7 0.2817857142857143 0.19860406091370558 0.012142857142857143 0.013959390862944163
6 0.26142857142857145 0.20939086294416243 0.01 0.01015228426395939
6 0.2960714285714286 0.050761421319796954 0.005 0.012690355329949238
6 0.3025 0.108502538071066 0.005 0.011421319796954314
6 0.35285714285714287 0.13388324873096447 0.012857142857142857 0.008883248730964468
6 0.3325 0.013959390862944163 0.0064285714285714285 0.01015228426395939
6 0.32857142857142857 0.004441624365482234 0.005714285714285714 0.008883248730964468
7 0.2957142857142857 0.07360406091370558 0.005714285714285714 0.012690355329949238
7 0.3157142857142857 0.10279187817258884 0.005714285714285714 0.012690355329949238
7 0.33714285714285713 0.13324873096446702 0.01 0.015228426395939087
1 0.3492857142857143 0.04949238578680203 0.0014285714285714286 0.005076142131979695
1 0.3510714285714286 0.048223350253807105 0.002142857142857143 0.005076142131979695
1 0.35428571428571426 0.04758883248730964 0.0014285714285714286 0.0038071065989847717
1 0.3489285714285714 0.1116751269035533 0.002142857142857143 0.007614213197969543
1 0.3578571428571429 0.10406091370558376 0.002857142857142857 0.0025380710659898475
0 0.38035714285714284 0.10723350253807107 0.0035714285714285713 0.008883248730964468
8 0.3985714285714286 0.1516497461928934 0.012857142857142857 0.0266497461928934
8 0.4085714285714286 0.25 0.011428571428571429 0.027918781725888325
7 0.4085714285714286 0.2817258883248731 0.008571428571428572 0.02030456852791878
11 0.40535714285714286 0.37944162436548223 0.013571428571428571 0.030456852791878174
6 0.35678571428571426 0.22271573604060912 0.007857142857142858 0.011421319796954314
6 0.36464285714285716 0.29378172588832485 0.0064285714285714285 0.013959390862944163
11 0.4257142857142857 0.3623096446700508 0.012857142857142857 0.02918781725888325
7 0.4064285714285714 0.21890862944162437 0.007142857142857143 0.01649746192893401
1 0.2617857142857143 0.7360406091370558 0.0035714285714285713 0.01015228426395939
1 0.25892857142857145 0.7385786802030457 0.002142857142857143 0.007614213197969543
1 0.44642857142857145 0.8534263959390863 0.002857142857142857 0.006345177664974619
1 0.44892857142857145 0.8515228426395939 0.002142857142857143 0.007614213197969543
1 0.4632142857142857 0.9105329949238579 0.002142857142857143 0.006345177664974619
1 0.4735714285714286 0.8984771573604061 0.002857142857142857 0.007614213197969543
1 0.4421428571428571 0.7893401015228426 0.002857142857142857 0.007614213197969543
1 0.43607142857142855 0.7798223350253807 0.0035714285714285713 0.008883248730964468
1 0.42142857142857143 0.7296954314720813 0.002857142857142857 0.007614213197969543
1 0.41678571428571426 0.7284263959390863 0.0035714285714285713 0.005076142131979695
1 0.42607142857142855 0.7258883248730964 0.002142857142857143 0.007614213197969543
1 0.4014285714285714 0.6814720812182741 0.002857142857142857 0.01015228426395939
1 0.39357142857142857 0.623730964467005 0.002857142857142857 0.006345177664974619
1 0.39107142857142857 0.6256345177664975 0.002142857142857143 0.01015228426395939
1 0.37892857142857145 0.583756345177665 0.002142857142857143 0.007614213197969543
11 0.495 0.7049492385786802 0.018571428571428572 0.07487309644670051
8 0.5246428571428572 0.8153553299492385 0.016428571428571428 0.05203045685279188
1 0.3514285714285714 0.5031725888324873 0.002857142857142857 0.006345177664974619
1 0.3457142857142857 0.49746192893401014 0.002857142857142857 0.007614213197969543
1 0.34714285714285714 0.48413705583756345 0.002857142857142857 0.008883248730964468
1 0.33321428571428574 0.43210659898477155 0.002142857142857143 0.006345177664974619
1 0.33464285714285713 0.4137055837563452 0.002142857142857143 0.01015228426395939
1 0.3217857142857143 0.41053299492385786 0.002142857142857143 0.008883248730964468
1 0.3221428571428571 0.3819796954314721 0.0014285714285714286 0.005076142131979695
1 0.31464285714285717 0.3413705583756345 0.002142857142857143 0.005076142131979695
1 0.2832142857142857 0.25380710659898476 0.002142857142857143 0.007614213197969543
1 0.3125 0.3604060913705584 0.002142857142857143 0.007614213197969543
1 0.3167857142857143 0.36484771573604063 0.002142857142857143 0.008883248730964468
11 0.4325 0.31218274111675126 0.012142857142857143 0.025380710659898477
7 0.4585714285714286 0.34390862944162437 0.01 0.02030456852791878
7 0.48928571428571427 0.4651015228426396 0.008571428571428572 0.024111675126903553
7 0.455 0.45114213197969544 0.008571428571428572 0.01903553299492386
6 0.4725 0.5272842639593909 0.009285714285714286 0.021573604060913704
7 0.62 0.14784263959390864 0.008571428571428572 0.008883248730964468
8 0.6335714285714286 0.16878172588832488 0.024285714285714285 0.03553299492385787
7 0.6467857142857143 0.18908629441624367 0.012142857142857143 0.017766497461928935
8 0.6646428571428571 0.1967005076142132 0.02214285714285714 0.02030456852791878
8 0.6553571428571429 0.17766497461928935 0.020714285714285713 0.02284263959390863
6 0.6853571428571429 0.21129441624365483 0.010714285714285714 0.013959390862944163
8 0.7475 0.22461928934010153 0.015 0.025380710659898477
7 0.7464285714285714 0.21383248730964466 0.007142857142857143 0.013959390862944163
0 0.7621428571428571 0.27093908629441626 0.018571428571428572 0.021573604060913704
7 0.7535714285714286 0.35152284263959394 0.007142857142857143 0.01015228426395939
7 0.7610714285714286 0.3401015228426396 0.009285714285714286 0.01015228426395939
6 0.7364285714285714 0.3756345177664975 0.008571428571428572 0.012690355329949238
6 0.7453571428571428 0.3635786802030457 0.007857142857142858 0.01649746192893401
6 0.7282142857142857 0.3876903553299492 0.010714285714285714 0.011421319796954314
11 0.715 0.4200507614213198 0.01 0.02030456852791878
0 0.7110714285714286 0.21890862944162437 0.0064285714285714285 0.01903553299492386
6 0.8307142857142857 0.4720812182741117 0.01 0.015228426395939087
6 0.8235714285714286 0.46256345177664976 0.008571428571428572 0.013959390862944163
0 0.9160714285714285 0.4206852791878173 0.010714285714285714 0.006345177664974619
1 0.8910714285714286 0.3934010152284264 0.0035714285714285713 0.007614213197969543
1 0.8853571428571428 0.39086294416243655 0.002142857142857143 0.007614213197969543
1 0.8625 0.36928934010152287 0.002142857142857143 0.0025380710659898475
1 0.8617857142857143 0.36421319796954316 0.002142857142857143 0.0025380710659898475
1 0.8410714285714286 0.3426395939086294 0.002142857142857143 0.007614213197969543
1 0.8246428571428571 0.33185279187817257 0.002142857142857143 0.006345177664974619
1 0.825 0.3369289340101523 0.0014285714285714286 0.0038071065989847717
1 0.8278571428571428 0.33185279187817257 0.002857142857142857 0.0038071065989847717
0 0.7985714285714286 0.3083756345177665 0.022857142857142857 0.02284263959390863