6 0.33071428571428574 0.8690476190476191 0.14857142857142858 0.09047619047619047
6 0.32035714285714284 0.7623809523809524 0.145 0.08857142857142856
6 0.17607142857142857 0.3376190476190476 0.06642857142857143 0.12476190476190477
6 0.3489285714285714 0.23333333333333334 0.11642857142857142 0.07428571428571429
6 0.3475 0.1619047619047619 0.10928571428571429 0.07428571428571429
6 0.3510714285714286 0.0919047619047619 0.115 0.08095238095238096
6 0.2082142857142857 0.02666666666666667 0.052142857142857144 0.05333333333333334
6 0.075 0.3314285714285714 0.07285714285714286 0.15428571428571428
6 0.017857142857142856 0.24857142857142858 0.03571428571428571 0.1523809523809524
6 0.12107142857142857 0.7104761904761905 0.08214285714285714 0.19238095238095237
6 0.6742857142857143 0.9557142857142857 0.15142857142857144 0.08857142857142856
7 0.6475 0.8333333333333334 0.15785714285714286 0.0838095238095238
6 0.6585714285714286 0.44476190476190475 0.12714285714285714 0.07809523809523809
1 0.5246428571428572 0.4776190476190476 0.020714285714285713 0.039047619047619046
1 0.45285714285714285 0.056666666666666664 0.014285714285714285 0.04666666666666667
6 0.345 0.46714285714285714 0.12142857142857143 0.08285714285714285