1 0.46 0.9406666666666667 0.016 0.034666666666666665
2 0.54825 0.8593333333333333 0.0165 0.05466666666666667
4 0.5485 0.8683333333333333 0.014 0.022
4 0.548 0.8496666666666667 0.017 0.026
8 0.62325 0.7663333333333333 0.0915 0.10866666666666666
7 0.574 0.6846666666666666 0.043 0.08933333333333333
1 0.474 0.8096666666666666 0.013 0.04066666666666666
8 0.4265 0.915 0.058 0.17
8 0.43825 0.751 0.0425 0.13133333333333333
2 0.53525 0.6333333333333333 0.0105 0.03333333333333333
4 0.53625 0.626 0.0115 0.02
1 0.46975 0.6273333333333333 0.0105 0.03333333333333333
1 0.4595 0.6283333333333333 0.011 0.03666666666666667
2 0.42775 0.62 0.0165 0.034666666666666665
4 0.43125 0.5886666666666667 0.0105 0.021333333333333333
6 0.495 0.5336666666666666 0.03 0.059333333333333335
4 0.545 0.527 0.013 0.028666666666666667
8 0.53325 0.49333333333333335 0.0325 0.064
4 0.45475 0.5093333333333333 0.0105 0.02666666666666667
2 0.454 0.5143333333333333 0.012 0.026
7 0.40375 0.5106666666666667 0.0695 0.050666666666666665
1 0.462 0.477 0.007 0.026
4 0.47525 0.47333333333333333 0.0095 0.02
2 0.47475 0.48133333333333334 0.0095 0.024
6 0.4455 0.46066666666666667 0.027 0.04933333333333333
2 0.459 0.43233333333333335 0.009 0.020666666666666667
4 0.45925 0.42833333333333334 0.0095 0.022
1 0.4385 0.42 0.006 0.025333333333333333
4 0.43025 0.4236666666666667 0.0085 0.020666666666666667
8 0.42375 0.413 0.0535 0.034
2 0.5055 0.432 0.008 0.02266666666666667
4 0.50625 0.432 0.0065 0.014666666666666666
4 0.5055 0.426 0.008 0.016
6 0.402 0.37333333333333335 0.023 0.036
2 0.4625 0.37633333333333335 0.007 0.019333333333333334
4 0.46325 0.37266666666666665 0.0075 0.02
5 0.493 0.373 0.006 0.018
4 0.4935 0.36933333333333335 0.007 0.02
1 0.51225 0.39566666666666667 0.0055 0.026
1 0.51225 0.3923333333333333 0.0065 0.024666666666666667
8 0.51675 0.35833333333333334 0.0205 0.038
4 0.4325 0.36533333333333334 0.008 0.014666666666666666
1 0.4355 0.35233333333333333 0.005 0.016666666666666666
6 0.445 0.32666666666666666 0.018 0.029333333333333333
1 0.456 0.31166666666666665 0.004 0.014
1 0.459 0.309 0.005 0.019333333333333334
9 0.47375 0.30733333333333335 0.0095 0.017333333333333333
4 0.473 0.301 0.005 0.01
2 0.48425 0.30233333333333334 0.0065 0.015333333333333332
4 0.48475 0.29933333333333334 0.0065 0.014666666666666666
6 0.49625 0.29633333333333334 0.0155 0.020666666666666667
6 0.44575 0.304 0.0165 0.025333333333333333
1 0.48625 0.2793333333333333 0.0055 0.018666666666666668
1 0.4835 0.26666666666666666 0.005 0.014666666666666666
1 0.503 0.279 0.007 0.020666666666666667
5 0.3965 0.35733333333333334 0.014 0.017333333333333333
1 0.3995 0.31633333333333336 0.006 0.019333333333333334
1 0.40225 0.314 0.0065 0.018666666666666668
1 0.4075 0.31366666666666665 0.008 0.020666666666666667
6 0.469 0.26466666666666666 0.014 0.021333333333333333
2 0.448 0.2663333333333333 0.005 0.014
4 0.44825 0.2643333333333333 0.0065 0.014
1 0.49275 0.243 0.0045 0.015333333333333332
1 0.48275 0.225 0.0055 0.015333333333333332
6 0.45 0.172 0.009 0.012
7 0.418 0.252 0.013 0.024
7 0.41875 0.229 0.0125 0.022
7 0.426 0.211 0.011 0.019333333333333334
7 0.41725 0.202 0.0215 0.018666666666666668
7 0.41075 0.194 0.0195 0.016
6 0.3975 0.18633333333333332 0.022 0.012666666666666666
6 0.3775 0.19666666666666666 0.02 0.012
6 0.3705 0.18966666666666668 0.021 0.012666666666666666
11 0.4775 0.17066666666666666 0.013 0.016
6 0.5125 0.18266666666666667 0.023 0.012
6 0.54125 0.18633333333333332 0.0135 0.012666666666666666
7 0.5125 0.24533333333333332 0.012 0.021333333333333333
7 0.5025 0.221 0.018 0.018
6 0.4555 0.154 0.009 0.012
6 0.47525 0.14866666666666667 0.0085 0.009333333333333334
0 0.4625 0.08833333333333333 0.034 0.11133333333333334
0 0.30625 0.142 0.0945 0.08933333333333333
0 0.06625 0.204 0.0665 0.036