6 0.3582142857142857 0.8128571428571428 0.125 0.2180952380952381
6 0.6767857142857143 0.49 0.06928571428571428 0.1838095238095238
6 0.7903571428571429 0.39285714285714285 0.13214285714285715 0.09238095238095238
6 0.6385714285714286 0.29285714285714287 0.12714285714285714 0.08857142857142856
6 0.5996428571428571 0.46523809523809523 0.06642857142857143 0.18571428571428572
6 0.5264285714285715 0.4552380952380952 0.08428571428571428 0.18285714285714286
6 0.45 0.43523809523809526 0.08428571428571428 0.16952380952380952
6 0.37642857142857145 0.4180952380952381 0.08 0.16952380952380952
6 0.3082142857142857 0.40095238095238095 0.09071428571428572 0.17714285714285713
6 0.23964285714285713 0.3780952380952381 0.095 0.16952380952380952
6 0.16785714285714284 0.36238095238095236 0.1 0.16285714285714287
6 0.1 0.3519047619047619 0.11285714285714285 0.15523809523809523
6 0.039285714285714285 0.3357142857142857 0.07857142857142857 0.14952380952380953
6 0.7953571428571429 0.31476190476190474 0.12928571428571428 0.08857142857142856
6 0.7925 0.23809523809523808 0.1407142857142857 0.07809523809523809
6 0.7982142857142858 0.16428571428571428 0.12642857142857142 0.07904761904761905
6 0.795 0.11476190476190476 0.12428571428571429 0.08476190476190476
6 0.5442857142857143 0.1357142857142857 0.12 0.08666666666666667
6 0.5592857142857143 0.08952380952380952 0.12142857142857143 0.08571428571428572
7 0.5325 0.20142857142857143 0.115 0.08666666666666667
7 0.5728571428571428 0.03238095238095238 0.09 0.06476190476190476
6 0.4739285714285714 0.02 0.055 0.04
6 0.8042857142857143 0.051904761904761905 0.10285714285714286 0.07714285714285714
7 0.6514285714285715 0.6776190476190476 0.13857142857142857 0.14
1 0.5864285714285714 0.81 0.024285714285714285 0.039047619047619046
5 0.5817857142857142 0.799047619047619 0.052142857142857144 0.0419047619047619
1 0.67 0.8742857142857143 0.03142857142857143 0.03428571428571429
1 0.7010714285714286 0.8852380952380953 0.023571428571428573 0.03333333333333333
1 0.9367857142857143 0.6 0.035 0.047619047619047616
1 0.8646428571428572 0.699047619047619 0.025 0.03428571428571429
1 0.9510714285714286 0.7204761904761905 0.04357142857142857 0.03333333333333333
5 0.9475 0.7342857142857143 0.03642857142857143 0.049523809523809526
1 0.8953571428571429 0.5076190476190476 0.03642857142857143 0.0419047619047619
1 0.8867857142857143 0.5204761904761904 0.03357142857142857 0.03333333333333333
1 0.8478571428571429 0.4857142857142857 0.03 0.0380952380952381
4 0.7575 0.6847619047619048 0.02214285714285714 0.0380952380952381
1 0.6564285714285715 0.6190476190476191 0.015714285714285715 0.045714285714285714
1 0.5385714285714286 0.32904761904761903 0.015714285714285715 0.04476190476190476
5 0.4225 0.056666666666666664 0.015 0.04285714285714286
5 0.32035714285714284 0.16714285714285715 0.02214285714285714 0.054285714285714284
2 0.24892857142857142 0.14714285714285713 0.025 0.04857142857142857
2 0.3485714285714286 0.1657142857142857 0.024285714285714285 0.0419047619047619
5 0.07642857142857143 0.13952380952380952 0.025714285714285714 0.04857142857142857
5 0.04964285714285714 0.1457142857142857 0.030714285714285715 0.06476190476190476
0 0.19321428571428573 0.14666666666666667 0.04357142857142857 0.06285714285714286
10 0.4632142857142857 0.7528571428571429 0.09642857142857143 0.06952380952380953
10 0.6842857142857143 0.8304761904761905 0.11571428571428571 0.08
4 0.7375 0.5261904761904762 0.019285714285714285 0.035238095238095235
10 0.8689285714285714 0.7509523809523809 0.08071428571428571 0.10761904761904761
7 0.8985714285714286 0.4638095238095238 0.04 0.10857142857142857