6 0.3075 0.8466666666666667 0.07 0.116
6 0.5605 0.7003333333333334 0.068 0.05266666666666667
6 0.57425 0.6606666666666666 0.0675 0.03866666666666667
6 0.578 0.628 0.077 0.04133333333333333
6 0.588 0.5986666666666667 0.063 0.036
6 0.58875 0.5713333333333334 0.0705 0.037333333333333336
6 0.49275 0.536 0.0405 0.04933333333333333
6 0.59725 0.5476666666666666 0.0655 0.03
6 0.60375 0.5243333333333333 0.0555 0.03266666666666666
6 0.6145 0.5013333333333333 0.056 0.028
6 0.6105 0.48033333333333333 0.048 0.028666666666666667
2 0.6385 0.445 0.014 0.016666666666666666
6 0.581 0.45366666666666666 0.029 0.028666666666666667
1 0.56225 0.37633333333333335 0.0045 0.022
7 0.61325 0.3426666666666667 0.0185 0.029333333333333333
1 0.292 0.2743333333333333 0.003 0.014
6 0.70525 0.24033333333333334 0.0125 0.012666666666666666
6 0.71525 0.21933333333333332 0.0125 0.013333333333333334
6 0.71125 0.13966666666666666 0.0065 0.007333333333333333
0 0.76625 0.145 0.0195 0.018
0 0.739 0.23266666666666666 0.032 0.064
0 0.72 0.2743333333333333 0.036 0.018
0 0.71725 0.24866666666666667 0.0105 0.029333333333333333
0 0.7115 0.154 0.021 0.014666666666666666
0 0.7225 0.14433333333333334 0.012 0.01
0 0.76375 0.12366666666666666 0.0165 0.011333333333333334