6 0.6625 0.96 0.15642857142857142 0.08
6 0.09714285714285714 0.7533333333333333 0.10285714285714286 0.05333333333333334
7 0.25785714285714284 0.6642857142857143 0.11428571428571428 0.08666666666666667
6 0.05107142857142857 0.44285714285714284 0.07357142857142857 0.03428571428571429
7 0.16607142857142856 0.42523809523809525 0.060714285714285714 0.03333333333333333
6 0.24785714285714286 0.4147619047619048 0.05285714285714286 0.029523809523809525
6 0.22107142857142856 0.3780952380952381 0.047857142857142855 0.024761904761904763
6 0.02857142857142857 0.39571428571428574 0.05714285714285714 0.029523809523809525
6 0.10785714285714286 0.3838095238095238 0.05142857142857143 0.02666666666666667
6 0.20142857142857143 0.3738095238095238 0.04857142857142857 0.025714285714285714
6 0.2664285714285714 0.3657142857142857 0.047142857142857146 0.022857142857142857
1 0.30964285714285716 0.36666666666666664 0.0064285714285714285 0.02095238095238095
6 0.3296428571428571 0.36047619047619045 0.04214285714285714 0.021904761904761906
7 0.38821428571428573 0.3519047619047619 0.04071428571428572 0.025714285714285714
7 0.4357142857142857 0.3461904761904762 0.03428571428571429 0.023809523809523808
6 0.485 0.3404761904761905 0.03571428571428571 0.021904761904761906
6 0.012142857142857143 0.3457142857142857 0.02 0.02095238095238095
6 0.09071428571428572 0.3361904761904762 0.025714285714285714 0.01904761904761905
7 0.037142857142857144 0.3395238095238095 0.022857142857142857 0.02761904761904762
6 0.11607142857142858 0.3295238095238095 0.015 0.015238095238095238
6 0.145 0.33285714285714285 0.024285714285714285 0.02
6 0.18178571428571427 0.3271428571428571 0.015 0.018095238095238095
7 0.2075 0.29904761904761906 0.023571428571428573 0.015238095238095238
1 0.22785714285714287 0.30714285714285716 0.005714285714285714 0.01619047619047619
1 0.2282142857142857 0.29333333333333333 0.005 0.017142857142857144
1 0.22321428571428573 0.3304761904761905 0.005 0.015238095238095238
1 0.165 0.3028571428571429 0.002857142857142857 0.013333333333333334
1 0.16714285714285715 0.30095238095238097 0.002857142857142857 0.013333333333333334
6 0.2475 0.29523809523809524 0.013571428571428571 0.017142857142857144
0 0.2785714285714286 0.29 0.017142857142857144 0.023809523809523808
0 0.29428571428571426 0.28523809523809524 0.015714285714285715 0.021904761904761906
2 0.5353571428571429 0.33285714285714285 0.007857142857142858 0.018095238095238095
1 0.5632142857142857 0.32571428571428573 0.005 0.017142857142857144
1 0.5592857142857143 0.32 0.004285714285714286 0.01904761904761905
1 0.5635714285714286 0.3161904761904762 0.004285714285714286 0.01904761904761905
2 0.575 0.3138095238095238 0.007142857142857143 0.01619047619047619
6 0.7342857142857143 0.4228571428571429 0.04857142857142857 0.030476190476190476
6 0.7914285714285715 0.3914285714285714 0.03571428571428571 0.024761904761904763
0 0.7646428571428572 0.37761904761904763 0.02214285714285714 0.023809523809523808
0 0.745 0.35285714285714287 0.025714285714285714 0.021904761904761906
0 0.8257142857142857 0.3738095238095238 0.032857142857142856 0.035238095238095235
0 0.85 0.33714285714285713 0.037142857142857144 0.02666666666666667
11 0.5842857142857143 0.28285714285714286 0.045714285714285714 0.03428571428571429
0 0.5453571428571429 0.2652380952380952 0.025 0.02761904761904762
0 0.5221428571428571 0.2538095238095238 0.024285714285714285 0.02761904761904762
0 0.49714285714285716 0.24666666666666667 0.022857142857142857 0.01904761904761905
0 0.48035714285714287 0.24047619047619048 0.015 0.018095238095238095
11 0.44357142857142856 0.24523809523809523 0.03428571428571429 0.018095238095238095
6 0.3678571428571429 0.24714285714285714 0.022857142857142857 0.010476190476190476
6 0.3867857142857143 0.2419047619047619 0.017857142857142856 0.009523809523809525
6 0.37785714285714284 0.2342857142857143 0.02 0.009523809523809525
6 0.42678571428571427 0.2357142857142857 0.017857142857142856 0.010476190476190476
0 0.4132142857142857 0.22714285714285715 0.025 0.02
6 0.3675 0.2276190476190476 0.020714285714285713 0.007619047619047619
6 0.35642857142857143 0.20904761904761904 0.017142857142857144 0.006666666666666667
6 0.32607142857142857 0.22047619047619046 0.0064285714285714285 0.006666666666666667
0 0.33 0.20857142857142857 0.02 0.015238095238095238
0 0.35464285714285715 0.19666666666666666 0.019285714285714285 0.01619047619047619
0 0.38285714285714284 0.20666666666666667 0.025714285714285714 0.02095238095238095
1 0.4210714285714286 0.3933333333333333 0.009285714285714286 0.02666666666666667
0 0.6485714285714286 0.28095238095238095 0.03142857142857143 0.03619047619047619
0 0.3575 0.42714285714285716 0.019285714285714285 0.029523809523809525
4 0.5735714285714286 0.31142857142857144 0.005714285714285714 0.013333333333333334
4 0.535 0.3314285714285714 0.005714285714285714 0.017142857142857144