6 0.04825 0.5666666666666667 0.0965 0.06933333333333333
6 0.03925 0.5356666666666666 0.0785 0.051333333333333335
6 0.201 0.622 0.116 0.07066666666666667
6 0.449 0.49866666666666665 0.08 0.04933333333333333
6 0.4705 0.4683333333333333 0.073 0.038
6 0.4865 0.43166666666666664 0.059 0.03
6 0.5085 0.39066666666666666 0.051 0.024
6 0.516 0.377 0.043 0.020666666666666667
6 0.51775 0.363 0.0405 0.018
6 0.52375 0.3476666666666667 0.0345 0.015333333333333332
6 0.52925 0.3383333333333333 0.0325 0.015333333333333332
6 0.53875 0.3243333333333333 0.0135 0.016666666666666666
7 0.56975 0.30966666666666665 0.0125 0.016666666666666666
6 0.546 0.30133333333333334 0.017 0.009333333333333334
0 0.54625 0.27066666666666667 0.0525 0.017333333333333333
0 0.58575 0.2853333333333333 0.0265 0.02
0 0.59925 0.30566666666666664 0.0285 0.018
6 0.601 0.31933333333333336 0.027 0.010666666666666666
0 0.55275 0.287 0.0215 0.012666666666666666
6 0.605 0.33666666666666667 0.035 0.016
6 0.60875 0.35033333333333333 0.0355 0.016666666666666666
6 0.6125 0.36233333333333334 0.042 0.014
6 0.61425 0.37033333333333335 0.0455 0.023333333333333334
6 0.6225 0.403 0.052 0.020666666666666667
6 0.62675 0.41233333333333333 0.0585 0.03
1 0.6185 0.3893333333333333 0.005 0.009333333333333334
1 0.62075 0.424 0.0055 0.009333333333333334
6 0.625 0.44266666666666665 0.071 0.030666666666666665
6 0.64 0.4686666666666667 0.073 0.036
2 0.65375 0.35533333333333333 0.0155 0.014666666666666666
6 0.657 0.5203333333333333 0.092 0.04733333333333333
0 0.39225 0.298 0.0265 0.02
6 0.81625 0.5936666666666667 0.0795 0.07133333333333333
6 0.6095 0.2896666666666667 0.011 0.008666666666666666
6 0.8945 0.6336666666666667 0.086 0.08733333333333333
0 0.4475 0.26066666666666666 0.123 0.05333333333333334