6 0.6375 0.8080952380952381 0.045 0.1019047619047619
6 0.5564285714285714 0.4533333333333333 0.025714285714285714 0.045714285714285714
6 0.5635714285714286 0.3852380952380952 0.024285714285714285 0.039047619047619046
6 0.5453571428571429 0.29714285714285715 0.017857142857142856 0.02857142857142857
6 0.5242857142857142 0.3161904761904762 0.018571428571428572 0.024761904761904763
6 0.5110714285714286 0.15619047619047619 0.012142857142857143 0.01904761904761905
6 0.48714285714285716 0.10761904761904761 0.01 0.015238095238095238
6 0.49107142857142855 0.07571428571428572 0.009285714285714286 0.014285714285714285
6 0.27035714285714285 0.6333333333333333 0.08214285714285714 0.06666666666666667
6 0.2782142857142857 0.5533333333333333 0.06785714285714285 0.05904761904761905
6 0.26821428571428574 0.6009523809523809 0.07642857142857143 0.05523809523809524
1 0.3460714285714286 0.2342857142857143 0.0035714285714285713 0.01904761904761905
1 0.3414285714285714 0.2342857142857143 0.004285714285714286 0.013333333333333334
6 0.24142857142857144 0.5109523809523809 0.04285714285714286 0.025714285714285714
2 0.37464285714285717 0.5161904761904762 0.013571428571428571 0.04380952380952381
2 0.38607142857142857 0.25142857142857145 0.005 0.015238095238095238
2 0.5860714285714286 0.3376190476190476 0.0064285714285714285 0.018095238095238095
2 0.4082142857142857 0.09952380952380953 0.005 0.018095238095238095
2 0.41285714285714287 0.14238095238095239 0.004285714285714286 0.012380952380952381
2 0.40214285714285714 0.15333333333333332 0.004285714285714286 0.013333333333333334
6 0.4032142857142857 0.12380952380952381 0.010714285714285714 0.017142857142857144
6 0.4710714285714286 0.012857142857142857 0.0064285714285714285 0.006666666666666667
6 0.47214285714285714 0.0033333333333333335 0.004285714285714286 0.006666666666666667
6 0.43464285714285716 0.08142857142857143 0.010714285714285714 0.014285714285714285
2 0.4975 0.10761904761904761 0.0035714285714285713 0.007619047619047619
2 0.4689285714285714 0.03761904761904762 0.002142857142857143 0.008571428571428572
1 0.3317857142857143 0.1676190476190476 0.0035714285714285713 0.015238095238095238
1 0.3492857142857143 0.12238095238095238 0.004285714285714286 0.008571428571428572
1 0.3464285714285714 0.1357142857142857 0.004285714285714286 0.008571428571428572
7 0.3510714285714286 0.07714285714285714 0.04214285714285714 0.02857142857142857
1 0.415 0.06952380952380953 0.002857142857142857 0.009523809523809525
6 0.39035714285714285 0.014285714285714285 0.007857142857142858 0.007619047619047619
2 0.47714285714285715 0.024285714285714285 0.002857142857142857 0.008571428571428572
2 0.6728571428571428 0.6257142857142857 0.012857142857142857 0.03238095238095238
4 0.6746428571428571 0.6157142857142858 0.007857142857142858 0.012380952380952381
4 0.5871428571428572 0.3319047619047619 0.004285714285714286 0.006666666666666667
4 0.49785714285714283 0.1061904761904762 0.002857142857142857 0.004761904761904762
4 0.4775 0.02238095238095238 0.002142857142857143 0.004761904761904762
4 0.4692857142857143 0.03666666666666667 0.002857142857142857 0.004761904761904762
4 0.4082142857142857 0.09523809523809523 0.0035714285714285713 0.009523809523809525
4 0.4132142857142857 0.13952380952380952 0.0035714285714285713 0.006666666666666667
4 0.40214285714285714 0.15 0.004285714285714286 0.006666666666666667
4 0.38642857142857145 0.24761904761904763 0.002857142857142857 0.005714285714285714
4 0.3757142857142857 0.5019047619047619 0.008571428571428572 0.02095238095238095