7 0.2025 0.37633333333333335 0.07 0.043333333333333335
8 0.039 0.349 0.078 0.056666666666666664
6 0.02125 0.37833333333333335 0.0425 0.03133333333333333
6 0.3935 0.386 0.056 0.030666666666666665
6 0.42 0.31133333333333335 0.02 0.02666666666666667
7 0.44625 0.30566666666666664 0.0175 0.03133333333333333
7 0.41475 0.2806666666666667 0.0215 0.02666666666666667
7 0.4525 0.28933333333333333 0.02 0.029333333333333333
4 0.4045 0.31866666666666665 0.006 0.02266666666666667
5 0.404 0.32466666666666666 0.005 0.018666666666666668
6 0.5255 0.5143333333333333 0.036 0.056666666666666664
7 0.6775 0.3546666666666667 0.047 0.03333333333333333
8 0.70375 0.33566666666666667 0.1005 0.042
4 0.648 0.3323333333333333 0.008 0.019333333333333334
5 0.646 0.33666666666666667 0.021 0.014666666666666666
3 0.845 0.44333333333333336 0.055 0.06
6 0.83525 0.3586666666666667 0.0545 0.02666666666666667
6 0.84725 0.3453333333333333 0.0545 0.02666666666666667
8 0.9665 0.345 0.067 0.058
8 0.96575 0.33166666666666667 0.0685 0.04733333333333333
4 0.43825 0.216 0.0035 0.010666666666666666
2 0.4385 0.22033333333333333 0.005 0.011333333333333334
6 0.46875 0.23333333333333334 0.0115 0.017333333333333333
6 0.47 0.217 0.011 0.018
6 0.53175 0.20733333333333334 0.0125 0.016
6 0.512 0.20866666666666667 0.011 0.014666666666666666
6 0.558 0.22633333333333333 0.011 0.015333333333333332
6 0.5545 0.21333333333333335 0.01 0.014666666666666666
6 0.421 0.23533333333333334 0.014 0.018666666666666668
6 0.4245 0.22633333333333333 0.012 0.015333333333333332
6 0.473 0.187 0.009 0.014
6 0.47175 0.18233333333333332 0.0095 0.012666666666666666
6 0.43825 0.171 0.0095 0.012666666666666666
6 0.452 0.163 0.009 0.01
8 0.4625 0.156 0.01 0.017333333333333333
6 0.5415 0.187 0.013 0.011333333333333334
6 0.5385 0.18233333333333332 0.01 0.01
6 0.51825 0.17633333333333334 0.0095 0.01
6 0.528 0.16866666666666666 0.008 0.012
6 0.51975 0.15933333333333333 0.0095 0.009333333333333334
4 0.52825 0.188 0.0025 0.009333333333333334
5 0.52825 0.19233333333333333 0.0025 0.01
6 0.64375 0.9173333333333333 0.0775 0.16533333333333333
6 0.07 0.269 0.031 0.022
1 0.0145 0.2723333333333333 0.008 0.019333333333333334
6 0.017 0.266 0.034 0.021333333333333333