6 0.1332142857142857 0.6643401015228426 0.04642857142857143 0.03680203045685279
6 0.25607142857142856 0.5761421319796954 0.04214285714285714 0.03553299492385787
6 0.3264285714285714 0.5678934010152284 0.04 0.03680203045685279
8 0.29214285714285715 0.6110406091370558 0.05142857142857143 0.05203045685279188
8 0.5564285714285714 0.24175126903553298 0.022857142857142857 0.09771573604060914
6 0.5632142857142857 0.08756345177664974 0.016428571428571428 0.04060913705583756
6 0.49642857142857144 0.04060913705583756 0.015714285714285715 0.030456852791878174
6 0.5689285714285715 0.5298223350253807 0.020714285714285713 0.06979695431472081
6 0.6010714285714286 0.5678934010152284 0.023571428571428573 0.06979695431472081
6 0.6932142857142857 0.5057106598984772 0.04642857142857143 0.044416243654822336
6 0.8789285714285714 0.6116751269035533 0.052142857142857144 0.04314720812182741
6 0.9378571428571428 0.6142131979695431 0.055714285714285716 0.03807106598984772
6 0.5935714285714285 0.800761421319797 0.025714285714285714 0.08883248730964467
6 0.6332142857142857 0.8508883248730964 0.025 0.09263959390862944
1 0.7896428571428571 0.6256345177664975 0.0064285714285714285 0.015228426395939087
1 0.7935714285714286 0.6186548223350253 0.005714285714285714 0.021573604060913704
1 0.7403571428571428 0.5843908629441624 0.007857142857142858 0.01649746192893401
1 0.7375 0.5723350253807107 0.005 0.015228426395939087
4 0.6367857142857143 0.4498730964467005 0.0064285714285714285 0.021573604060913704
2 0.6357142857142857 0.4517766497461929 0.014285714285714285 0.03553299492385787
6 0.17785714285714285 0.8711928934010152 0.025714285714285714 0.0850253807106599
6 0.2382142857142857 0.9010152284263959 0.03357142857142857 0.09898477157360407
6 0.25285714285714284 0.9612944162436549 0.024285714285714285 0.07487309644670051
6 0.26285714285714284 0.8800761421319797 0.025714285714285714 0.0850253807106599
6 0.2860714285714286 0.8775380710659898 0.025 0.08248730964467005
6 0.2775 0.9486040609137056 0.025 0.06979695431472081
11 0.1992857142857143 0.9041878172588832 0.06428571428571428 0.18908629441624367
1 0.42214285714285715 0.3934010152284264 0.005714285714285714 0.02284263959390863
1 0.3989285714285714 0.37055837563451777 0.0064285714285714285 0.025380710659898477
1 0.39035714285714285 0.37246192893401014 0.0064285714285714285 0.021573604060913704
1 0.5075 0.4143401015228426 0.005 0.024111675126903553
1 0.5042857142857143 0.41624365482233505 0.005714285714285714 0.02284263959390863
4 0.31142857142857144 0.45558375634517767 0.01 0.015228426395939087
4 0.31214285714285717 0.43718274111675126 0.008571428571428572 0.013959390862944163
4 0.295 0.4530456852791878 0.007142857142857143 0.02030456852791878
1 0.33035714285714285 0.4219543147208122 0.005 0.01903553299492386
1 0.2785714285714286 0.42576142131979694 0.007142857142857143 0.021573604060913704
6 0.5821428571428572 0.22144670050761422 0.017142857142857144 0.04949238578680203
1 0.6021428571428571 0.022208121827411168 0.005714285714285714 0.01903553299492386
1 0.6060714285714286 0.02030456852791878 0.0064285714285714285 0.025380710659898477