6 0.72925 0.8396666666666667 0.0685 0.17
6 0.661 0.8036666666666666 0.061 0.158
6 0.6035 0.7813333333333333 0.063 0.14
1 0.43075 0.7176666666666667 0.0125 0.04733333333333333
6 0.40325 0.608 0.0595 0.07733333333333334
6 0.47675 0.5126666666666667 0.0465 0.06133333333333333
10 0.54625 0.5146666666666667 0.0325 0.06133333333333333
10 0.54075 0.42033333333333334 0.0375 0.042
2 0.53075 0.385 0.0185 0.020666666666666667
6 0.596 0.35033333333333333 0.026 0.03
7 0.61175 0.328 0.0225 0.034666666666666665
7 0.622 0.31333333333333335 0.021 0.028
4 0.62125 0.2896666666666667 0.0065 0.016666666666666666
5 0.62075 0.29233333333333333 0.0125 0.012666666666666666
7 0.67325 0.37433333333333335 0.0435 0.03133333333333333
8 0.68025 0.3343333333333333 0.0665 0.04733333333333333
6 0.70725 0.29933333333333334 0.0455 0.032
6 0.59925 0.24066666666666667 0.0175 0.013333333333333334
6 0.633 0.22566666666666665 0.016 0.015333333333333332
6 0.79725 0.22866666666666666 0.0265 0.014666666666666666
6 0.03525 0.915 0.0655 0.08466666666666667
0 0.318 0.5423333333333333 0.075 0.058