7 0.008571428571428572 0.0399746192893401 0.017142857142857144 0.03680203045685279
11 0.033928571428571426 0.19098984771573604 0.05357142857142857 0.09771573604060914
11 0.04607142857142857 0.21129441624365483 0.04928571428571429 0.09771573604060914
11 0.04428571428571428 0.2633248730964467 0.037142857142857144 0.06725888324873096
6 0.13142857142857142 0.16116751269035534 0.018571428571428572 0.03807106598984772
7 0.1492857142857143 0.12690355329949238 0.018571428571428572 0.03553299492385787
7 0.16642857142857143 0.08819796954314721 0.017142857142857144 0.03426395939086294
11 0.12321428571428572 0.9771573604060914 0.03214285714285714 0.04314720812182741
6 0.15035714285714286 0.9346446700507615 0.020714285714285713 0.04187817258883249
6 0.21535714285714286 0.9746192893401016 0.020714285714285713 0.04060913705583756
7 0.17142857142857143 0.8870558375634517 0.02142857142857143 0.04060913705583756
7 0.19892857142857143 0.8864213197969543 0.019285714285714285 0.04187817258883249
7 0.41464285714285715 0.9733502538071066 0.019285714285714285 0.04060913705583756
6 0.4610714285714286 0.9879441624365483 0.017857142857142856 0.021573604060913704
7 0.9196428571428571 0.9416243654822335 0.012142857142857143 0.04314720812182741
6 0.9035714285714286 0.9302030456852792 0.011428571428571429 0.03299492385786802
7 0.9107142857142857 0.9784263959390863 0.012857142857142857 0.04060913705583756
6 0.655 0.7633248730964467 0.011428571428571429 0.03426395939086294
6 0.7175 0.8286802030456852 0.013571428571428571 0.04314720812182741
7 0.7060714285714286 0.7620558375634517 0.010714285714285714 0.03680203045685279
11 0.7046428571428571 0.7030456852791879 0.013571428571428571 0.06852791878172589
1 0.8739285714285714 0.6751269035532995 0.005 0.007614213197969543
1 0.9078571428571428 0.6567258883248731 0.005714285714285714 0.006345177664974619
1 0.8875 0.6808375634517766 0.0064285714285714285 0.008883248730964468
1 0.9035714285714286 0.6865482233502538 0.007142857142857143 0.005076142131979695
1 0.8978571428571429 0.7024111675126904 0.007142857142857143 0.006345177664974619
1 0.8914285714285715 0.7093908629441624 0.005714285714285714 0.005076142131979695
1 0.8860714285714286 0.7036802030456852 0.005 0.0038071065989847717
1 0.8807142857142857 0.7030456852791879 0.002857142857142857 0.005076142131979695
1 0.9914285714285714 0.5266497461928934 0.005714285714285714 0.007614213197969543
1 0.9610714285714286 0.5095177664974619 0.007857142857142858 0.006345177664974619
1 0.9689285714285715 0.5038071065989848 0.0064285714285714285 0.007614213197969543
1 0.9853571428571428 0.4949238578680203 0.005 0.005076142131979695
4 0.9278571428571428 0.5006345177664975 0.007142857142857143 0.006345177664974619
4 0.9303571428571429 0.4936548223350254 0.0035714285714285713 0.005076142131979695
0 0.9314285714285714 0.508248730964467 0.004285714285714286 0.006345177664974619
2 0.8292857142857143 0.467005076142132 0.015714285714285715 0.007614213197969543
2 0.8503571428571428 0.4619289340101523 0.013571428571428571 0.01015228426395939
0 0.8792857142857143 0.4403553299492386 0.002857142857142857 0.005076142131979695
6 0.6771428571428572 0.5323604060913706 0.011428571428571429 0.04187817258883249
6 0.7042857142857143 0.5653553299492385 0.01 0.03934010152284264
6 0.7028571428571428 0.631979695431472 0.01 0.04314720812182741
7 0.7064285714285714 0.5063451776649747 0.011428571428571429 0.04060913705583756
11 0.7135714285714285 0.41624365482233505 0.015714285714285715 0.06852791878172589
6 0.6892857142857143 0.3356598984771574 0.011428571428571429 0.04187817258883249
6 0.7389285714285714 0.007614213197969543 0.010714285714285714 0.015228426395939087
8 0.5896428571428571 0.15355329949238578 0.020714285714285713 0.06852791878172589
2 0.6092857142857143 0.13642131979695432 0.004285714285714286 0.01903553299492386
4 0.6096428571428572 0.13324873096446702 0.0035714285714285713 0.012690355329949238
6 0.54 0.09263959390862944 0.012857142857142857 0.03553299492385787
6 0.5089285714285714 0.07677664974619289 0.013571428571428571 0.02918781725888325
6 0.4925 0.15101522842639595 0.016428571428571428 0.03807106598984772
7 0.5064285714285715 0.2366751269035533 0.014285714285714285 0.03680203045685279
6 0.5635714285714286 0.37055837563451777 0.012857142857142857 0.04060913705583756
11 0.5778571428571428 0.4263959390862944 0.017142857142857144 0.06852791878172589
6 0.5139285714285714 0.5431472081218274 0.013571428571428571 0.04060913705583756
7 0.4664285714285714 0.8369289340101523 0.015714285714285715 0.03934010152284264
2 0.43464285714285716 0.8458121827411168 0.007857142857142858 0.01903553299492386
4 0.43357142857142855 0.8477157360406091 0.004285714285714286 0.007614213197969543
7 0.43107142857142855 0.6338832487309645 0.017857142857142856 0.044416243654822336
6 0.3989285714285714 0.6586294416243654 0.017857142857142856 0.04314720812182741
7 0.3489285714285714 0.7322335025380711 0.017857142857142856 0.03807106598984772
7 0.35714285714285715 0.7760152284263959 0.02 0.04187817258883249
7 0.3057142857142857 0.6491116751269036 0.02 0.03934010152284264
7 0.43714285714285717 0.5228426395939086 0.014285714285714285 0.03807106598984772
7 0.3132142857142857 0.5114213197969543 0.020714285714285713 0.03807106598984772
7 0.3221428571428571 0.5501269035532995 0.018571428571428572 0.03680203045685279
7 0.4739285714285714 0.37182741116751267 0.015 0.03807106598984772
7 0.4614285714285714 0.3597715736040609 0.014285714285714285 0.03426395939086294
7 0.4446428571428571 0.22715736040609136 0.016428571428571428 0.030456852791878174
7 0.36714285714285716 0.3001269035532995 0.02142857142857143 0.03426395939086294
6 0.38821428571428573 0.35406091370558374 0.019285714285714285 0.03553299492385787
8 0.3192857142857143 0.29124365482233505 0.022857142857142857 0.04187817258883249
1 0.3246428571428571 0.25253807106598986 0.005 0.007614213197969543
6 0.3325 0.31916243654822335 0.019285714285714285 0.031725888324873094
3 0.3485714285714286 0.3362944162436548 0.014285714285714285 0.025380710659898477
6 0.3475 0.13642131979695432 0.016428571428571428 0.03680203045685279
6 0.3792857142857143 0.1148477157360406 0.017142857142857144 0.03680203045685279
7 0.3889285714285714 0.13451776649746192 0.017857142857142856 0.04060913705583756
7 0.3975 0.15038071065989847 0.019285714285714285 0.03680203045685279
3 0.43107142857142855 0.0901015228426396 0.015 0.030456852791878174
8 0.4164285714285714 0.025380710659898477 0.03571428571428571 0.050761421319796954
7 0.4417857142857143 0.06535532994923858 0.010714285714285714 0.03934010152284264
7 0.45285714285714285 0.04631979695431472 0.011428571428571429 0.04187817258883249
7 0.46214285714285713 0.02030456852791878 0.01 0.04060913705583756
6 0.4717857142857143 0.007614213197969543 0.0064285714285714285 0.015228426395939087
2 0.7917857142857143 0.47715736040609136 0.007857142857142858 0.01015228426395939