2 0.38785714285714284 0.909047619047619 0.037142857142857144 0.018095238095238095
6 0.4725 0.9071428571428571 0.03785714285714286 0.11714285714285715
5 0.5217857142857143 0.8966666666666666 0.015 0.04857142857142857
4 0.5217857142857143 0.89 0.012142857142857143 0.02761904761904762
1 0.47 0.7914285714285715 0.007142857142857143 0.013333333333333334
1 0.4767857142857143 0.8 0.007857142857142858 0.022857142857142857
6 0.43 0.8228571428571428 0.037142857142857144 0.11238095238095239
6 0.3607142857142857 0.699047619047619 0.06857142857142857 0.049523809523809526
6 0.3707142857142857 0.5942857142857143 0.07 0.04380952380952381
2 0.41035714285714286 0.5647619047619048 0.023571428571428573 0.02095238095238095
1 0.3960714285714286 0.5514285714285714 0.009285714285714286 0.02095238095238095
1 0.4275 0.5642857142857143 0.009285714285714286 0.018095238095238095
1 0.4425 0.5923809523809523 0.010714285714285714 0.015238095238095238
6 0.4125 0.5114285714285715 0.027857142857142858 0.0761904761904762
2 0.5275 0.5033333333333333 0.010714285714285714 0.035238095238095235
9 0.4607142857142857 0.4561904761904762 0.025714285714285714 0.05142857142857143
6 0.4089285714285714 0.43666666666666665 0.02642857142857143 0.06380952380952382
6 0.4125 0.35095238095238096 0.035 0.06761904761904762
6 0.40464285714285714 0.28714285714285714 0.025 0.06380952380952382
6 0.43714285714285717 0.2680952380952381 0.025714285714285714 0.06571428571428571
2 0.4 0.2195238095238095 0.02 0.021904761904761906
2 0.37607142857142856 0.29714285714285715 0.015 0.03619047619047619
7 0.4 0.14238095238095239 0.022857142857142857 0.06190476190476191
8 0.3975 0.0919047619047619 0.019285714285714285 0.040952380952380955
1 0.41285714285714287 0.11142857142857143 0.005714285714285714 0.022857142857142857
2 0.7135714285714285 0.7590476190476191 0.017142857142857144 0.0419047619047619
4 0.7132142857142857 0.7552380952380953 0.015 0.02857142857142857
2 0.725 0.9261904761904762 0.025714285714285714 0.05619047619047619
4 0.725 0.9228571428571428 0.018571428571428572 0.03238095238095238
6 0.8403571428571428 0.9447619047619048 0.060714285714285714 0.11047619047619048
5 0.8639285714285714 0.9114285714285715 0.03357142857142857 0.02857142857142857
2 0.815 0.8614285714285714 0.025714285714285714 0.025714285714285714
2 0.8132142857142857 0.8171428571428572 0.016428571428571428 0.04
8 0.7757142857142857 0.7961904761904762 0.06285714285714286 0.1219047619047619
8 0.7675 0.659047619047619 0.05357142857142857 0.10285714285714286
6 0.7335714285714285 0.5433333333333333 0.047142857142857146 0.08476190476190476
6 0.6689285714285714 0.47095238095238096 0.035 0.07714285714285714
6 0.7125 0.44904761904761903 0.04357142857142857 0.07714285714285714
6 0.6671428571428571 0.3661904761904762 0.03857142857142857 0.06952380952380953
6 0.6835714285714286 0.3161904761904762 0.03571428571428571 0.06476190476190476
2 0.6671428571428571 0.27904761904761904 0.02 0.022857142857142857
2 0.6678571428571428 0.25523809523809526 0.02142857142857143 0.02095238095238095
2 0.6217857142857143 0.2780952380952381 0.013571428571428571 0.024761904761904763
4 0.6221428571428571 0.2723809523809524 0.007142857142857143 0.015238095238095238
2 0.6060714285714286 0.3161904761904762 0.012142857142857143 0.03619047619047619
4 0.6067857142857143 0.3119047619047619 0.010714285714285714 0.018095238095238095
6 0.625 0.2338095238095238 0.032857142857142856 0.058095238095238096
2 0.5685714285714286 0.20095238095238097 0.011428571428571429 0.02857142857142857
4 0.5689285714285715 0.19285714285714287 0.009285714285714286 0.018095238095238095
6 0.5710714285714286 0.06380952380952382 0.03357142857142857 0.0419047619047619
6 0.6085714285714285 0.03666666666666667 0.022857142857142857 0.039047619047619046
6 0.5821428571428572 0.011428571428571429 0.02142857142857143 0.022857142857142857
5 0.4782142857142857 0.07523809523809524 0.009285714285714286 0.024761904761904763
4 0.47785714285714287 0.06904761904761905 0.008571428571428572 0.014285714285714285
1 0.43642857142857144 0.015238095238095238 0.007142857142857143 0.024761904761904763