6 0.18071428571428572 0.32142857142857145 0.09 0.13047619047619047
6 0.11821428571428572 0.43523809523809526 0.08928571428571429 0.10857142857142857
6 0.24857142857142858 0.5576190476190476 0.09 0.11714285714285715
6 0.17285714285714285 0.6585714285714286 0.08857142857142856 0.11904761904761904
6 0.13857142857142857 0.7080952380952381 0.09285714285714286 0.11904761904761904
6 0.10214285714285715 0.7557142857142857 0.08857142857142856 0.12095238095238095
6 0.065 0.8066666666666666 0.09 0.13142857142857142
6 0.27964285714285714 0.5023809523809524 0.08642857142857142 0.11142857142857143
6 0.31857142857142856 0.4595238095238095 0.09428571428571429 0.10952380952380952
6 0.31785714285714284 0.3238095238095238 0.07857142857142857 0.11238095238095239
6 0.2835714285714286 0.27476190476190476 0.08 0.10952380952380952
6 0.24607142857142858 0.2357142857142857 0.085 0.12095238095238095
6 0.21142857142857144 0.1895238095238095 0.07857142857142857 0.11428571428571428
6 0.6503571428571429 0.23761904761904762 0.060714285714285714 0.13047619047619047
6 0.5957142857142858 0.8523809523809524 0.08 0.12761904761904763
6 0.8039285714285714 0.5428571428571428 0.07928571428571428 0.12380952380952381
6 0.9235714285714286 0.20952380952380953 0.08428571428571428 0.12571428571428572
6 0.7953571428571429 0.14 0.07357142857142857 0.11619047619047619
7 0.3871428571428571 0.5538095238095239 0.08571428571428572 0.08095238095238096
11 0.8807142857142857 0.14714285714285713 0.20142857142857143 0.29428571428571426
11 0.9246428571428571 0.47523809523809524 0.15071428571428572 0.2761904761904762
7 0.35964285714285715 0.02761904761904762 0.075 0.05523809523809524
7 0.15035714285714286 0.10333333333333333 0.06928571428571428 0.10761904761904761
7 0.11142857142857143 0.06095238095238095 0.08 0.11428571428571428
7 0.07571428571428572 0.041428571428571426 0.08285714285714285 0.08285714285714285
7 0.03214285714285714 0.3057142857142857 0.06428571428571428 0.09714285714285714
6 0.18107142857142858 0.1519047619047619 0.085 0.11142857142857143
6 0.05821428571428571 0.3504761904761905 0.09785714285714285 0.11619047619047619
6 0.08464285714285714 0.3952380952380952 0.08928571428571429 0.11238095238095239
6 0.03571428571428571 0.8647619047619047 0.07142857142857142 0.12
6 0.0175 0.9419047619047619 0.035 0.08571428571428572
6 0.02142857142857143 0.26 0.04285714285714286 0.07047619047619047
6 0.027142857142857142 0.0380952380952381 0.054285714285714284 0.07238095238095238
4 0.5289285714285714 0.034761904761904765 0.017857142857142856 0.03142857142857143
0 0.5496428571428571 0.4266666666666667 0.016428571428571428 0.0419047619047619
5 0.012857142857142857 0.6066666666666667 0.025714285714285714 0.011428571428571429
1 0.61 0.03238095238095238 0.012857142857142857 0.03238095238095238
1 0.565 0.17333333333333334 0.014285714285714285 0.030476190476190476
1 0.5360714285714285 0.15476190476190477 0.013571428571428571 0.03333333333333333
1 0.53 0.2814285714285714 0.017142857142857144 0.025714285714285714
1 0.48428571428571426 0.48238095238095235 0.015714285714285715 0.018095238095238095
1 0.5828571428571429 0.4195238095238095 0.015714285714285715 0.04476190476190476
1 0.485 0.25523809523809526 0.017142857142857144 0.022857142857142857
1 0.48892857142857143 0.17952380952380953 0.012142857142857143 0.02761904761904762
1 0.435 0.2833333333333333 0.012857142857142857 0.02
1 0.07464285714285715 0.5919047619047619 0.03357142857142857 0.02
1 0.12357142857142857 0.6038095238095238 0.02857142857142857 0.013333333333333334
1 0.255 0.7171428571428572 0.024285714285714285 0.017142857142857144
1 0.30892857142857144 0.6061904761904762 0.017857142857142856 0.01619047619047619
1 0.21428571428571427 0.809047619047619 0.024285714285714285 0.02761904761904762
4 0.395 0.3076190476190476 0.015714285714285715 0.02857142857142857
4 0.405 0.3 0.014285714285714285 0.02857142857142857
1 0.41535714285714287 0.29333333333333333 0.009285714285714286 0.02666666666666667
1 0.46035714285714285 0.3742857142857143 0.012142857142857143 0.022857142857142857
0 0.4835714285714286 0.6271428571428571 0.022857142857142857 0.035238095238095235
4 0.43607142857142855 0.6019047619047619 0.013571428571428571 0.017142857142857144
9 0.45357142857142857 0.5704761904761905 0.047142857142857146 0.06666666666666667
4 0.4257142857142857 0.4757142857142857 0.012857142857142857 0.02
1 0.49785714285714283 0.4238095238095238 0.014285714285714285 0.024761904761904763
1 0.49142857142857144 0.4066666666666667 0.012857142857142857 0.01904761904761905
1 0.4725 0.4080952380952381 0.015 0.01619047619047619
9 0.4828571428571429 0.42952380952380953 0.02142857142857143 0.06857142857142857
9 0.39035714285714285 0.2795238095238095 0.04928571428571429 0.05238095238095238
1 0.35892857142857143 0.4261904761904762 0.016428571428571428 0.018095238095238095
9 0.3525 0.7033333333333334 0.03214285714285714 0.07142857142857142
0 0.2885714285714286 0.9447619047619048 0.03857142857142857 0.05333333333333334
3 0.014642857142857143 0.58 0.029285714285714286 0.02857142857142857
0 0.7967857142857143 0.7757142857142857 0.027857142857142858 0.05238095238095238
0 0.8682142857142857 0.7128571428571429 0.029285714285714286 0.04666666666666667
8 0.8846428571428572 0.8733333333333333 0.12642857142857142 0.1676190476190476
1 0.9682142857142857 0.6038095238095238 0.030714285714285715 0.013333333333333334
9 0.9385714285714286 0.7052380952380952 0.047142857142857146 0.05619047619047619
1 0.9067857142857143 0.7842857142857143 0.02642857142857143 0.02761904761904762
1 0.9139285714285714 0.7714285714285715 0.02214285714285714 0.017142857142857144
2 0.9889285714285714 0.7714285714285715 0.02214285714285714 0.05333333333333334
1 0.9582142857142857 0.6995238095238095 0.02642857142857143 0.012380952380952381