2 0.11357142857142857 0.8347619047619048 0.04 0.0980952380952381
2 0.1632142857142857 0.6961904761904761 0.03214285714285714 0.07809523809523809
6 0.08285714285714285 0.9504761904761905 0.12285714285714286 0.09714285714285714
6 0.36392857142857143 0.8242857142857143 0.08642857142857142 0.19523809523809524
2 0.5167857142857143 0.6552380952380953 0.02214285714285714 0.06857142857142857
4 0.5164285714285715 0.6428571428571429 0.02142857142857143 0.045714285714285714
7 0.6578571428571428 0.7114285714285714 0.06714285714285714 0.19428571428571428
6 0.8475 0.7157142857142857 0.08357142857142857 0.18761904761904763
2 0.8928571428571429 0.9133333333333333 0.07571428571428572 0.07238095238095238
2 0.15535714285714286 0.49333333333333335 0.035 0.047619047619047616
7 0.2517857142857143 0.5057142857142857 0.08357142857142857 0.11238095238095239
7 0.4567857142857143 0.5847619047619048 0.06357142857142857 0.15047619047619049
6 0.3892857142857143 0.6257142857142857 0.07285714285714286 0.15619047619047619
1 0.8564285714285714 0.38857142857142857 0.024285714285714285 0.045714285714285714
1 0.875 0.39095238095238094 0.024285714285714285 0.04857142857142857
6 0.7732142857142857 0.44047619047619047 0.056428571428571425 0.13238095238095238
6 0.4232142857142857 0.4638095238095238 0.056428571428571425 0.12380952380952381
6 0.44821428571428573 0.3319047619047619 0.04928571428571429 0.0980952380952381
7 0.3 0.37 0.06142857142857143 0.11714285714285715
2 0.32571428571428573 0.2957142857142857 0.04 0.039047619047619046
1 0.24142857142857144 0.3361904761904762 0.017142857142857144 0.047619047619047616
4 0.23964285714285713 0.32666666666666666 0.010714285714285714 0.024761904761904763
1 0.18392857142857144 0.3514285714285714 0.020714285714285713 0.04380952380952381
1 0.19142857142857142 0.3080952380952381 0.02 0.04666666666666667
1 0.17392857142857143 0.3047619047619048 0.020714285714285713 0.045714285714285714
4 0.21107142857142858 0.3680952380952381 0.013571428571428571 0.04285714285714286
1 0.2542857142857143 0.24952380952380954 0.015714285714285715 0.04380952380952381
1 0.3157142857142857 0.21047619047619048 0.015714285714285715 0.0419047619047619
1 0.2375 0.23523809523809525 0.020714285714285713 0.0419047619047619
2 0.3092857142857143 0.15047619047619049 0.015714285714285715 0.0380952380952381
5 0.32107142857142856 0.11714285714285715 0.015 0.03428571428571429
1 0.37285714285714283 0.08952380952380952 0.011428571428571429 0.0380952380952381
1 0.3525 0.09666666666666666 0.010714285714285714 0.039047619047619046
1 0.3375 0.10904761904761905 0.007857142857142858 0.018095238095238095
1 0.33285714285714285 0.08952380952380952 0.008571428571428572 0.03428571428571429
2 0.365 0.23047619047619047 0.03 0.03238095238095238
6 0.4675 0.24142857142857144 0.039285714285714285 0.07904761904761905
6 0.37214285714285716 0.19380952380952382 0.05857142857142857 0.05238095238095238
7 0.38392857142857145 0.15428571428571428 0.05071428571428571 0.05714285714285714
6 0.4117857142857143 0.07428571428571429 0.056428571428571425 0.049523809523809526
6 0.42464285714285716 0.047619047619047616 0.055 0.047619047619047616
1 0.4982142857142857 0.20666666666666667 0.009285714285714286 0.0419047619047619
5 0.48464285714285715 0.19952380952380952 0.027857142857142858 0.021904761904761906
6 0.4967857142857143 0.11571428571428571 0.035 0.06190476190476191
6 0.5064285714285715 0.06857142857142857 0.027142857142857142 0.04380952380952381
6 0.5128571428571429 0.02857142857142857 0.025714285714285714 0.05142857142857143
6 0.6675 0.1295238095238095 0.03357142857142857 0.05142857142857143
6 0.6596428571428572 0.07952380952380952 0.030714285714285715 0.05047619047619047
6 0.6775 0.03380952380952381 0.06357142857142857 0.04476190476190476
1 0.7360714285714286 0.07238095238095238 0.013571428571428571 0.04
4 0.7685714285714286 0.09571428571428571 0.014285714285714285 0.029523809523809525
5 0.7689285714285714 0.10428571428571429 0.015 0.03142857142857143
2 0.8014285714285714 0.035238095238095235 0.02 0.022857142857142857
2 0.8278571428571428 0.03666666666666667 0.022857142857142857 0.021904761904761906
6 0.7707142857142857 0.30095238095238097 0.03857142857142857 0.10095238095238095
6 0.7517857142857143 0.2119047619047619 0.04071428571428572 0.07714285714285714
1 0.9253571428571429 0.28095238095238095 0.025 0.03428571428571429
2 0.8582142857142857 0.11952380952380952 0.03214285714285714 0.03333333333333333
2 0.22107142857142856 0.32666666666666666 0.02642857142857143 0.0419047619047619
2 0.9817857142857143 0.4695238095238095 0.03642857142857143 0.05714285714285714
2 0.9853571428571428 0.5042857142857143 0.029285714285714286 0.029523809523809525