6 0.5464285714285714 0.76 0.02 0.05523809523809524
6 0.5417857142857143 0.9347619047619048 0.027857142857142858 0.09047619047619047
6 0.5103571428571428 0.59 0.016428571428571428 0.04857142857142857
6 0.5428571428571428 0.47333333333333333 0.015714285714285715 0.02857142857142857
6 0.4232142857142857 0.9557142857142857 0.035 0.08857142857142856
6 0.43142857142857144 0.871904761904762 0.03142857142857143 0.07714285714285714
6 0.44357142857142856 0.7933333333333333 0.03142857142857143 0.07428571428571429
6 0.45 0.7219047619047619 0.024285714285714285 0.06285714285714286
6 0.45714285714285713 0.6642857142857143 0.02142857142857143 0.05238095238095238
6 0.4639285714285714 0.6142857142857143 0.020714285714285713 0.045714285714285714
6 0.47 0.5719047619047619 0.018571428571428572 0.039047619047619046
6 0.4742857142857143 0.5414285714285715 0.018571428571428572 0.037142857142857144
6 0.5782142857142857 0.5176190476190476 0.013571428571428571 0.03333333333333333
6 0.4860714285714286 0.4542857142857143 0.013571428571428571 0.02857142857142857
6 0.575 0.4623809523809524 0.014285714285714285 0.025714285714285714
6 0.49 0.4180952380952381 0.014285714285714285 0.02857142857142857
6 0.49357142857142855 0.3919047619047619 0.012857142857142857 0.021904761904761906
6 0.4957142857142857 0.36238095238095236 0.011428571428571429 0.02
6 0.5 0.3419047619047619 0.01 0.01904761904761905
6 0.5014285714285714 0.3252380952380952 0.01 0.01619047619047619
6 0.5057142857142857 0.30142857142857143 0.01 0.018095238095238095
6 0.5060714285714286 0.29095238095238096 0.007857142857142858 0.012380952380952381
6 0.5064285714285715 0.2795238095238095 0.008571428571428572 0.012380952380952381
6 0.5085714285714286 0.26857142857142857 0.008571428571428572 0.013333333333333334
6 0.5096428571428572 0.25761904761904764 0.0064285714285714285 0.008571428571428572
6 0.5110714285714286 0.24571428571428572 0.007857142857142858 0.011428571428571429
6 0.5121428571428571 0.23523809523809525 0.007142857142857143 0.009523809523809525
6 0.5157142857142857 0.21523809523809523 0.007142857142857143 0.009523809523809525
1 0.38821428571428573 0.5171428571428571 0.0035714285714285713 0.015238095238095238
1 0.4717857142857143 0.8809523809523809 0.010714285714285714 0.0380952380952381
1 0.47964285714285715 0.6838095238095238 0.009285714285714286 0.03428571428571429
1 0.4625 0.5061904761904762 0.0035714285714285713 0.01619047619047619
1 0.44607142857142856 0.46190476190476193 0.005 0.015238095238095238
6 0.4832142857142857 0.47523809523809524 0.015 0.03238095238095238
1 0.45071428571428573 0.39285714285714285 0.004285714285714286 0.014285714285714285
1 0.4417857142857143 0.3904761904761905 0.0035714285714285713 0.013333333333333334
1 0.43464285714285716 0.38761904761904764 0.0035714285714285713 0.011428571428571429
1 0.455 0.3019047619047619 0.002857142857142857 0.009523809523809525
1 0.4785714285714286 0.2623809523809524 0.002857142857142857 0.008571428571428572
6 0.48214285714285715 0.30095238095238097 0.011428571428571429 0.02095238095238095
1 0.48928571428571427 0.24142857142857144 0.0014285714285714286 0.010476190476190476
8 0.48714285714285716 0.19476190476190477 0.004285714285714286 0.008571428571428572
1 0.4925 0.12761904761904763 0.002142857142857143 0.005714285714285714
6 0.5421428571428571 0.0419047619047619 0.005714285714285714 0.007619047619047619
0 0.5453571428571429 0.017142857142857144 0.015 0.03238095238095238
0 0.5282142857142857 0.016666666666666666 0.013571428571428571 0.029523809523809525
0 0.5246428571428572 0.056666666666666664 0.023571428571428573 0.05238095238095238
0 0.5539285714285714 0.06619047619047619 0.005 0.058095238095238096
6 0.5485714285714286 0.08333333333333333 0.002857142857142857 0.004761904761904762
6 0.5407142857142857 0.07714285714285714 0.004285714285714286 0.0038095238095238095
6 0.5403571428571429 0.08190476190476191 0.005 0.0038095238095238095
6 0.5403571428571429 0.08619047619047619 0.005 0.002857142857142857
6 0.54 0.09 0.004285714285714286 0.004761904761904762
6 0.5460714285714285 0.08952380952380952 0.0035714285714285713 0.0038095238095238095
6 0.5464285714285714 0.09476190476190476 0.004285714285714286 0.004761904761904762
6 0.5346428571428572 0.10095238095238095 0.005 0.005714285714285714
6 0.55 0.1261904761904762 0.004285714285714286 0.004761904761904762
6 0.5446428571428571 0.1295238095238095 0.005 0.005714285714285714
6 0.5478571428571428 0.12047619047619047 0.004285714285714286 0.004761904761904762
6 0.5471428571428572 0.11523809523809524 0.004285714285714286 0.005714285714285714
6 0.5475 0.11190476190476191 0.005 0.004761904761904762
6 0.5475 0.10761904761904761 0.005 0.0038095238095238095
6 0.5467857142857143 0.1019047619047619 0.0035714285714285713 0.0038095238095238095
6 0.5178571428571429 0.13238095238095238 0.01 0.007619047619047619
6 0.5321428571428571 0.13523809523809524 0.008571428571428572 0.005714285714285714
1 0.5457142857142857 0.1461904761904762 0.002857142857142857 0.004761904761904762
6 0.5303571428571429 0.11666666666666667 0.005 0.006666666666666667
6 0.5342857142857143 0.10714285714285714 0.004285714285714286 0.004761904761904762
6 0.5042857142857143 0.14333333333333334 0.008571428571428572 0.004761904761904762
6 0.5042857142857143 0.14761904761904762 0.008571428571428572 0.005714285714285714
6 0.5035714285714286 0.1523809523809524 0.007142857142857143 0.005714285714285714
6 0.5035714285714286 0.15666666666666668 0.007142857142857143 0.004761904761904762
6 0.5075 0.16047619047619047 0.0064285714285714285 0.004761904761904762
6 0.5078571428571429 0.16714285714285715 0.008571428571428572 0.006666666666666667
6 0.5196428571428572 0.1523809523809524 0.005 0.0038095238095238095
6 0.5196428571428572 0.1580952380952381 0.005 0.0038095238095238095
6 0.52 0.16142857142857142 0.005714285714285714 0.004761904761904762
6 0.5207142857142857 0.16666666666666666 0.007142857142857143 0.005714285714285714
6 0.5196428571428572 0.1742857142857143 0.005 0.007619047619047619
6 0.5192857142857142 0.1819047619047619 0.005714285714285714 0.007619047619047619
6 0.5189285714285714 0.18761904761904763 0.0064285714285714285 0.005714285714285714
6 0.5182142857142857 0.19285714285714287 0.0064285714285714285 0.006666666666666667
6 0.5175 0.19857142857142857 0.005 0.006666666666666667
6 0.5171428571428571 0.2057142857142857 0.005714285714285714 0.009523809523809525
6 0.49785714285714283 0.2019047619047619 0.007142857142857143 0.009523809523809525
1 0.49214285714285716 0.1738095238095238 0.0014285714285714286 0.004761904761904762
6 0.515 0.22333333333333333 0.008571428571428572 0.008571428571428572
6 0.5357142857142857 0.24571428571428572 0.01 0.013333333333333334
6 0.5335714285714286 0.2752380952380952 0.01 0.015238095238095238
6 0.5078571428571429 0.1838095238095238 0.007142857142857143 0.009523809523809525
10 0.4725 0.2338095238095238 0.007857142857142858 0.008571428571428572
6 0.5178571428571429 0.4785714285714286 0.017142857142857144 0.040952380952380955
2 0.5528571428571428 0.3514285714285714 0.004285714285714286 0.011428571428571429
6 0.5467857142857143 0.30238095238095236 0.009285714285714286 0.014285714285714285
2 0.5571428571428572 0.28523809523809524 0.002857142857142857 0.012380952380952381
0 0.5639285714285714 0.03142857142857143 0.015 0.047619047619047616
6 0.5664285714285714 0.05904761904761905 0.007142857142857143 0.0038095238095238095
6 0.5728571428571428 0.06571428571428571 0.002857142857142857 0.0038095238095238095
6 0.5778571428571428 0.06523809523809523 0.002857142857142857 0.002857142857142857
6 0.5825 0.06952380952380953 0.002142857142857143 0.0038095238095238095
6 0.5817857142857142 0.05619047619047619 0.0035714285714285713 0.0038095238095238095
6 0.5821428571428572 0.06095238095238095 0.004285714285714286 0.0038095238095238095
6 0.5653571428571429 0.06714285714285714 0.007857142857142858 0.002857142857142857
0 0.5992857142857143 0.09238095238095238 0.018571428571428572 0.02095238095238095
6 0.5814285714285714 0.08571428571428572 0.004285714285714286 0.0038095238095238095
6 0.5807142857142857 0.1280952380952381 0.008571428571428572 0.004761904761904762
6 0.59 0.13238095238095238 0.01 0.007619047619047619
6 0.58 0.12476190476190477 0.008571428571428572 0.005714285714285714
6 0.5903571428571428 0.12666666666666668 0.007857142857142858 0.0038095238095238095
6 0.6007142857142858 0.13380952380952382 0.01 0.006666666666666667
1 0.5928571428571429 0.16333333333333333 0.002857142857142857 0.006666666666666667
1 0.5878571428571429 0.19428571428571428 0.0014285714285714286 0.007619047619047619
1 0.605 0.19666666666666666 0.002857142857142857 0.006666666666666667
1 0.6039285714285715 0.18095238095238095 0.002142857142857143 0.007619047619047619
1 0.6 0.22142857142857142 0.002857142857142857 0.006666666666666667
1 0.5960714285714286 0.2357142857142857 0.002142857142857143 0.006666666666666667
1 0.5928571428571429 0.2361904761904762 0.002857142857142857 0.007619047619047619
1 0.6003571428571428 0.24095238095238095 0.002142857142857143 0.005714285714285714
1 0.6028571428571429 0.2819047619047619 0.002857142857142857 0.007619047619047619
2 0.6028571428571429 0.30428571428571427 0.004285714285714286 0.010476190476190476
2 0.6042857142857143 0.32142857142857145 0.002857142857142857 0.008571428571428572
1 0.6085714285714285 0.27714285714285714 0.002857142857142857 0.011428571428571429
6 0.5764285714285714 0.04380952380952381 0.007142857142857143 0.005714285714285714
6 0.5771428571428572 0.18476190476190477 0.005714285714285714 0.009523809523809525
6 0.5796428571428571 0.2019047619047619 0.009285714285714286 0.007619047619047619
6 0.5589285714285714 0.17666666666666667 0.007857142857142858 0.008571428571428572
6 0.5592857142857143 0.18428571428571427 0.007142857142857143 0.008571428571428572
6 0.5596428571428571 0.19285714285714287 0.007857142857142858 0.006666666666666667
6 0.5607142857142857 0.20904761904761904 0.007142857142857143 0.008571428571428572
6 0.5607142857142857 0.21666666666666667 0.007142857142857143 0.006666666666666667
6 0.5614285714285714 0.22333333333333333 0.007142857142857143 0.008571428571428572
6 0.5614285714285714 0.2319047619047619 0.007142857142857143 0.008571428571428572
6 0.5617857142857143 0.24 0.007857142857142858 0.009523809523809525
6 0.5625 0.24904761904761905 0.007857142857142858 0.008571428571428572
6 0.5646428571428571 0.2680952380952381 0.009285714285714286 0.012380952380952381
6 0.565 0.27904761904761904 0.01 0.011428571428571429
6 0.5660714285714286 0.3038095238095238 0.009285714285714286 0.009523809523809525
6 0.5664285714285714 0.3161904761904762 0.01 0.017142857142857144
10 0.6046428571428571 0.2038095238095238 0.0064285714285714285 0.005714285714285714
2 0.6107142857142858 0.23666666666666666 0.004285714285714286 0.010476190476190476
6 0.5892857142857143 0.2638095238095238 0.007142857142857143 0.011428571428571429
6 0.5892857142857143 0.30666666666666664 0.008571428571428572 0.011428571428571429
6 0.5892857142857143 0.2914285714285714 0.007142857142857143 0.011428571428571429
6 0.5707142857142857 0.3585714285714286 0.012857142857142857 0.021904761904761906
6 0.585 0.3585714285714286 0.01 0.02
8 0.6014285714285714 0.35095238095238096 0.012857142857142857 0.023809523809523808
6 0.6032142857142857 0.37047619047619046 0.020714285714285713 0.013333333333333334
6 0.6067857142857143 0.39095238095238094 0.030714285714285715 0.018095238095238095
6 0.5714285714285714 0.41523809523809524 0.015714285714285715 0.022857142857142857
6 0.5732142857142857 0.43857142857142856 0.016428571428571428 0.021904761904761906
6 0.5792857142857143 0.549047619047619 0.014285714285714285 0.029523809523809525
6 0.6032142857142857 0.5685714285714286 0.02214285714285714 0.07238095238095238
6 0.5910714285714286 0.6738095238095239 0.027857142857142858 0.05619047619047619
6 0.5917857142857142 0.7309523809523809 0.027857142857142858 0.08476190476190476
6 0.5978571428571429 0.8180952380952381 0.03 0.07809523809523809
6 0.6 0.9119047619047619 0.03142857142857143 0.10571428571428572
2 0.6560714285714285 0.690952380952381 0.007857142857142858 0.021904761904761906
6 0.6321428571428571 0.35714285714285715 0.012857142857142857 0.02095238095238095
6 0.6178571428571429 0.3557142857142857 0.014285714285714285 0.023809523809523808
6 0.62 0.3314285714285714 0.025714285714285714 0.015238095238095238
6 0.6725 0.3757142857142857 0.035 0.021904761904761906
1 0.6342857142857142 0.3076190476190476 0.0014285714285714286 0.007619047619047619
10 0.675 0.3314285714285714 0.015714285714285715 0.013333333333333334
1 0.6339285714285714 0.31761904761904763 0.002142857142857143 0.008571428571428572
1 0.6203571428571428 0.26571428571428574 0.002142857142857143 0.0038095238095238095
2 0.6192857142857143 0.2819047619047619 0.011428571428571429 0.011428571428571429
2 0.6171428571428571 0.24 0.008571428571428572 0.007619047619047619
6 0.6385714285714286 0.09285714285714286 0.005714285714285714 0.006666666666666667
6 0.6325 0.09142857142857143 0.0035714285714285713 0.007619047619047619
6 0.7278571428571429 0.11571428571428571 0.004285714285714286 0.006666666666666667
6 0.6957142857142857 0.3380952380952381 0.01 0.009523809523809525
4 0.5575 0.2819047619047619 0.002142857142857143 0.005714285714285714
4 0.5528571428571428 0.3495238095238095 0.002857142857142857 0.005714285714285714
4 0.6028571428571429 0.30238095238095236 0.004285714285714286 0.004761904761904762
4 0.605 0.31952380952380954 0.004285714285714286 0.004761904761904762
4 0.6110714285714286 0.23476190476190475 0.0035714285714285713 0.006666666666666667
4 0.6567857142857143 0.6880952380952381 0.0064285714285714285 0.012380952380952381