1 0.08035714285714286 0.9704761904761905 0.007857142857142858 0.024761904761904763
6 0.6803571428571429 0.7814285714285715 0.025 0.018095238095238095
6 0.7003571428571429 0.7766666666666666 0.023571428571428573 0.021904761904761906
6 0.5228571428571429 0.6423809523809524 0.011428571428571429 0.012380952380952381
6 0.48892857142857143 0.5757142857142857 0.005 0.006666666666666667
6 0.4975 0.5866666666666667 0.009285714285714286 0.005714285714285714
6 0.5025 0.5838095238095238 0.009285714285714286 0.005714285714285714
0 0.5039285714285714 0.5747619047619048 0.010714285714285714 0.01619047619047619
6 0.5139285714285714 0.5714285714285714 0.007857142857142858 0.005714285714285714
6 0.5210714285714285 0.5676190476190476 0.007857142857142858 0.005714285714285714
6 0.5475 0.5652380952380952 0.007857142857142858 0.004761904761904762
6 0.4589285714285714 0.5885714285714285 0.009285714285714286 0.007619047619047619
6 0.47 0.5861904761904762 0.01 0.006666666666666667
11 0.47035714285714286 0.5819047619047619 0.013571428571428571 0.009523809523809525
0 0.4567857142857143 0.5633333333333334 0.07071428571428572 0.02
1 0.4375 0.5719047619047619 0.0035714285714285713 0.006666666666666667
6 0.04607142857142857 0.6080952380952381 0.015 0.010476190476190476
6 0.006071428571428571 0.5985714285714285 0.010714285714285714 0.006666666666666667
6 0.0125 0.5971428571428572 0.009285714285714286 0.007619047619047619
6 0.019642857142857142 0.5961904761904762 0.009285714285714286 0.009523809523809525
6 0.025357142857142856 0.5942857142857143 0.009285714285714286 0.007619047619047619
6 0.03 0.5933333333333334 0.01 0.007619047619047619
6 0.03571428571428571 0.5928571428571429 0.008571428571428572 0.006666666666666667
6 0.039285714285714285 0.590952380952381 0.008571428571428572 0.006666666666666667
6 0.04357142857142857 0.5895238095238096 0.008571428571428572 0.007619047619047619
6 0.048214285714285716 0.5895238095238096 0.009285714285714286 0.007619047619047619
0 0.1 0.5852380952380952 0.09 0.025714285714285714
6 0.9353571428571429 0.9823809523809524 0.04071428571428572 0.03333333333333333