0 0.14525 0.3873333333333333 0.0555 0.02266666666666667
0 0.181 0.409 0.004 0.006
6 0.11975 0.4083333333333333 0.0075 0.01
6 0.1385 0.4186666666666667 0.007 0.008
6 0.1385 0.43133333333333335 0.009 0.008
6 0.187 0.43366666666666664 0.018 0.008666666666666666
6 0.0775 0.495 0.017 0.016666666666666666
8 0.21975 0.4216666666666667 0.0115 0.012666666666666666
6 0.23675 0.44 0.0125 0.009333333333333334
1 0.3155 0.505 0.004 0.016666666666666666
1 0.31925 0.503 0.0025 0.014
1 0.323 0.5046666666666667 0.004 0.017333333333333333
4 0.36625 0.6096666666666667 0.0085 0.022
4 0.375 0.593 0.008 0.019333333333333334
2 0.3665 0.615 0.01 0.019333333333333334
2 0.376 0.598 0.009 0.017333333333333333
2 0.41475 0.685 0.0125 0.028666666666666667
2 0.45025 0.716 0.0155 0.032
2 0.45975 0.6973333333333334 0.0155 0.029333333333333333
4 0.41475 0.6773333333333333 0.0125 0.028
4 0.4495 0.707 0.012 0.026
4 0.45925 0.688 0.0115 0.024
6 0.433 0.7613333333333333 0.059 0.06666666666666667
4 0.5365 0.739 0.016 0.03133333333333333
2 0.535 0.7473333333333333 0.019 0.034666666666666665
4 0.6175 0.6516666666666666 0.012 0.028666666666666667
2 0.6175 0.659 0.026 0.020666666666666667
2 0.712 0.673 0.02 0.020666666666666667
4 0.71175 0.667 0.0115 0.026
6 0.70425 0.641 0.0565 0.03933333333333333
6 0.8585 0.584 0.041 0.030666666666666665
4 0.96475 0.5546666666666666 0.0075 0.017333333333333333
5 0.96425 0.5616666666666666 0.0095 0.014
6 0.991 0.5303333333333333 0.018 0.020666666666666667
6 0.65425 0.579 0.0335 0.027333333333333334
6 0.6055 0.5923333333333334 0.043 0.034
6 0.62825 0.5843333333333334 0.0365 0.024666666666666667
6 0.69575 0.5676666666666667 0.0455 0.026
6 0.7485 0.5506666666666666 0.045 0.025333333333333333
0 0.8175 0.5233333333333333 0.084 0.04933333333333333
6 0.1035 0.7906666666666666 0.051 0.08133333333333333
8 0.10725 0.627 0.0415 0.059333333333333335
6 0.018 0.6086666666666667 0.034 0.037333333333333336
6 0.037 0.581 0.029 0.028666666666666667
6 0.188 0.406 0.006 0.005333333333333333
8 0.204 0.41 0.011 0.010666666666666666
8 0.1795 0.4 0.009 0.008
0 0.13175 0.409 0.0025 0.006
7 0.8745 0.5196666666666667 0.028 0.020666666666666667
0 0.90075 0.51 0.0185 0.018666666666666668