6 0.105 0.6579949238578681 0.07142857142857142 0.1383248730964467
6 0.16464285714285715 0.6516497461928934 0.060714285714285714 0.13578680203045684
8 0.24678571428571427 0.5907360406091371 0.08928571428571429 0.22461928934010153
8 0.17 0.06979695431472081 0.05857142857142857 0.09137055837563451
6 0.14214285714285715 0.31789340101522845 0.047142857142857146 0.07233502538071065
6 0.155 0.1865482233502538 0.03857142857142857 0.04568527918781726
6 0.21071428571428572 0.09200507614213198 0.024285714285714285 0.03426395939086294
6 0.24857142857142858 0.06662436548223351 0.027142857142857142 0.03680203045685279
6 0.285 0.11548223350253807 0.02857142857142857 0.0583756345177665
6 0.7960714285714285 0.7328680203045685 0.07785714285714286 0.05964467005076142
6 0.8514285714285714 0.8001269035532995 0.09 0.07487309644670051
7 0.9607142857142857 0.7214467005076142 0.07857142857142857 0.06725888324873096
8 0.605 0.34517766497461927 0.04285714285714286 0.1218274111675127
6 0.505 0.08565989847715735 0.012857142857142857 0.024111675126903553
6 0.5114285714285715 0.06281725888324872 0.015714285714285715 0.031725888324873094
6 0.5171428571428571 0.04378172588832487 0.012857142857142857 0.024111675126903553
6 0.5853571428571429 0.02601522842639594 0.013571428571428571 0.03934010152284264
7 0.5189285714285714 0.02030456852791878 0.012142857142857143 0.025380710659898477
1 0.009642857142857142 0.2512690355329949 0.009285714285714286 0.027918781725888325
1 0.013214285714285715 0.2151015228426396 0.010714285714285714 0.0266497461928934
1 0.030714285714285715 0.24873096446700507 0.007142857142857143 0.017766497461928935
1 0.03321428571428572 0.24619289340101522 0.0064285714285714285 0.02030456852791878
1 0.06535714285714286 0.19543147208121828 0.0064285714285714285 0.012690355329949238
1 0.06678571428571428 0.1916243654822335 0.0064285714285714285 0.012690355329949238
1 0.08964285714285715 0.13895939086294415 0.0064285714285714285 0.024111675126903553
1 0.08464285714285714 0.13959390862944163 0.005 0.02284263959390863
1 0.09392857142857143 0.1313451776649746 0.0064285714285714285 0.021573604060913704
1 0.08678571428571429 0.12119289340101523 0.005 0.01903553299492386
1 0.08535714285714285 0.1351522842639594 0.005 0.024111675126903553
1 0.12392857142857143 0.0799492385786802 0.0064285714285714285 0.02284263959390863
1 0.13285714285714287 0.05964467005076142 0.004285714285714286 0.017766497461928935
1 0.13785714285714284 0.06979695431472081 0.004285714285714286 0.017766497461928935