6 0.44875 0.6633333333333333 0.0555 0.07333333333333333
1 0.38 0.712 0.014 0.03866666666666667
6 0.4905 0.579 0.046 0.058
6 0.39225 0.577 0.0505 0.07
6 0.3405 0.647 0.064 0.078
6 0.3495 0.846 0.07 0.1
6 0.28575 0.9563333333333334 0.1045 0.08733333333333333
4 0.4525 0.501 0.004 0.014
4 0.462 0.51 0.004 0.013333333333333334
1 0.45425 0.5063333333333333 0.0065 0.035333333333333335
1 0.46375 0.516 0.0095 0.03333333333333333
1 0.49425 0.527 0.0115 0.03266666666666666
5 0.495 0.5263333333333333 0.021 0.03
6 0.5475 0.515 0.063 0.03666666666666667
6 0.58125 0.464 0.0495 0.03333333333333333
6 0.54375 0.37333333333333335 0.0315 0.037333333333333336
6 0.56725 0.3446666666666667 0.0295 0.036
6 0.614 0.386 0.031 0.034666666666666665
6 0.629 0.35533333333333333 0.03 0.03333333333333333
7 0.65075 0.32066666666666666 0.0235 0.030666666666666665
7 0.6185 0.29233333333333333 0.025 0.024666666666666667
7 0.36 0.33266666666666667 0.023 0.024
5 0.4615 0.27466666666666667 0.01 0.014666666666666666
5 0.612 0.4543333333333333 0.02 0.019333333333333334
6 0.131 0.95 0.09 0.1
6 0.76075 0.219 0.0315 0.012666666666666666
6 0.7635 0.214 0.04 0.016
6 0.77875 0.208 0.0315 0.016
7 0.78025 0.19466666666666665 0.0275 0.017333333333333333
6 0.77075 0.193 0.0265 0.014
7 0.7895 0.18133333333333335 0.032 0.010666666666666666
6 0.7835 0.188 0.029 0.012
6 0.82125 0.10133333333333333 0.0125 0.013333333333333334
6 0.827 0.095 0.011 0.012666666666666666
4 0.866 0.20033333333333334 0.007 0.012666666666666666
5 0.866 0.20833333333333334 0.008 0.012666666666666666
6 0.84825 0.09366666666666666 0.0105 0.012666666666666666
6 0.866 0.097 0.021 0.020666666666666667
6 0.8645 0.08033333333333334 0.009 0.01
1 0.824 0.07966666666666666 0.003 0.012666666666666666
1 0.8265 0.08133333333333333 0.004 0.010666666666666666
6 0.0225 0.164 0.021 0.016
6 0.0335 0.163 0.018 0.015333333333333332
6 0.0465 0.163 0.018 0.018
6 0.0405 0.18133333333333335 0.018 0.013333333333333334
6 0.026 0.183 0.021 0.015333333333333332