2 0.17821428571428571 0.6928571428571428 0.03642857142857143 0.02761904761904762
2 0.44285714285714284 0.9623809523809523 0.03 0.025714285714285714
2 0.3317857142857143 0.5228571428571429 0.02642857142857143 0.022857142857142857
2 0.4107142857142857 0.5385714285714286 0.02857142857142857 0.02
2 0.45357142857142857 0.52 0.015714285714285715 0.03238095238095238
2 0.5589285714285714 0.5204761904761904 0.027857142857142858 0.02761904761904762
2 0.5196428571428572 0.52 0.010714285714285714 0.0380952380952381
2 0.5685714285714286 0.46714285714285714 0.008571428571428572 0.03142857142857143
1 0.29892857142857143 0.5233333333333333 0.013571428571428571 0.01619047619047619
5 0.305 0.5204761904761904 0.017142857142857144 0.023809523809523808
5 0.3725 0.5242857142857142 0.010714285714285714 0.029523809523809525
5 0.47714285714285715 0.5104761904761905 0.011428571428571429 0.03238095238095238
5 0.4832142857142857 0.4123809523809524 0.013571428571428571 0.030476190476190476
3 0.5242857142857142 0.48523809523809525 0.01 0.023809523809523808
3 0.4782142857142857 0.46190476190476193 0.012142857142857143 0.02666666666666667
3 0.44357142857142856 0.59 0.01 0.018095238095238095
1 0.5903571428571428 0.9823809523809524 0.015 0.014285714285714285
1 0.5089285714285714 0.7980952380952381 0.010714285714285714 0.01904761904761905
1 0.5210714285714285 0.7942857142857143 0.012142857142857143 0.022857142857142857
6 0.5782142857142857 0.8933333333333333 0.09357142857142857 0.05523809523809524
7 0.5753571428571429 0.82 0.08214285714285714 0.05904761904761905
7 0.5667857142857143 0.659047619047619 0.08214285714285714 0.049523809523809526
6 0.5385714285714286 0.5933333333333334 0.07428571428571429 0.08761904761904762
1 0.6164285714285714 0.5257142857142857 0.012857142857142857 0.01904761904761905
1 0.6121428571428571 0.7119047619047619 0.01 0.018095238095238095
1 0.6275 0.7676190476190476 0.009285714285714286 0.015238095238095238
10 0.6725 0.9619047619047619 0.02214285714285714 0.07428571428571429
6 0.6689285714285714 0.7895238095238095 0.03785714285714286 0.1180952380952381
6 0.6653571428571429 0.6719047619047619 0.04071428571428572 0.10761904761904761
7 0.6435714285714286 0.4104761904761905 0.03428571428571429 0.10095238095238095
3 0.8821428571428571 0.9633333333333334 0.03857142857142857 0.06380952380952382
1 0.8721428571428571 0.9171428571428571 0.024285714285714285 0.02857142857142857
1 0.9 0.9352380952380952 0.018571428571428572 0.015238095238095238
1 0.9167857142857143 0.9619047619047619 0.020714285714285713 0.02095238095238095
4 0.9032142857142857 0.9057142857142857 0.019285714285714285 0.02095238095238095
2 0.9064285714285715 0.8123809523809524 0.02857142857142857 0.02095238095238095
4 0.9246428571428571 0.7342857142857143 0.02214285714285714 0.02666666666666667
4 0.9092857142857143 0.6742857142857143 0.022857142857142857 0.015238095238095238
1 0.8753571428571428 0.7128571428571429 0.020714285714285713 0.010476190476190476
2 0.8967857142857143 0.5761904761904761 0.013571428571428571 0.04
5 0.9075 0.5647619047619048 0.013571428571428571 0.030476190476190476
2 0.7821428571428571 0.4657142857142857 0.011428571428571429 0.0380952380952381
2 0.8003571428571429 0.46523809523809523 0.019285714285714285 0.03333333333333333
10 0.8257142857142857 0.46904761904761905 0.025714285714285714 0.06571428571428571
10 0.8446428571428571 0.4523809523809524 0.029285714285714286 0.05333333333333334
2 0.6757142857142857 0.32047619047619047 0.011428571428571429 0.039047619047619046
4 0.6739285714285714 0.31523809523809526 0.012142857142857143 0.017142857142857144
5 0.7510714285714286 0.18285714285714286 0.007857142857142858 0.030476190476190476
2 0.795 0.13904761904761906 0.024285714285714285 0.017142857142857144
2 0.8042857142857143 0.11952380952380952 0.02857142857142857 0.01619047619047619
2 0.8242857142857143 0.1361904761904762 0.025714285714285714 0.013333333333333334
5 0.7939285714285714 0.09619047619047619 0.02214285714285714 0.017142857142857144
1 0.7457142857142857 0.17904761904761904 0.012857142857142857 0.02666666666666667
1 0.7328571428571429 0.17809523809523808 0.014285714285714285 0.022857142857142857
5 0.6171428571428571 0.21857142857142858 0.018571428571428572 0.03333333333333333
5 0.6182142857142857 0.19095238095238096 0.010714285714285714 0.037142857142857144
6 0.6282142857142857 0.12047619047619047 0.030714285714285715 0.08285714285714285
7 0.6175 0.029047619047619048 0.03214285714285714 0.058095238095238096
1 0.6185714285714285 0.06619047619047619 0.012857142857142857 0.023809523809523808
5 0.5853571428571429 0.12 0.009285714285714286 0.02857142857142857
1 0.5742857142857143 0.021904761904761906 0.007142857142857143 0.030476190476190476
1 0.5553571428571429 0.08095238095238096 0.007857142857142858 0.02666666666666667
1 0.4860714285714286 0.4066666666666667 0.009285714285714286 0.015238095238095238
1 0.4925 0.39095238095238094 0.010714285714285714 0.02
1 0.4932142857142857 0.3180952380952381 0.009285714285714286 0.030476190476190476
1 0.47714285714285715 0.30714285714285716 0.008571428571428572 0.02
4 0.47785714285714287 0.30047619047619045 0.004285714285714286 0.012380952380952381
1 0.5017857142857143 0.18857142857142858 0.0064285714285714285 0.02666666666666667
1 0.5632142857142857 0.20523809523809525 0.012142857142857143 0.023809523809523808
1 0.5575 0.18714285714285714 0.0064285714285714285 0.021904761904761906
1 0.5592857142857143 0.17095238095238094 0.007142857142857143 0.023809523809523808
1 0.5735714285714286 0.15619047619047619 0.007142857142857143 0.022857142857142857
1 0.5460714285714285 0.14904761904761904 0.0064285714285714285 0.02761904761904762
1 0.5042857142857143 0.024761904761904763 0.01 0.030476190476190476
1 0.4828571428571429 0.09285714285714286 0.008571428571428572 0.025714285714285714
2 0.49714285714285716 0.034761904761904765 0.01 0.037142857142857144
2 0.5282142857142857 0.03761904761904762 0.015 0.040952380952380955
2 0.4860714285714286 0.04238095238095238 0.0064285714285714285 0.035238095238095235
2 0.4707142857142857 0.03571428571428571 0.011428571428571429 0.03333333333333333
2 0.44607142857142856 0.04380952380952381 0.02214285714285714 0.022857142857142857
3 0.5414285714285715 0.05761904761904762 0.012857142857142857 0.029523809523809525
4 0.5489285714285714 0.05285714285714286 0.010714285714285714 0.018095238095238095
3 0.4725 0.15428571428571428 0.010714285714285714 0.03238095238095238
3 0.5017857142857143 0.2119047619047619 0.010714285714285714 0.021904761904761906
3 0.48642857142857143 0.24047619047619048 0.01 0.023809523809523808
3 0.5207142857142857 0.34 0.008571428571428572 0.02666666666666667
3 0.5321428571428571 0.34095238095238095 0.015714285714285715 0.02095238095238095