6 0.19892857142857143 0.599047619047619 0.09642857142857143 0.12761904761904763
6 0.2814285714285714 0.48142857142857143 0.09142857142857143 0.11904761904761904
6 0.07178571428571429 0.7904761904761904 0.13642857142857143 0.18666666666666668
5 0.08928571428571429 0.4438095238095238 0.032857142857142856 0.045714285714285714
4 0.38285714285714284 0.4228571428571429 0.015714285714285715 0.0380952380952381
10 0.3871428571428571 0.42523809523809525 0.022857142857142857 0.06190476190476191
6 0.3514285714285714 0.3738095238095238 0.07571428571428572 0.11142857142857143
6 0.29392857142857143 0.12238095238095238 0.05928571428571429 0.04285714285714286
6 0.5314285714285715 0.11333333333333333 0.03857142857142857 0.05142857142857143
6 0.5828571428571429 0.03190476190476191 0.03142857142857143 0.04285714285714286
6 0.42464285714285716 0.10714285714285714 0.04071428571428572 0.054285714285714284
7 0.6 0.014285714285714285 0.03 0.02857142857142857
1 0.6125 0.021904761904761906 0.0064285714285714285 0.02857142857142857
1 0.5689285714285715 0.07952380952380952 0.010714285714285714 0.03142857142857143
1 0.4357142857142857 0.16523809523809524 0.011428571428571429 0.037142857142857144
1 0.38642857142857145 0.15047619047619049 0.01 0.03619047619047619
4 0.38 0.12523809523809523 0.014285714285714285 0.02761904761904762
6 0.5039285714285714 0.14952380952380953 0.04642857142857143 0.05714285714285714
5 0.4610714285714286 0.16 0.023571428571428573 0.024761904761904763
5 0.46714285714285714 0.15857142857142856 0.018571428571428572 0.023809523809523808
6 0.6853571428571429 0.919047619047619 0.085 0.1619047619047619
6 0.8092857142857143 0.7528571428571429 0.07 0.15904761904761905
6 0.7210714285714286 0.6923809523809524 0.06642857142857143 0.13333333333333333
6 0.9714285714285714 0.7047619047619048 0.05714285714285714 0.0761904761904762
1 0.9310714285714285 0.5842857142857143 0.025 0.040952380952380955
6 0.8475 0.3271428571428571 0.04357142857142857 0.06952380952380953
6 0.8871428571428571 0.22523809523809524 0.03571428571428571 0.058095238095238096
6 0.8517857142857143 0.23809523809523808 0.03642857142857143 0.06476190476190476
6 0.7910714285714285 0.3119047619047619 0.04214285714285714 0.06761904761904762
6 0.7792857142857142 0.15333333333333332 0.03571428571428571 0.047619047619047616
8 0.8028571428571428 0.22857142857142856 0.04285714285714286 0.08190476190476191
7 0.8071428571428572 0.1757142857142857 0.02857142857142857 0.05047619047619047
6 0.8189285714285715 0.1461904761904762 0.029285714285714286 0.04666666666666667
10 0.9810714285714286 0.2119047619047619 0.035 0.029523809523809525
7 0.9589285714285715 0.13714285714285715 0.062142857142857146 0.05142857142857143
4 0.9596428571428571 0.1580952380952381 0.016428571428571428 0.022857142857142857
6 0.9507142857142857 0.11857142857142858 0.06857142857142857 0.04476190476190476
6 0.9192857142857143 0.09857142857142857 0.06285714285714286 0.04285714285714286
6 0.9196428571428571 0.08238095238095237 0.06642857142857143 0.039047619047619046
6 0.9378571428571428 0.06476190476190476 0.05142857142857143 0.03428571428571429
6 0.9307142857142857 0.043333333333333335 0.05142857142857143 0.03142857142857143
6 0.8546428571428571 0.04666666666666667 0.023571428571428573 0.03238095238095238
7 0.8267857142857142 0.041428571428571426 0.025 0.039047619047619046
7 0.8271428571428572 0.015714285714285715 0.025714285714285714 0.03142857142857143
6 0.8564285714285714 0.01904761904761905 0.025714285714285714 0.03238095238095238
6 0.93 0.02857142857142857 0.06 0.03619047619047619
6 0.8842857142857142 0.03190476190476191 0.022857142857142857 0.037142857142857144
6 0.9282142857142858 0.012380952380952381 0.05357142857142857 0.024761904761904763
4 0.9121428571428571 0.17952380952380953 0.014285714285714285 0.029523809523809525
5 0.91 0.18619047619047618 0.011428571428571429 0.03142857142857143
7 0.5275 0.5761904761904761 0.06357142857142857 0.10857142857142857