8 0.3796428571428571 0.8104761904761905 0.04214285714285714 0.1219047619047619
8 0.38571428571428573 0.4861904761904762 0.027142857142857142 0.05238095238095238
6 0.35928571428571426 0.6414285714285715 0.025714285714285714 0.05619047619047619
6 0.4035714285714286 0.35904761904761906 0.014285714285714285 0.02666666666666667
7 0.4210714285714286 0.2519047619047619 0.009285714285714286 0.018095238095238095
11 0.4328571428571429 0.27380952380952384 0.015714285714285715 0.04476190476190476
8 0.525 0.08095238095238096 0.005714285714285714 0.009523809523809525
7 0.5264285714285715 0.09047619047619047 0.004285714285714286 0.005714285714285714
3 0.4542857142857143 0.09761904761904762 0.012857142857142857 0.018095238095238095
7 0.2960714285714286 0.09285714285714286 0.009285714285714286 0.006666666666666667
0 0.5446428571428571 0.06095238095238095 0.010714285714285714 0.011428571428571429
0 0.5728571428571428 0.06333333333333334 0.007142857142857143 0.012380952380952381
0 0.49107142857142855 0.037142857142857144 0.04928571428571429 0.06476190476190476
7 0.4496428571428571 0.07761904761904762 0.0035714285714285713 0.004761904761904762
8 0.955 0.17714285714285713 0.025714285714285714 0.03428571428571429
6 0.46964285714285714 0.7119047619047619 0.020714285714285713 0.025714285714285714