8 0.26071428571428573 0.8528571428571429 0.11571428571428571 0.2695238095238095
8 0.42857142857142855 0.7142857142857143 0.05285714285714286 0.13333333333333333
8 0.3632142857142857 0.5942857142857143 0.05071428571428571 0.10476190476190476
8 0.395 0.5114285714285715 0.03571428571428571 0.06857142857142857
6 0.43964285714285717 0.47285714285714286 0.013571428571428571 0.021904761904761906
8 0.45714285714285713 0.5666666666666667 0.041428571428571426 0.11619047619047619
7 0.4992857142857143 0.6823809523809524 0.02142857142857143 0.05047619047619047
6 0.5710714285714286 0.7323809523809524 0.02214285714285714 0.05714285714285714
2 0.5996428571428571 0.7238095238095238 0.016428571428571428 0.02666666666666667
1 0.6060714285714286 0.710952380952381 0.010714285714285714 0.023809523809523808
5 0.5896428571428571 0.7142857142857143 0.007857142857142858 0.017142857142857144
6 0.5664285714285714 0.6838095238095238 0.04 0.0419047619047619
1 0.5828571428571429 0.6838095238095238 0.01 0.01904761904761905
2 0.6135714285714285 0.6847619047619048 0.018571428571428572 0.02666666666666667
2 0.6164285714285714 0.6738095238095239 0.014285714285714285 0.025714285714285714
1 0.6057142857142858 0.6576190476190477 0.008571428571428572 0.021904761904761906
2 0.5696428571428571 0.6614285714285715 0.010714285714285714 0.01619047619047619
2 0.5 0.6195238095238095 0.018571428571428572 0.01619047619047619
2 0.5732142857142857 0.5795238095238096 0.009285714285714286 0.018095238095238095
2 0.5864285714285714 0.550952380952381 0.017142857142857144 0.01619047619047619
2 0.6039285714285715 0.5752380952380952 0.020714285714285713 0.01904761904761905
1 0.5871428571428572 0.5861904761904762 0.005714285714285714 0.018095238095238095
7 0.5678571428571428 0.6171428571428571 0.018571428571428572 0.03238095238095238
1 0.5614285714285714 0.57 0.007142857142857143 0.018095238095238095
8 0.5082142857142857 0.539047619047619 0.02214285714285714 0.0419047619047619
1 0.4717857142857143 0.4533333333333333 0.0064285714285714285 0.015238095238095238
8 0.5678571428571428 0.44904761904761903 0.015714285714285715 0.039047619047619046
8 0.5021428571428571 0.3519047619047619 0.02142857142857143 0.05047619047619047
8 0.4592857142857143 0.3380952380952381 0.017142857142857144 0.03428571428571429
8 0.4675 0.31666666666666665 0.019285714285714285 0.039047619047619046
8 0.5310714285714285 0.3442857142857143 0.010714285714285714 0.023809523809523808
8 0.5378571428571428 0.32142857142857145 0.011428571428571429 0.02761904761904762
6 0.5728571428571428 0.34095238095238095 0.018571428571428572 0.013333333333333334
2 0.5760714285714286 0.3523809523809524 0.012142857142857143 0.009523809523809525
8 0.5653571428571429 0.3223809523809524 0.019285714285714285 0.01619047619047619
8 0.5653571428571429 0.31523809523809526 0.02642857142857143 0.01904761904761905
6 0.5667857142857143 0.28285714285714286 0.016428571428571428 0.009523809523809525
6 0.5664285714285714 0.2761904761904762 0.015714285714285715 0.007619047619047619
6 0.5432142857142858 0.2661904761904762 0.013571428571428571 0.008571428571428572
6 0.5460714285714285 0.24333333333333335 0.007857142857142858 0.008571428571428572
0 0.5625 0.2423809523809524 0.02214285714285714 0.05047619047619047
0 0.5353571428571429 0.2904761904761905 0.009285714285714286 0.03238095238095238
1 0.5567857142857143 0.29285714285714287 0.0035714285714285713 0.008571428571428572
2 0.4825 0.3223809523809524 0.0035714285714285713 0.010476190476190476
2 0.49178571428571427 0.29095238095238096 0.0035714285714285713 0.008571428571428572
4 0.49214285714285716 0.2885714285714286 0.002857142857142857 0.007619047619047619
8 0.48428571428571426 0.2780952380952381 0.014285714285714285 0.02666666666666667
8 0.49392857142857144 0.2523809523809524 0.012142857142857143 0.024761904761904763
1 0.5121428571428571 0.25285714285714284 0.002857142857142857 0.008571428571428572
1 0.5203571428571429 0.2509523809523809 0.0035714285714285713 0.008571428571428572
0 0.45785714285714285 0.22142857142857142 0.07142857142857142 0.03333333333333333
0 0.5067857142857143 0.20952380952380953 0.017857142857142856 0.030476190476190476
0 0.53 0.1719047619047619 0.05285714285714286 0.029523809523809525
8 0.3603571428571429 0.43714285714285717 0.05928571428571429 0.0380952380952381
8 0.3389285714285714 0.40476190476190477 0.06928571428571428 0.03428571428571429
8 0.2810714285714286 0.40476190476190477 0.03357142857142857 0.022857142857142857
8 0.21857142857142858 0.42904761904761907 0.06285714285714286 0.035238095238095235
8 0.18321428571428572 0.3933333333333333 0.08785714285714286 0.04
8 0.08821428571428572 0.38571428571428573 0.09071428571428572 0.0380952380952381
7 0.03642857142857143 0.38904761904761903 0.02 0.01619047619047619
6 0.013928571428571429 0.3476190476190476 0.020714285714285713 0.017142857142857144
6 0.2292857142857143 0.3271428571428571 0.015714285714285715 0.012380952380952381
8 0.24071428571428571 0.3180952380952381 0.015714285714285715 0.015238095238095238
6 0.3167857142857143 0.3080952380952381 0.02214285714285714 0.010476190476190476
7 0.3517857142857143 0.3157142857142857 0.020714285714285713 0.012380952380952381
6 0.35464285714285715 0.31142857142857144 0.017857142857142856 0.011428571428571429
6 0.31035714285714283 0.2814285714285714 0.015 0.010476190476190476
6 0.3221428571428571 0.30428571428571427 0.017142857142857144 0.010476190476190476
6 0.32607142857142857 0.3 0.017857142857142856 0.009523809523809525
6 0.33071428571428574 0.2947619047619048 0.015714285714285715 0.010476190476190476
6 0.3364285714285714 0.29285714285714287 0.017142857142857144 0.010476190476190476
6 0.35964285714285715 0.30714285714285716 0.019285714285714285 0.010476190476190476
6 0.36428571428571427 0.30142857142857143 0.018571428571428572 0.010476190476190476
6 0.3703571428571429 0.2966666666666667 0.019285714285714285 0.010476190476190476
6 0.4185714285714286 0.2819047619047619 0.017142857142857144 0.011428571428571429
6 0.03357142857142857 0.5638095238095238 0.032857142857142856 0.04
7 0.07571428571428572 0.8071428571428572 0.05714285714285714 0.06
6 0.10714285714285714 0.9366666666666666 0.08142857142857143 0.04476190476190476
6 0.15607142857142858 0.9785714285714285 0.075 0.04285714285714286
6 0.08321428571428571 0.9809523809523809 0.07071428571428572 0.0380952380952381
6 0.33 0.5723809523809524 0.041428571428571426 0.02095238095238095
6 0.29892857142857143 0.5942857142857143 0.04642857142857143 0.022857142857142857
6 0.2875 0.6114285714285714 0.04357142857142857 0.022857142857142857
6 0.25285714285714284 0.6633333333333333 0.041428571428571426 0.023809523809523808
7 0.2617857142857143 0.6861904761904762 0.023571428571428573 0.037142857142857144
6 0.24464285714285713 0.679047619047619 0.030714285714285715 0.024761904761904763
6 0.20857142857142857 0.66 0.04428571428571428 0.024761904761904763
6 0.2007142857142857 0.7076190476190476 0.032857142857142856 0.024761904761904763
7 0.22678571428571428 0.7042857142857143 0.025 0.04666666666666667
7 0.1525 0.9014285714285715 0.04928571428571429 0.04666666666666667
6 0.17285714285714285 0.8795238095238095 0.047142857142857146 0.037142857142857144
7 0.14535714285714285 0.8571428571428571 0.039285714285714285 0.049523809523809526
6 0.13857142857142857 0.8133333333333334 0.05857142857142857 0.0419047619047619
9 0.18857142857142858 0.83 0.04857142857142857 0.029523809523809525
7 0.02857142857142857 0.9414285714285714 0.055714285714285716 0.05047619047619047
7 0.019285714285714285 0.9852380952380952 0.03857142857142857 0.029523809523809525
6 0.04071428571428572 0.8552380952380952 0.055714285714285716 0.07047619047619047
6 0.03642857142857143 0.7766666666666666 0.05 0.029523809523809525
6 0.07571428571428572 0.7519047619047619 0.06142857142857143 0.03333333333333333
7 0.19857142857142857 0.7504761904761905 0.05714285714285714 0.0419047619047619
6 0.21 0.7804761904761904 0.045714285714285714 0.029523809523809525
8 0.18035714285714285 0.8 0.025 0.049523809523809526
8 0.2007142857142857 0.8076190476190476 0.04428571428571428 0.030476190476190476
8 0.14607142857142857 0.7861904761904762 0.056428571428571425 0.03333333333333333
6 0.16107142857142856 0.7609523809523809 0.06357142857142857 0.030476190476190476
8 0.09785714285714285 0.77 0.05 0.029523809523809525
0 0.1382142857142857 0.7123809523809523 0.06357142857142857 0.05714285714285714
0 0.13464285714285715 0.5723809523809524 0.13214285714285715 0.06476190476190476
0 0.10357142857142858 0.6285714285714286 0.10714285714285714 0.05904761904761905
0 0.2367857142857143 0.589047619047619 0.04642857142857143 0.07333333333333333
0 0.15071428571428572 0.6685714285714286 0.05714285714285714 0.02857142857142857
0 0.052142857142857144 0.6728571428571428 0.10428571428571429 0.12285714285714286
0 0.015 0.9019047619047619 0.03 0.02857142857142857
0 0.007142857142857143 0.8104761904761905 0.014285714285714285 0.15047619047619049
0 0.028214285714285713 0.7495238095238095 0.03214285714285714 0.024761904761904763
0 0.027857142857142858 0.8042857142857143 0.03142857142857143 0.029523809523809525