6 0.44 0.9460659898477157 0.03857142857142857 0.0850253807106599
6 0.4592857142857143 0.6548223350253807 0.02 0.07106598984771574
6 0.4775 0.5348984771573604 0.02214285714285714 0.06725888324873096
6 0.48178571428571426 0.2823604060913706 0.016428571428571428 0.04949238578680203
6 0.48964285714285716 0.21954314720812182 0.013571428571428571 0.04568527918781726
6 0.49392857142857144 0.1484771573604061 0.012142857142857143 0.04314720812182741
6 0.5025 0.01713197969543147 0.013571428571428571 0.03426395939086294
8 0.4767857142857143 0.3965736040609137 0.019285714285714285 0.09263959390862944
6 0.47285714285714286 0.4796954314720812 0.017142857142857144 0.06091370558375635
7 0.4442857142857143 0.8369289340101523 0.022857142857142857 0.08756345177664974
3 0.5703571428571429 0.4200507614213198 0.029285714285714286 0.4035532994923858
1 0.4132142857142857 0.9460659898477157 0.0064285714285714285 0.021573604060913704
1 0.4075 0.9454314720812182 0.0064285714285714285 0.02030456852791878