6 0.24035714285714285 0.9071428571428571 0.075 0.07904761904761905
6 0.3485714285714286 0.7114285714285714 0.06714285714285714 0.06095238095238095
6 0.38642857142857145 0.6404761904761904 0.06428571428571428 0.04666666666666667
6 0.4060714285714286 0.6085714285714285 0.055 0.047619047619047616
6 0.21 0.9580952380952381 0.07857142857142857 0.08
2 0.22892857142857143 0.5857142857142857 0.012142857142857143 0.024761904761904763
6 0.9364285714285714 0.29714285714285715 0.024285714285714285 0.03619047619047619
10 0.39285714285714285 0.45 0.027142857142857142 0.04666666666666667
2 0.38857142857142857 0.39 0.017142857142857144 0.01619047619047619
2 0.39464285714285713 0.38571428571428573 0.015 0.01904761904761905
2 0.3982142857142857 0.38047619047619047 0.009285714285714286 0.01619047619047619
7 0.5621428571428572 0.31523809523809526 0.047142857142857146 0.04
7 0.6521428571428571 0.5085714285714286 0.055714285714285716 0.05142857142857143
11 0.9885714285714285 0.05952380952380952 0.02142857142857143 0.04476190476190476
7 0.8207142857142857 0.06190476190476191 0.02 0.02095238095238095
7 0.8275 0.05904761904761905 0.020714285714285713 0.01904761904761905
6 0.7632142857142857 0.08714285714285715 0.029285714285714286 0.01619047619047619
6 0.7767857142857143 0.05285714285714286 0.02642857142857143 0.01619047619047619
6 0.6889285714285714 0.15523809523809523 0.030714285714285715 0.02095238095238095
7 0.7021428571428572 0.20095238095238097 0.03428571428571429 0.02857142857142857
7 0.6157142857142858 0.22047619047619046 0.037142857142857144 0.035238095238095235
6 0.6414285714285715 0.1880952380952381 0.03142857142857143 0.021904761904761906
7 0.6217857142857143 0.11761904761904762 0.029285714285714286 0.02
7 0.6217857142857143 0.10428571428571429 0.035 0.023809523809523808
6 0.6378571428571429 0.10523809523809524 0.02142857142857143 0.01619047619047619
6 0.6625 0.09142857142857143 0.023571428571428573 0.01904761904761905
7 0.6953571428571429 0.05142857142857143 0.03214285714285714 0.022857142857142857
6 0.7846428571428572 0.037142857142857144 0.020714285714285713 0.015238095238095238
6 0.7942857142857143 0.032857142857142856 0.024285714285714285 0.014285714285714285
6 0.7675 0.015714285714285715 0.019285714285714285 0.012380952380952381
6 0.7357142857142858 0.014761904761904763 0.02 0.01619047619047619
2 0.7264285714285714 0.03238095238095238 0.01 0.011428571428571429
1 0.6553571428571429 0.11333333333333333 0.0035714285714285713 0.013333333333333334