2 0.4539285714285714 0.9280952380952381 0.007857142857142858 0.023809523809523808
4 0.45357142857142857 0.9280952380952381 0.008571428571428572 0.012380952380952381
1 0.49607142857142855 0.8738095238095238 0.009285714285714286 0.01619047619047619
1 0.4675 0.8257142857142857 0.009285714285714286 0.015238095238095238
2 0.45321428571428574 0.8 0.009285714285714286 0.02666666666666667
4 0.45285714285714285 0.8014285714285714 0.01 0.01619047619047619
6 0.5035714285714286 0.7480952380952381 0.025714285714285714 0.07714285714285714
1 0.46214285714285713 0.7628571428571429 0.007142857142857143 0.015238095238095238
1 0.4675 0.7633333333333333 0.0064285714285714285 0.01619047619047619
5 0.44607142857142856 0.7561904761904762 0.007857142857142858 0.02666666666666667
1 0.45607142857142857 0.7195238095238096 0.007857142857142858 0.014285714285714285
1 0.4660714285714286 0.7195238095238096 0.009285714285714286 0.018095238095238095
2 0.44142857142857145 0.6676190476190477 0.008571428571428572 0.02857142857142857
6 0.5 0.5619047619047619 0.025714285714285714 0.0761904761904762
1 0.4789285714285714 0.4895238095238095 0.0064285714285714285 0.015238095238095238
2 0.3775 0.5057142857142857 0.012142857142857143 0.03428571428571429
7 0.4075 0.4657142857142857 0.04928571428571429 0.030476190476190476
0 0.40964285714285714 0.43714285714285717 0.03785714285714286 0.017142857142857144
1 0.465 0.08952380952380952 0.008571428571428572 0.01904761904761905
1 0.45321428571428574 0.08857142857142856 0.0064285714285714285 0.01904761904761905
1 0.45571428571428574 0.07095238095238095 0.007142857142857143 0.01619047619047619
1 0.45964285714285713 0.06333333333333334 0.0064285714285714285 0.018095238095238095
1 0.4432142857142857 0.02238095238095238 0.007857142857142858 0.021904761904761906
1 0.37857142857142856 0.06619047619047619 0.008571428571428572 0.014285714285714285