6 0.10255741127348643 0.4401669758812616 0.008872651356993737 0.015769944341372914
6 0.10177453027139875 0.4067717996289425 0.010438413361169102 0.017625231910946195
6 0.12839248434237996 0.4452690166975881 0.017745302713987474 0.02411873840445269
8 0.10073068893528184 0.3673469387755102 0.015657620041753653 0.03525046382189239
8 0.09916492693110647 0.3339517625231911 0.012526096033402923 0.027829313543599257
8 0.10177453027139875 0.30612244897959184 0.007306889352818371 0.01855287569573284
8 0.09133611691022965 0.262987012987013 0.007306889352818371 0.015769944341372914
6 0.09394572025052192 0.24628942486085342 0.003131524008350731 0.006493506493506494
8 0.09498956158663883 0.2147495361781076 0.0041753653444676405 0.008348794063079777
8 0.09472860125260961 0.20269016697588127 0.004697286012526096 0.006493506493506494
7 0.002870563674321503 0.3339517625231911 0.005741127348643006 0.011131725417439703
8 0.018789144050104383 0.2782931354359926 0.011482254697286013 0.016697588126159554
8 0.020615866388308975 0.2717996289424861 0.02870563674321503 0.016697588126159554
6 0.011482254697286013 0.2792207792207792 0.012526096033402923 0.011131725417439703
10 0.013569937369519834 0.2987012987012987 0.006263048016701462 0.00927643784786642
6 0.087160751565762 0.24628942486085342 0.0041753653444676405 0.006493506493506494
4 0.07776617954070981 0.3042671614100185 0.0020876826722338203 0.0055658627087198514
2 0.07802713987473904 0.30565862708719854 0.0026096033402922755 0.00463821892393321
8 0.043580375782881 0.2602040816326531 0.008872651356993737 0.021335807050092765
8 0.39718162839248433 0.9197588126159555 0.05219206680584551 0.0862708719851577
9 0.4603340292275574 0.9874768089053804 0.019832985386221295 0.023191094619666047
4 0.4639874739039666 0.9907235621521335 0.008350730688935281 0.016697588126159554
8 0.4887787056367432 0.9016697588126159 0.1069937369519833 0.19480519480519481
7 0.444937369519833 0.7291280148423006 0.03288100208768267 0.04452690166975881
7 0.46998956158663885 0.7012987012987013 0.031837160751565764 0.03153988868274583
9 0.4890396659707724 0.6841372912801484 0.013569937369519834 0.023191094619666047
8 0.447286012526096 0.6804267161410018 0.03549060542797495 0.032467532467532464
3 0.424321503131524 0.700834879406308 0.05845511482254697 0.05102040816326531
6 0.4438935281837161 0.6581632653061225 0.02870563674321503 0.0287569573283859
4 0.41597077244258873 0.6331168831168831 0.006263048016701462 0.012059369202226345
4 0.3551670146137787 0.7402597402597403 0.004697286012526096 0.014842300556586271
4 0.3541231732776618 0.7374768089053804 0.005741127348643006 0.01855287569573284
4 0.3530793319415449 0.7346938775510204 0.006784968684759917 0.016697588126159554
2 0.3533402922755741 0.7407235621521335 0.008350730688935281 0.021335807050092765
6 0.3345511482254697 0.7898886827458256 0.049060542797494784 0.038033395176252316
3 0.34994780793319413 0.8191094619666048 0.04645093945720251 0.07050092764378478
3 0.31941544885177453 0.7490723562152134 0.05219206680584551 0.05287569573283859
8 0.3157620041753653 0.7342300556586271 0.04279749478079332 0.05287569573283859
3 0.305062630480167 0.7077922077922078 0.02661795407098121 0.03525046382189239
3 0.34916492693110646 0.674860853432282 0.026096033402922755 0.07328385899814471
3 0.38126304801670147 0.641465677179963 0.02139874739039666 0.023191094619666047
10 0.3736951983298539 0.6247680890538033 0.025052192066805846 0.026901669758812616
1 0.4068371607515658 0.589517625231911 0.005741127348643006 0.01948051948051948
2 0.3995302713987474 0.5705009276437848 0.009916492693110648 0.011131725417439703
9 0.3828288100208768 0.5700371057513914 0.01826722338204593 0.015769944341372914
7 0.3684759916492693 0.5579777365491652 0.022964509394572025 0.02504638218923933
10 0.3893528183716075 0.538961038961039 0.013569937369519834 0.02040816326530612
9 0.3512526096033403 0.5157699443413729 0.012526096033402923 0.012987012987012988
1 0.3483820459290188 0.5111317254174397 0.004697286012526096 0.012987012987012988
4 0.34264091858037576 0.5097402597402597 0.005741127348643006 0.012059369202226345
2 0.34342379958246344 0.5134508348794063 0.006263048016701462 0.012059369202226345
7 0.3212421711899791 0.5078849721706865 0.02035490605427975 0.01948051948051948
8 0.272964509394572 0.648886827458256 0.03653444676409186 0.04359925788497217
6 0.24739039665970772 0.5816326530612245 0.029227557411273485 0.029684601113172542
2 0.2507828810020877 0.5473098330241187 0.004697286012526096 0.011131725417439703
4 0.2502609603340292 0.5435992578849722 0.0036534446764091857 0.012987012987012988
1 0.25 0.5023191094619666 0.006263048016701462 0.015769944341372914
9 0.2424321503131524 0.48515769944341375 0.007828810020876827 0.014842300556586271
9 0.2896659707724426 0.49814471243042674 0.010438413361169102 0.011131725417439703
2 0.28470772442588727 0.4935064935064935 0.010960334029227558 0.011131725417439703
4 0.3105427974947808 0.48608534322820035 0.006263048016701462 0.012987012987012988
6 0.3123695198329854 0.4805194805194805 0.02244258872651357 0.01855287569573284
2 0.3178496868475992 0.46938775510204084 0.008350730688935281 0.00927643784786642
10 0.30636743215031315 0.4707792207792208 0.011482254697286013 0.013914656771799629
9 0.30662839248434237 0.461038961038961 0.01722338204592902 0.012987012987012988
9 0.28783924843423797 0.45918367346938777 0.016179540709812108 0.012987012987012988
9 0.2716597077244259 0.462430426716141 0.014091858037578288 0.017625231910946195
6 0.21529227557411273 0.49443413729128016 0.01826722338204593 0.01855287569573284
9 0.270615866388309 0.439239332096475 0.016179540709812108 0.013914656771799629
6 0.2518267223382046 0.4355287569573284 0.02035490605427975 0.013914656771799629
8 0.2794885177453027 0.4294990723562152 0.019311064718162838 0.014842300556586271
8 0.23329853862212943 0.3469387755102041 0.014613778705636743 0.011131725417439703
8 0.1589248434237996 0.3460111317254174 0.013048016701461378 0.027829313543599257
6 0.15396659707724425 0.3344155844155844 0.011482254697286013 0.012059369202226345
6 0.15187891440501045 0.32792207792207795 0.010438413361169102 0.008348794063079777
6 0.15031315240083507 0.3205009276437848 0.009394572025052192 0.01020408163265306
6 0.18423799582463465 0.31539888682745826 0.012526096033402923 0.0074211502782931356
6 0.19728601252609604 0.30936920222634506 0.011482254697286013 0.008348794063079777
6 0.17849686847599164 0.313543599257885 0.008350730688935281 0.0074211502782931356
6 0.17588726513569938 0.30612244897959184 0.005219206680584551 0.00927643784786642
6 0.1440501043841336 0.26669758812615957 0.005219206680584551 0.006493506493506494
8 0.16022964509394572 0.2880333951762523 0.006263048016701462 0.01020408163265306
6 0.16910229645093947 0.26669758812615957 0.007306889352818371 0.006493506493506494
7 0.1677974947807933 0.26159554730983303 0.006784968684759917 0.0055658627087198514
0 0.09629436325678496 0.18506493506493507 0.010960334029227558 0.023191094619666047
0 0.17771398747390396 0.2847866419294991 0.02139874739039666 0.02411873840445269
0 0.1495302713987474 0.23469387755102042 0.027661795407098122 0.04638218923933209
0 0.13491649269311065 0.27736549165120594 0.012004175365344467 0.06307977736549165
0 0.12734864300626306 0.21985157699443414 0.012526096033402923 0.03710575139146568
3 0.5133089770354906 0.7272727272727273 0.04645093945720251 0.06679035250463822
6 0.5602818371607515 0.8256029684601113 0.044363256784968684 0.03896103896103896
10 0.5782881002087683 0.7829313543599258 0.03444676409185804 0.03896103896103896
1 0.6132567849686847 0.8274582560296846 0.005219206680584551 0.02411873840445269
1 0.6184759916492694 0.8311688311688312 0.006263048016701462 0.022263450834879406
2 0.6239561586638831 0.8385899814471243 0.010960334029227558 0.016697588126159554
2 0.6651878914405011 0.9216141001855288 0.013048016701461378 0.02504638218923933
2 0.6798016701461378 0.9299628942486086 0.014091858037578288 0.021335807050092765
6 0.6375260960334029 0.937847866419295 0.043319415448851775 0.05194805194805195
10 0.5960334029227558 0.9679962894248608 0.030271398747390398 0.05658627087198516
6 0.6500521920668059 0.9814471243042672 0.042275574112734866 0.03525046382189239