6 0.8517857142857143 0.929047619047619 0.05785714285714286 0.04476190476190476
6 0.8414285714285714 0.8519047619047619 0.05857142857142857 0.06952380952380953
6 0.8360714285714286 0.7533333333333333 0.05928571428571429 0.0419047619047619
1 0.81 0.6147619047619047 0.01 0.010476190476190476
2 0.8392857142857143 0.5647619047619048 0.025714285714285714 0.015238095238095238
2 0.8185714285714286 0.4614285714285714 0.02 0.01619047619047619
2 0.8171428571428572 0.44285714285714284 0.022857142857142857 0.011428571428571429
5 0.8146428571428571 0.42952380952380953 0.02214285714285714 0.01904761904761905
2 0.7217857142857143 0.5342857142857143 0.02642857142857143 0.015238095238095238
6 0.7242857142857143 0.4319047619047619 0.05285714285714286 0.05619047619047619
6 0.7232142857142857 0.3738095238095238 0.052142857142857144 0.05238095238095238
9 0.7521428571428571 0.32904761904761903 0.015714285714285715 0.039047619047619046
2 0.8260714285714286 0.3580952380952381 0.023571428571428573 0.015238095238095238
9 0.8467857142857143 0.3676190476190476 0.015 0.04
1 0.7817857142857143 0.16 0.009285714285714286 0.015238095238095238
1 0.7842857142857143 0.12333333333333334 0.012857142857142857 0.018095238095238095
1 0.7507142857142857 0.14238095238095239 0.01 0.021904761904761906
3 0.7164285714285714 0.17666666666666667 0.05285714285714286 0.03142857142857143
1 0.7064285714285714 0.1976190476190476 0.01 0.02
6 0.71 0.14857142857142858 0.054285714285714284 0.03238095238095238
6 0.7071428571428572 0.11428571428571428 0.05142857142857143 0.030476190476190476
6 0.7575 0.039523809523809524 0.03357142857142857 0.07333333333333333
9 0.5710714285714286 0.5838095238095238 0.017857142857142856 0.05333333333333334
6 0.5128571428571429 0.4185714285714286 0.027142857142857142 0.08095238095238096
8 0.5910714285714286 0.4123809523809524 0.045 0.1980952380952381
10 0.5503571428571429 0.25666666666666665 0.017857142857142856 0.04857142857142857
4 0.5514285714285714 0.2561904761904762 0.012857142857142857 0.015238095238095238
2 0.5671428571428572 0.14809523809523809 0.008571428571428572 0.029523809523809525
4 0.5675 0.14523809523809525 0.0064285714285714285 0.014285714285714285
5 0.48642857142857143 0.0838095238095238 0.011428571428571429 0.03428571428571429
4 0.485 0.07857142857142857 0.01 0.014285714285714285
1 0.4828571428571429 0.035238095238095235 0.007142857142857143 0.01904761904761905
2 0.47285714285714286 0.02619047619047619 0.01 0.029523809523809525
6 0.38285714285714284 0.18904761904761905 0.022857142857142857 0.06761904761904762
6 0.3767857142857143 0.3904761904761905 0.056428571428571425 0.03428571428571429
6 0.37285714285714283 0.4338095238095238 0.055714285714285716 0.03142857142857143
6 0.3742857142857143 0.4704761904761905 0.054285714285714284 0.03238095238095238
6 0.3767857142857143 0.508095238095238 0.04214285714285714 0.03142857142857143
6 0.37535714285714283 0.5466666666666666 0.05071428571428571 0.030476190476190476
6 0.3782142857142857 0.6233333333333333 0.055 0.035238095238095235
6 0.37464285714285717 0.6704761904761904 0.055 0.03619047619047619
6 0.37785714285714284 0.7138095238095238 0.054285714285714284 0.035238095238095235
6 0.37714285714285717 0.7571428571428571 0.05714285714285714 0.03238095238095238
6 0.37857142857142856 0.8023809523809524 0.06 0.039047619047619046
6 0.37535714285714283 0.8457142857142858 0.05928571428571429 0.04
6 0.3757142857142857 0.89 0.05714285714285714 0.039047619047619046
6 0.3775 0.9738095238095238 0.062142857142857146 0.039047619047619046
1 0.33107142857142857 0.8942857142857142 0.009285714285714286 0.017142857142857144
1 0.33 0.800952380952381 0.01 0.011428571428571429
1 0.32 0.799047619047619 0.008571428571428572 0.011428571428571429
2 0.3067857142857143 0.7847619047619048 0.023571428571428573 0.024761904761904763
2 0.7892857142857143 0.9333333333333333 0.01 0.03238095238095238
4 0.7907142857142857 0.9371428571428572 0.008571428571428572 0.017142857142857144
1 0.7610714285714286 0.8233333333333334 0.013571428571428571 0.012380952380952381
4 0.7557142857142857 0.8114285714285714 0.01 0.011428571428571429