0 0.31675 0.15066666666666667 0.0385 0.034666666666666665
0 0.44025 0.119 0.0405 0.082
6 0.278 0.16466666666666666 0.009 0.009333333333333334
6 0.28175 0.16166666666666665 0.0095 0.008666666666666666
6 0.2855 0.15666666666666668 0.012 0.008
6 0.29425 0.15066666666666667 0.0075 0.009333333333333334
6 0.322 0.131 0.008 0.006
6 0.32875 0.12833333333333333 0.0065 0.006
6 0.25625 0.18033333333333335 0.0125 0.01
6 0.26675 0.18033333333333335 0.0115 0.01
7 0.2765 0.179 0.008 0.012666666666666666
6 0.375 0.195 0.019 0.011333333333333334
6 0.392 0.189 0.018 0.01
1 0.3895 0.194 0.003 0.010666666666666666
7 0.40425 0.19433333333333333 0.0175 0.012666666666666666
7 0.41275 0.19966666666666666 0.0185 0.015333333333333332
6 0.44675 0.164 0.0075 0.009333333333333334
6 0.46075 0.16366666666666665 0.0065 0.008666666666666666
7 0.417 0.21933333333333332 0.01 0.018666666666666668
7 0.41975 0.234 0.0095 0.02
6 0.45825 0.202 0.0095 0.012
7 0.4755 0.18466666666666667 0.015 0.013333333333333334
5 0.472 0.19566666666666666 0.003 0.008666666666666666
4 0.47175 0.193 0.0025 0.01
1 0.4765 0.205 0.002 0.012666666666666666
1 0.443 0.21633333333333332 0.004 0.014
1 0.444 0.205 0.004 0.012666666666666666
1 0.412 0.276 0.003 0.017333333333333333
1 0.416 0.27466666666666667 0.005 0.018666666666666668
1 0.42325 0.291 0.0055 0.018
6 0.4205 0.31366666666666665 0.018 0.027333333333333334
6 0.453 0.2856666666666667 0.015 0.022
1 0.452 0.261 0.004 0.016666666666666666
5 0.4595 0.25833333333333336 0.004 0.011333333333333334
4 0.45925 0.254 0.0035 0.012
1 0.487 0.24033333333333334 0.005 0.015333333333333332
6 0.47525 0.2906666666666667 0.0165 0.024
8 0.44425 0.3383333333333333 0.0455 0.028666666666666667
1 0.46 0.3433333333333333 0.005 0.02266666666666667
7 0.43625 0.3953333333333333 0.0525 0.04
1 0.46925 0.43666666666666665 0.0055 0.02666666666666667
1 0.487 0.43633333333333335 0.005 0.026
4 0.48375 0.43533333333333335 0.0085 0.014666666666666666
2 0.47025 0.462 0.0105 0.018666666666666668
1 0.47325 0.749 0.0115 0.043333333333333335
1 0.4725 0.7736666666666666 0.008 0.027333333333333334
8 0.42425 0.815 0.0725 0.266
1 0.55 0.7883333333333333 0.016 0.05
8 0.49875 0.6063333333333333 0.0475 0.11133333333333334
8 0.49125 0.5186666666666667 0.0365 0.064
7 0.5865 0.4876666666666667 0.033 0.056666666666666664
1 0.49125 0.24166666666666667 0.0035 0.014
6 0.494 0.266 0.014 0.017333333333333333
6 0.49675 0.2906666666666667 0.0175 0.021333333333333333
6 0.4835 0.31633333333333336 0.017 0.024666666666666667
1 0.4815 0.21033333333333334 0.004 0.01
1 0.518 0.3323333333333333 0.005 0.019333333333333334
1 0.51625 0.3263333333333333 0.0045 0.019333333333333334
8 0.5175 0.305 0.018 0.028666666666666667
1 0.494 0.44566666666666666 0.007 0.03
4 0.49975 0.43866666666666665 0.0065 0.018666666666666668
1 0.50525 0.438 0.0065 0.02666666666666667
5 0.5005 0.446 0.005 0.013333333333333334
1 0.51 0.48933333333333334 0.007 0.03333333333333333
1 0.53925 0.44 0.0105 0.029333333333333333
4 0.5075 0.514 0.004 0.009333333333333334
1 0.5025 0.503 0.015 0.026
1 0.51625 0.6176666666666667 0.0155 0.034
1 0.515 0.6003333333333334 0.015 0.034
4 0.65475 0.9866666666666667 0.0235 0.02666666666666667
2 0.65325 0.9806666666666667 0.0265 0.03866666666666667
1 0.8355 0.9593333333333334 0.023 0.050666666666666665
1 0.799 0.933 0.02 0.04466666666666667
1 0.8025 0.9146666666666666 0.029 0.04933333333333333
6 0.685 0.7583333333333333 0.075 0.11933333333333333
1 0.643 0.5836666666666667 0.012 0.035333333333333335
1 0.58875 0.5993333333333334 0.0105 0.034666666666666665
4 0.60025 0.5866666666666667 0.0075 0.016
1 0.59375 0.572 0.0065 0.02266666666666667
1 0.59575 0.5646666666666667 0.0095 0.030666666666666665
8 0.62825 0.52 0.0625 0.076
1 0.55625 0.404 0.0125 0.02266666666666667
8 0.54225 0.38533333333333336 0.0275 0.042666666666666665
0 0.53175 0.2773333333333333 0.0075 0.014666666666666666