6 0.68425 0.6926666666666667 0.0505 0.08
6 0.4405 0.5973333333333334 0.067 0.044
6 0.363 0.609 0.059 0.043333333333333335
6 0.26525 0.5326666666666666 0.0485 0.034666666666666665
6 0.2105 0.5333333333333333 0.059 0.036
6 0.586 0.5776666666666667 0.062 0.04466666666666667
6 0.63125 0.54 0.0575 0.036
6 0.74075 0.5573333333333333 0.0655 0.04
6 0.76125 0.6763333333333333 0.0575 0.08333333333333333
6 0.841 0.6683333333333333 0.063 0.08733333333333333
6 0.37175 0.4846666666666667 0.0255 0.04933333333333333
6 0.40525 0.486 0.0255 0.056
6 0.67175 0.4786666666666667 0.0605 0.044
6 0.74 0.472 0.059 0.037333333333333336
6 0.81075 0.4653333333333333 0.0595 0.032
6 0.9295 0.45066666666666666 0.053 0.032
6 0.93075 0.38966666666666666 0.0295 0.03266666666666666
6 0.32625 0.6876666666666666 0.0715 0.04733333333333333
6 0.53975 0.666 0.0735 0.04933333333333333
6 0.21225 0.7086666666666667 0.0795 0.04933333333333333
6 0.2915 0.6196666666666667 0.07 0.046
6 0.4055 0.5706666666666667 0.064 0.04133333333333333
6 0.48275 0.557 0.0645 0.04066666666666666
6 0.8815 0.6156666666666667 0.073 0.04733333333333333
6 0.82275 0.5796666666666667 0.0675 0.042
6 0.85375 0.5433333333333333 0.0575 0.03866666666666667
6 0.97475 0.526 0.0505 0.037333333333333336
6 0.97875 0.45 0.0425 0.034666666666666665
7 0.109 0.5433333333333333 0.063 0.04
7 0.07325 0.603 0.0605 0.038
7 0.5535 0.157 0.021 0.019333333333333334
7 0.61725 0.13433333333333333 0.0195 0.016666666666666666
6 0.121 0.7146666666666667 0.073 0.04666666666666667
6 0.8695 0.45866666666666667 0.057 0.03333333333333333
6 0.4665 0.164 0.026 0.016
6 0.46575 0.15466666666666667 0.0255 0.014666666666666666
6 0.52875 0.138 0.0225 0.013333333333333334
6 0.61125 0.15633333333333332 0.0275 0.014
6 0.65125 0.13366666666666666 0.0265 0.014
9 0.40525 0.8513333333333334 0.0255 0.05466666666666667
4 0.40975 0.8336666666666667 0.0115 0.015333333333333332
1 0.37375 0.7113333333333334 0.0155 0.024
4 0.09625 0.5766666666666667 0.0125 0.02
4 0.10225 0.5763333333333334 0.0085 0.022
2 0.09925 0.581 0.0275 0.018
6 0.049 0.5493333333333333 0.053 0.034666666666666665
2 0.15275 0.392 0.0185 0.012
2 0.15 0.38566666666666666 0.018 0.016666666666666666
5 0.22225 0.32233333333333336 0.0155 0.014
0 0.262 0.33066666666666666 0.064 0.037333333333333336
6 0.99425 0.14033333333333334 0.0115 0.015333333333333332
6 0.705 0.5293333333333333 0.065 0.037333333333333336