3 0.58225 0.924 0.0265 0.072
3 0.63175 0.8593333333333333 0.0235 0.058666666666666666
1 0.56 0.8936666666666667 0.005 0.022
1 0.5695 0.8403333333333334 0.007 0.020666666666666667
1 0.5635 0.8036666666666666 0.007 0.012666666666666666
1 0.62725 0.7493333333333333 0.0045 0.017333333333333333
1 0.5915 0.7213333333333334 0.004 0.013333333333333334
1 0.599 0.7193333333333334 0.004 0.013333333333333334
1 0.63075 0.6533333333333333 0.0045 0.012
1 0.6195 0.6083333333333333 0.003 0.008666666666666666
1 0.62825 0.603 0.0025 0.008666666666666666
1 0.6105 0.5823333333333334 0.002 0.008666666666666666
1 0.61225 0.5816666666666667 0.0025 0.008666666666666666
3 0.62375 0.5793333333333334 0.0185 0.04533333333333334
1 0.601 0.5953333333333334 0.003 0.009333333333333334
1 0.64275 0.601 0.0035 0.008666666666666666
1 0.64775 0.559 0.0015 0.007333333333333333
1 0.6495 0.559 0.002 0.007333333333333333
1 0.6505 0.5586666666666666 0.002 0.006666666666666667
1 0.6515 0.563 0.002 0.006
8 0.66575 0.527 0.0105 0.015333333333333332
7 0.6625 0.5173333333333333 0.006 0.008
7 0.669 0.5133333333333333 0.005 0.005333333333333333
8 0.67425 0.5076666666666667 0.0075 0.008666666666666666