7 0.67475 0.746 0.2175 0.19066666666666668
6 0.90125 0.8543333333333333 0.1975 0.20466666666666666
1 0.476 0.661 0.026 0.08866666666666667
1 0.4425 0.71 0.029 0.09066666666666667
1 0.41 0.7043333333333334 0.034 0.098
6 0.35125 0.6323333333333333 0.1625 0.19533333333333333
1 0.0535 0.5863333333333334 0.047 0.086
4 0.287 0.23133333333333334 0.02 0.048
5 0.28825 0.24966666666666668 0.0265 0.043333333333333335
1 0.66725 0.186 0.0125 0.036
6 0.54375 0.14 0.0845 0.072
1 0.5355 0.088 0.02 0.036
4 0.66375 0.06233333333333333 0.0125 0.03
9 0.659 0.08133333333333333 0.022 0.03866666666666667
7 0.50975 0.36766666666666664 0.0935 0.12866666666666668
6 0.582 0.4076666666666667 0.102 0.13533333333333333
7 0.6655 0.44166666666666665 0.081 0.178
6 0.777 0.4666666666666667 0.093 0.15866666666666668
7 0.89925 0.4856666666666667 0.0955 0.198
6 0.104 0.050333333333333334 0.085 0.06866666666666667
6 0.21375 0.14 0.0825 0.05733333333333333
3 0.75775 0.232 0.0515 0.09333333333333334
7 0.981 0.2683333333333333 0.038 0.13133333333333333