0 0.968 0.7113333333333334 0.062 0.07066666666666667
6 0.75175 0.6523333333333333 0.0385 0.027333333333333334
6 0.596 0.6453333333333333 0.035 0.025333333333333333
6 0.52725 0.66 0.0385 0.024
1 0.472 0.6913333333333334 0.005 0.018666666666666668
1 0.49275 0.6946666666666667 0.0035 0.018666666666666668
1 0.48925 0.708 0.0065 0.02
1 0.486 0.6966666666666667 0.006 0.017333333333333333
1 0.42775 0.658 0.0065 0.016
6 0.3815 0.6536666666666666 0.038 0.026
6 0.331 0.6563333333333333 0.037 0.024666666666666667
4 0.28125 0.641 0.0045 0.014
7 0.28 0.653 0.034 0.022
6 0.2225 0.6523333333333333 0.039 0.022
5 0.15925 0.6373333333333333 0.0145 0.012
4 0.15875 0.6336666666666667 0.0075 0.014
1 0.174 0.6456666666666667 0.007 0.018
1 0.1725 0.653 0.008 0.016666666666666666
5 0.16575 0.616 0.0055 0.014666666666666666
5 0.17125 0.6133333333333333 0.0055 0.014666666666666666
5 0.18725 0.6086666666666667 0.0065 0.014666666666666666
5 0.19275 0.6053333333333333 0.0055 0.016
0 0.8905 0.6366666666666667 0.204 0.025333333333333333
0 0.7595 0.614 0.066 0.03333333333333333
2 0.6415 0.5646666666666667 0.007 0.014666666666666666
2 0.6495 0.5666666666666667 0.007 0.014666666666666666
2 0.6595 0.5733333333333334 0.005 0.013333333333333334
2 0.66675 0.576 0.0065 0.017333333333333333
2 0.6745 0.5803333333333334 0.007 0.014
5 0.7215 0.6016666666666667 0.007 0.012666666666666666
5 0.71125 0.5983333333333334 0.0055 0.015333333333333332
5 0.70325 0.5963333333333334 0.0055 0.012666666666666666
2 0.69825 0.589 0.0105 0.011333333333333334
5 0.6895 0.5863333333333334 0.006 0.011333333333333334
0 0.6815 0.5846666666666667 0.007 0.016
5 0.2115 0.6003333333333334 0.006 0.011333333333333334
2 0.2155 0.5986666666666667 0.004 0.013333333333333334
2 0.21975 0.5956666666666667 0.0055 0.014
2 0.224 0.595 0.005 0.015333333333333332
2 0.2275 0.5926666666666667 0.006 0.014666666666666666
5 0.24125 0.5893333333333334 0.0055 0.010666666666666666
5 0.2465 0.5893333333333334 0.006 0.013333333333333334
5 0.25025 0.5873333333333334 0.0045 0.010666666666666666
5 0.2545 0.585 0.006 0.01
5 0.259 0.5833333333333334 0.006 0.010666666666666666
5 0.26325 0.582 0.0065 0.012
2 0.27225 0.579 0.0055 0.011333333333333334
2 0.27675 0.575 0.0065 0.016666666666666666
5 0.29025 0.571 0.0055 0.012666666666666666
5 0.29475 0.569 0.0045 0.012666666666666666
5 0.3 0.5663333333333334 0.006 0.012666666666666666
5 0.30375 0.5646666666666667 0.0055 0.013333333333333334
5 0.3065 0.5643333333333334 0.004 0.012666666666666666
2 0.312 0.5616666666666666 0.005 0.012666666666666666
2 0.31625 0.5606666666666666 0.0045 0.012
2 0.32125 0.5603333333333333 0.0045 0.011333333333333334
0 0.28425 0.5743333333333334 0.0055 0.012666666666666666
1 0.0095 0.7093333333333334 0.011 0.017333333333333333
2 0.01675 0.675 0.0075 0.015333333333333332
0 0.00625 0.673 0.0125 0.03266666666666666