6 0.30857142857142855 0.8057142857142857 0.055714285714285716 0.08571428571428572
6 0.3357142857142857 0.7747619047619048 0.05714285714285714 0.09619047619047619
8 0.3767857142857143 0.7590476190476191 0.07357142857142857 0.11238095238095239
6 0.40785714285714286 0.7271428571428571 0.05857142857142857 0.08666666666666667
6 0.4325 0.6952380952380952 0.05071428571428571 0.07809523809523809
6 0.48392857142857143 0.6638095238095238 0.047857142857142855 0.0838095238095238
7 0.5160714285714286 0.6457142857142857 0.045 0.08
6 0.5492857142857143 0.6342857142857142 0.04857142857142857 0.09142857142857143
6 0.5864285714285714 0.6290476190476191 0.05142857142857143 0.08857142857142856
6 0.6721428571428572 0.8142857142857143 0.06714285714285714 0.06476190476190476
2 0.6075 0.7738095238095238 0.025 0.023809523809523808
4 0.6089285714285714 0.7738095238095238 0.012142857142857143 0.018095238095238095
5 0.5782142857142857 0.7395238095238095 0.02214285714285714 0.01619047619047619
4 0.5782142857142857 0.7380952380952381 0.016428571428571428 0.015238095238095238
7 0.8039285714285714 0.6452380952380953 0.060714285714285714 0.07142857142857142
5 0.8553571428571428 0.6433333333333333 0.025 0.018095238095238095
4 0.86 0.6404761904761904 0.014285714285714285 0.014285714285714285
6 0.63 0.570952380952381 0.06 0.06190476190476191
7 0.6110714285714286 0.5385714285714286 0.05785714285714286 0.06380952380952382
7 0.5742857142857143 0.49714285714285716 0.07285714285714286 0.06095238095238095
1 0.44142857142857145 0.5733333333333334 0.014285714285714285 0.015238095238095238
2 0.8189285714285715 0.8485714285714285 0.027857142857142858 0.01904761904761905
4 0.8221428571428572 0.8495238095238096 0.015714285714285715 0.017142857142857144
2 0.6178571428571429 0.4471428571428571 0.025714285714285714 0.02
2 0.6475 0.48095238095238096 0.02214285714285714 0.030476190476190476
2 0.6385714285714286 0.3961904761904762 0.017142857142857144 0.024761904761904763
4 0.6389285714285714 0.39476190476190476 0.012142857142857143 0.014285714285714285
7 0.5428571428571428 0.3314285714285714 0.05 0.06476190476190476
2 0.5585714285714286 0.24047619047619048 0.007142857142857143 0.029523809523809525
2 0.5689285714285715 0.24523809523809523 0.015 0.03142857142857143
2 0.5782142857142857 0.2580952380952381 0.019285714285714285 0.02857142857142857
2 0.5853571428571429 0.2680952380952381 0.013571428571428571 0.029523809523809525
2 0.6 0.2785714285714286 0.02 0.029523809523809525
2 0.6114285714285714 0.29428571428571426 0.02 0.02857142857142857
2 0.6246428571428572 0.3076190476190476 0.016428571428571428 0.024761904761904763
2 0.6389285714285714 0.31952380952380954 0.025 0.021904761904761906
2 0.6535714285714286 0.22904761904761906 0.022857142857142857 0.025714285714285714
2 0.6414285714285715 0.21904761904761905 0.017142857142857144 0.030476190476190476
2 0.6235714285714286 0.21904761904761905 0.015714285714285715 0.03428571428571429
2 0.6146428571428572 0.21142857142857144 0.013571428571428571 0.02095238095238095
4 0.6657142857142857 0.21523809523809523 0.008571428571428572 0.011428571428571429
2 0.5842857142857143 0.16428571428571428 0.011428571428571429 0.02761904761904762
2 0.5957142857142858 0.16142857142857142 0.011428571428571429 0.02761904761904762
2 0.6053571428571428 0.16142857142857142 0.010714285714285714 0.03142857142857143
2 0.6167857142857143 0.16047619047619047 0.007857142857142858 0.025714285714285714
2 0.6857142857142857 0.15904761904761905 0.014285714285714285 0.02666666666666667
2 0.7192857142857143 0.14761904761904762 0.018571428571428572 0.01904761904761905
7 0.3407142857142857 0.16380952380952382 0.04285714285714286 0.05142857142857143
2 0.32571428571428573 0.05 0.015714285714285715 0.021904761904761906
4 0.32392857142857145 0.04857142857142857 0.009285714285714286 0.015238095238095238
4 0.36464285714285716 0.025714285714285714 0.010714285714285714 0.015238095238095238
5 0.17892857142857144 0.10666666666666667 0.02214285714285714 0.02095238095238095
9 0.7939285714285714 0.41714285714285715 0.04357142857142857 0.03619047619047619
4 0.8075 0.4085714285714286 0.010714285714285714 0.015238095238095238
2 0.8442857142857143 0.40476190476190477 0.024285714285714285 0.02095238095238095
4 0.8460714285714286 0.4033333333333333 0.012142857142857143 0.01619047619047619
1 0.775 0.19095238095238096 0.014285714285714285 0.021904761904761906
1 0.8032142857142858 0.11571428571428571 0.013571428571428571 0.021904761904761906
1 0.7975 0.10380952380952381 0.012142857142857143 0.02666666666666667
1 0.8064285714285714 0.07666666666666666 0.012857142857142857 0.023809523809523808
1 0.8239285714285715 0.0761904761904762 0.013571428571428571 0.024761904761904763
2 0.8489285714285715 0.05714285714285714 0.015 0.02857142857142857
4 0.8510714285714286 0.054285714285714284 0.010714285714285714 0.02095238095238095
1 0.8410714285714286 0.1880952380952381 0.012142857142857143 0.021904761904761906
6 0.8532142857142857 0.2904761904761905 0.04214285714285714 0.08
1 0.9621428571428572 0.28904761904761905 0.018571428571428572 0.02
5 0.9578571428571429 0.2714285714285714 0.022857142857142857 0.017142857142857144
4 0.9635714285714285 0.2680952380952381 0.015714285714285715 0.014285714285714285
7 0.9242857142857143 0.029523809523809525 0.054285714285714284 0.05142857142857143
6 0.9396428571428571 0.018095238095238095 0.055 0.03619047619047619