6 0.3575 0.034761904761904765 0.015 0.039047619047619046
6 0.3610714285714286 0.07285714285714286 0.012142857142857143 0.035238095238095235
6 0.25285714285714284 0.16047619047619047 0.027142857142857142 0.02
7 0.2517857142857143 0.17952380952380953 0.025 0.02
2 0.32535714285714284 0.018571428571428572 0.009285714285714286 0.010476190476190476
2 0.3367857142857143 0.013333333333333334 0.009285714285714286 0.013333333333333334
2 0.3364285714285714 0.03428571428571429 0.01 0.013333333333333334
2 0.31214285714285717 0.022857142857142857 0.014285714285714285 0.011428571428571429
1 0.3871428571428571 0.048095238095238094 0.005714285714285714 0.012380952380952381
1 0.3942857142857143 0.047142857142857146 0.005714285714285714 0.012380952380952381
1 0.4185714285714286 0.04 0.004285714285714286 0.011428571428571429
2 0.4114285714285714 0.5142857142857142 0.004285714285714286 0.015238095238095238
5 0.42714285714285716 0.6352380952380953 0.005714285714285714 0.013333333333333334
4 0.42714285714285716 0.6347619047619047 0.005714285714285714 0.008571428571428572
1 0.4332142857142857 0.6376190476190476 0.0035714285714285713 0.006666666666666667
1 0.45714285714285713 0.7723809523809524 0.004285714285714286 0.013333333333333334
1 0.465 0.7733333333333333 0.004285714285714286 0.009523809523809525
1 0.4614285714285714 0.7380952380952381 0.004285714285714286 0.007619047619047619
1 0.645 0.9742857142857143 0.005714285714285714 0.011428571428571429
2 0.6546428571428572 0.8666666666666667 0.0064285714285714285 0.02095238095238095
6 0.9292857142857143 0.7404761904761905 0.02857142857142857 0.021904761904761906
7 0.9603571428571429 0.7509523809523809 0.030714285714285715 0.02
8 0.9310714285714285 0.6528571428571428 0.04357142857142857 0.029523809523809525
7 0.9139285714285714 0.49142857142857144 0.029285714285714286 0.01904761904761905
6 0.9535714285714286 0.5066666666666667 0.03 0.02666666666666667
1 0.6035714285714285 0.6647619047619048 0.004285714285714286 0.007619047619047619
1 0.5264285714285715 0.5933333333333334 0.004285714285714286 0.005714285714285714
1 0.5828571428571429 0.589047619047619 0.005714285714285714 0.006666666666666667
1 0.5417857142857143 0.6128571428571429 0.005 0.006666666666666667
1 0.5475 0.6133333333333333 0.0035714285714285713 0.005714285714285714
0 0.6871428571428572 0.3919047619047619 0.011428571428571429 0.01619047619047619