0 0.13925 0.7263333333333334 0.0555 0.027333333333333334
1 0.07675 0.73 0.0055 0.016
6 0.286 0.7493333333333333 0.024 0.017333333333333333
6 0.3135 0.759 0.025 0.018
6 0.3415 0.7646666666666667 0.028 0.018666666666666668
6 0.42475 0.7746666666666666 0.0265 0.017333333333333333
6 0.4305 0.7903333333333333 0.033 0.019333333333333334
1 0.57825 0.8016666666666666 0.0055 0.015333333333333332
9 0.58075 0.8106666666666666 0.0165 0.017333333333333333
1 0.66875 0.8546666666666667 0.0065 0.017333333333333333
0 0.6655 0.806 0.11 0.076
6 0.7395 0.8766666666666667 0.052 0.034666666666666665
6 0.82225 0.885 0.0295 0.028666666666666667
0 0.30775 0.7293333333333333 0.1035 0.012