1 0.01 0.6343333333333333 0.007 0.016666666666666666
1 0.01775 0.6283333333333333 0.0075 0.015333333333333332
6 0.17125 0.6866666666666666 0.0295 0.032
6 0.257 0.5673333333333334 0.028 0.028
6 0.2705 0.5576666666666666 0.031 0.022
6 0.287 0.548 0.028 0.025333333333333333
6 0.297 0.5383333333333333 0.027 0.020666666666666667
6 0.4705 0.655 0.035 0.022
6 0.444 0.6786666666666666 0.035 0.02266666666666667
6 0.436 0.699 0.038 0.023333333333333334
6 0.40225 0.7283333333333334 0.0395 0.024666666666666667
6 0.369 0.7636666666666667 0.041 0.024666666666666667
6 0.34625 0.788 0.0415 0.028
6 0.35225 0.8696666666666667 0.0255 0.05
6 0.61525 0.7126666666666667 0.0415 0.02666666666666667
6 0.59125 0.7503333333333333 0.0445 0.027333333333333334
6 0.9855 0.7433333333333333 0.029 0.029333333333333333
6 0.9915 0.7273333333333334 0.017 0.018666666666666668
6 0.99225 0.7126666666666667 0.0145 0.02
6 0.98725 0.7783333333333333 0.0255 0.028666666666666667
6 0.98575 0.798 0.0285 0.030666666666666665
6 0.978 0.8353333333333334 0.044 0.042666666666666665
6 0.971 0.8523333333333334 0.05 0.043333333333333335
6 0.968 0.874 0.058 0.050666666666666665
7 0.95775 0.8886666666666667 0.0445 0.050666666666666665
6 0.954 0.916 0.058 0.05333333333333334
6 0.94875 0.9366666666666666 0.0575 0.052
6 0.94675 0.9626666666666667 0.0575 0.05733333333333333
6 0.94225 0.9796666666666667 0.0585 0.04066666666666666
0 0.47175 0.17433333333333334 0.0805 0.018
0 0.58075 0.18766666666666668 0.1235 0.034
0 0.35575 0.20333333333333334 0.0565 0.02