2 0.05142857142857143 0.14904761904761904 0.032857142857142856 0.021904761904761906
2 0.07357142857142857 0.1295238095238095 0.03142857142857143 0.030476190476190476
6 0.2932142857142857 0.02238095238095238 0.035 0.03333333333333333
6 0.34464285714285714 0.017142857142857144 0.027857142857142858 0.03428571428571429
6 0.3314285714285714 0.04428571428571428 0.03428571428571429 0.04285714285714286
7 0.31392857142857145 0.07095238095238095 0.03642857142857143 0.05047619047619047
6 0.2892857142857143 0.11428571428571428 0.041428571428571426 0.05523809523809524
6 0.3392857142857143 0.09619047619047619 0.04285714285714286 0.05333333333333334
1 0.4367857142857143 0.027142857142857142 0.007857142857142858 0.029523809523809525
7 0.48 0.014285714285714285 0.04857142857142857 0.02857142857142857
6 0.25892857142857145 0.16714285714285715 0.05357142857142857 0.06571428571428571
7 0.21857142857142858 0.23476190476190475 0.07142857142857142 0.08666666666666667
6 0.2907142857142857 0.2038095238095238 0.054285714285714284 0.07809523809523809
6 0.1725 0.32571428571428573 0.075 0.08190476190476191
6 0.07785714285714286 0.33476190476190476 0.10142857142857142 0.1019047619047619
2 0.0325 0.42 0.065 0.05714285714285714
7 0.095 0.4423809523809524 0.10428571428571429 0.14952380952380953
6 0.23535714285714285 0.5328571428571428 0.09357142857142857 0.15714285714285714
6 0.3653571428571429 0.9228571428571428 0.09642857142857143 0.1523809523809524
6 0.3975 0.7171428571428572 0.08071428571428571 0.21714285714285714
6 0.42678571428571427 0.49523809523809526 0.05928571428571429 0.12761904761904763
6 0.3657142857142857 0.42904761904761907 0.06714285714285714 0.10761904761904761
6 0.44821428571428573 0.3461904761904762 0.04928571428571429 0.09047619047619047
6 0.33035714285714285 0.26666666666666666 0.05785714285714286 0.08761904761904762
6 0.4617857142857143 0.2557142857142857 0.04357142857142857 0.07904761904761905
6 0.4714285714285714 0.18523809523809523 0.04 0.06571428571428571
6 0.47785714285714287 0.12238095238095238 0.03857142857142857 0.05238095238095238
6 0.4903571428571429 0.04619047619047619 0.035 0.039047619047619046
6 0.48714285714285716 0.07809523809523809 0.032857142857142856 0.0380952380952381
6 0.5696428571428571 0.01619047619047619 0.023571428571428573 0.03238095238095238
6 0.6153571428571428 0.018095238095238095 0.02642857142857143 0.03619047619047619
1 0.645 0.013333333333333334 0.01 0.02666666666666667
1 0.5389285714285714 0.1280952380952381 0.009285714285714286 0.03333333333333333
6 0.5889285714285715 0.1419047619047619 0.035 0.05142857142857143
1 0.6035714285714285 0.18 0.01 0.02857142857142857
6 0.5925 0.21619047619047618 0.04357142857142857 0.07809523809523809
6 0.5578571428571428 0.26857142857142857 0.04 0.03238095238095238
6 0.6121428571428571 0.2866666666666667 0.02 0.0419047619047619
6 0.6621428571428571 0.06904761904761905 0.01 0.029523809523809525
1 0.6803571428571429 0.3057142857142857 0.017857142857142856 0.05142857142857143
4 0.7471428571428571 0.3252380952380952 0.024285714285714285 0.02761904761904762
1 0.5764285714285714 0.3923809523809524 0.015714285714285715 0.05142857142857143
2 0.5710714285714286 0.5157142857142857 0.025 0.06952380952380953
1 0.6757142857142857 0.4776190476190476 0.02 0.05619047619047619
2 0.7628571428571429 0.5166666666666667 0.024285714285714285 0.058095238095238096
2 0.6296428571428572 0.539047619047619 0.05785714285714286 0.05333333333333334
7 0.6714285714285714 0.900952380952381 0.15571428571428572 0.1980952380952381