6 0.4642857142857143 0.407994923857868 0.011428571428571429 0.031725888324873094
6 0.43714285714285717 0.6123096446700508 0.015714285714285715 0.046954314720812185
6 0.4110714285714286 0.565989847715736 0.016428571428571428 0.03299492385786802
6 0.4642857142857143 0.6345177664974619 0.017142857142857144 0.048223350253807105
6 0.4303571428571429 0.7163705583756346 0.017857142857142856 0.05203045685279188
6 0.47035714285714286 0.2633248730964467 0.009285714285714286 0.024111675126903553
6 0.4253571428571429 0.21256345177664976 0.007857142857142858 0.01649746192893401
6 0.44 0.19416243654822335 0.007142857142857143 0.015228426395939087
6 0.42392857142857143 0.17385786802030456 0.007857142857142858 0.017766497461928935
6 0.4757142857142857 0.22398477157360405 0.008571428571428572 0.01903553299492386
6 0.4203571428571429 0.25951776649746194 0.009285714285714286 0.01903553299492386
11 0.4107142857142857 0.35088832487309646 0.012857142857142857 0.044416243654822336
11 0.39071428571428574 0.5152284263959391 0.03 0.116751269035533
0 0.3492857142857143 0.00951776649746193 0.041428571428571426 0.01903553299492386
11 0.4682142857142857 0.5050761421319797 0.015 0.06091370558375635
7 0.37464285714285717 0.6459390862944162 0.02214285714285714 0.0532994923857868
7 0.3425 0.876269035532995 0.047857142857142855 0.05456852791878172
1 0.25535714285714284 0.9530456852791879 0.0064285714285714285 0.025380710659898477
1 0.24857142857142858 0.9536802030456852 0.007142857142857143 0.0266497461928934
1 0.29214285714285715 0.7842639593908629 0.007142857142857143 0.027918781725888325
1 0.3003571428571429 0.6935279187817259 0.005 0.021573604060913704
1 0.32357142857142857 0.748730964467005 0.005714285714285714 0.02284263959390863
1 0.36357142857142855 0.4727157360406091 0.004285714285714286 0.01649746192893401
1 0.35964285714285715 0.4739847715736041 0.0035714285714285713 0.01903553299492386
1 0.37214285714285716 0.47652284263959394 0.004285714285714286 0.01903553299492386
1 0.36607142857142855 0.4676395939086294 0.005 0.01903553299492386
1 0.4942857142857143 0.3546954314720812 0.004285714285714286 0.01649746192893401
6 0.8385714285714285 0.6421319796954315 0.018571428571428572 0.03553299492385787
1 0.5060714285714286 0.1814720812182741 0.0035714285714285713 0.012690355329949238