6 0.35964285714285715 0.8071428571428572 0.035 0.058095238095238096
6 0.30464285714285716 0.8271428571428572 0.045 0.06380952380952382
6 0.33 0.7638095238095238 0.032857142857142856 0.047619047619047616
6 0.36714285714285716 0.7619047619047619 0.03 0.0380952380952381
6 0.34285714285714286 0.729047619047619 0.02857142857142857 0.035238095238095235
6 0.385 0.7033333333333334 0.022857142857142857 0.037142857142857144
6 0.35464285714285715 0.6980952380952381 0.023571428571428573 0.03238095238095238
6 0.36392857142857143 0.6780952380952381 0.02214285714285714 0.02095238095238095
6 0.36964285714285716 0.6557142857142857 0.017857142857142856 0.021904761904761906
6 0.4082142857142857 0.599047619047619 0.009285714285714286 0.013333333333333334
6 0.45107142857142857 0.5904761904761905 0.009285714285714286 0.011428571428571429
6 0.4446428571428571 0.5676190476190476 0.009285714285714286 0.009523809523809525
6 0.39964285714285713 0.5819047619047619 0.009285714285714286 0.011428571428571429
6 0.40535714285714286 0.5704761904761905 0.007857142857142858 0.007619047619047619
6 0.4164285714285714 0.5566666666666666 0.005714285714285714 0.008571428571428572
6 0.3964285714285714 0.5633333333333334 0.008571428571428572 0.010476190476190476
7 0.4007142857142857 0.5471428571428572 0.005714285714285714 0.008571428571428572
6 0.4085714285714286 0.5461904761904762 0.005714285714285714 0.006666666666666667
0 0.4253571428571429 0.5347619047619048 0.060714285714285714 0.023809523809523808
6 0.017857142857142856 0.6504761904761904 0.03142857142857143 0.024761904761904763
1 0.34035714285714286 0.599047619047619 0.005 0.015238095238095238