6 0.72625 0.568 0.0895 0.05466666666666667
6 0.799 0.6343333333333333 0.056 0.06733333333333333
4 0.77 0.7173333333333334 0.022 0.025333333333333333
2 0.766 0.7223333333333334 0.024 0.04466666666666667
6 0.85725 0.551 0.0595 0.06466666666666666
6 0.87425 0.47833333333333333 0.0615 0.05
6 0.804 0.4663333333333333 0.057 0.066
6 0.8955 0.36133333333333334 0.038 0.042666666666666665
6 0.54175 0.5583333333333333 0.0835 0.07133333333333333
6 0.4665 0.377 0.046 0.042
6 0.436 0.3606666666666667 0.036 0.034666666666666665
6 0.40675 0.348 0.0425 0.04133333333333333
6 0.38175 0.33366666666666667 0.0395 0.035333333333333335
6 0.32875 0.35433333333333333 0.0385 0.038
6 0.356 0.322 0.039 0.042666666666666665
6 0.33175 0.31133333333333335 0.0365 0.036
6 0.309 0.297 0.036 0.03933333333333333
6 0.28575 0.2843333333333333 0.0345 0.03133333333333333
6 0.25475 0.276 0.0245 0.030666666666666665
2 0.225 0.24733333333333332 0.007 0.018666666666666668
0 0.02175 0.114 0.0425 0.06666666666666667
1 0.7565 0.27566666666666667 0.011 0.024666666666666667
1 0.992 0.19133333333333333 0.008 0.018666666666666668