6 0.06357142857142857 0.6919047619047619 0.06142857142857143 0.1438095238095238
6 0.3678571428571429 0.7371428571428571 0.04428571428571428 0.12380952380952381
6 0.43107142857142855 0.7261904761904762 0.03785714285714286 0.11904761904761904
6 0.5028571428571429 0.6257142857142857 0.047142857142857146 0.13523809523809524
6 0.5467857142857143 0.7971428571428572 0.03785714285714286 0.14095238095238094
6 0.6157142857142858 0.7804761904761904 0.045714285714285714 0.13047619047619047
6 0.5535714285714286 0.6038095238095238 0.04285714285714286 0.12761904761904763
6 0.44535714285714284 0.560952380952381 0.039285714285714285 0.11428571428571428
6 0.3892857142857143 0.5585714285714286 0.047142857142857146 0.11904761904761904
6 0.5578571428571428 0.4185714285714286 0.03428571428571429 0.10571428571428572
6 0.6025 0.5938095238095238 0.04071428571428572 0.13047619047619047
6 0.4575 0.4280952380952381 0.04071428571428572 0.10952380952380952
6 0.4089285714285714 0.3780952380952381 0.03642857142857143 0.09142857142857143
6 0.4657142857142857 0.26285714285714284 0.03 0.08190476190476191
6 0.4521428571428571 0.024761904761904763 0.025714285714285714 0.049523809523809526
6 0.4760714285714286 0.14 0.02642857142857143 0.0761904761904762
6 0.4210714285714286 0.26761904761904765 0.03214285714285714 0.08571428571428572
11 0.5682142857142857 0.11095238095238096 0.045 0.14952380952380953
7 0.4878571428571429 0.7942857142857143 0.03857142857142857 0.12
8 0.6042857142857143 0.4166666666666667 0.04 0.13428571428571429
6 0.175 0.39095238095238094 0.037142857142857144 0.1
6 0.10678571428571429 0.26904761904761904 0.08071428571428571 0.04666666666666667
6 0.04964285714285714 0.49952380952380954 0.085 0.05619047619047619
6 0.1632142857142857 0.11761904761904762 0.07071428571428572 0.04285714285714286
6 0.7778571428571428 0.04 0.03571428571428571 0.05714285714285714
6 0.16642857142857143 0.08238095238095237 0.06428571428571428 0.04285714285714286
6 0.09357142857142857 0.3233333333333333 0.08285714285714285 0.04285714285714286
6 0.12464285714285714 0.22952380952380952 0.06357142857142857 0.05142857142857143
6 0.13464285714285715 0.19857142857142857 0.07214285714285715 0.04857142857142857
6 0.17857142857142858 0.05285714285714286 0.06571428571428571 0.039047619047619046
6 0.19285714285714287 0.02095238095238095 0.06714285714285714 0.04
6 0.9260714285714285 0.02761904761904762 0.05785714285714286 0.0380952380952381
6 0.9571428571428572 0.11761904761904762 0.08 0.04476190476190476
6 0.9464285714285714 0.08333333333333333 0.06428571428571428 0.029523809523809525
6 0.016428571428571428 0.8776190476190476 0.032857142857142856 0.12095238095238095
1 0.11821428571428572 0.5747619047619048 0.016428571428571428 0.023809523809523808
1 0.12107142857142857 0.5133333333333333 0.023571428571428573 0.03619047619047619
1 0.32321428571428573 0.09619047619047619 0.012142857142857143 0.02857142857142857
1 0.9625 0.5795238095238096 0.019285714285714285 0.03142857142857143
1 0.9596428571428571 0.6647619047619048 0.02214285714285714 0.024761904761904763
1 0.9882142857142857 0.7047619047619048 0.02214285714285714 0.022857142857142857
1 0.2935714285714286 0.18666666666666668 0.011428571428571429 0.03238095238095238
1 0.22357142857142856 0.30904761904761907 0.015714285714285715 0.023809523809523808
1 0.21785714285714286 0.3028571428571429 0.015714285714285715 0.02857142857142857
1 0.20535714285714285 0.11095238095238096 0.015 0.029523809523809525
5 0.12071428571428572 0.39095238095238094 0.03142857142857143 0.014285714285714285
5 0.10928571428571429 0.39571428571428574 0.047142857142857146 0.023809523809523808
5 0.13107142857142856 0.4423809523809524 0.019285714285714285 0.037142857142857144
2 0.06535714285714286 0.36238095238095236 0.03357142857142857 0.01619047619047619
2 0.05928571428571429 0.38333333333333336 0.03142857142857143 0.025714285714285714
2 0.07464285714285715 0.3457142857142857 0.03785714285714286 0.024761904761904763
2 0.2042857142857143 0.32095238095238093 0.012857142857142857 0.03238095238095238
5 0.1325 0.6357142857142857 0.013571428571428571 0.035238095238095235
4 0.12678571428571428 0.6361904761904762 0.019285714285714285 0.01904761904761905
4 0.2007142857142857 0.32476190476190475 0.01 0.015238095238095238
4 0.20035714285714284 0.31333333333333335 0.015 0.013333333333333334
1 0.4682142857142857 0.9871428571428571 0.019285714285714285 0.02
1 0.4689285714285714 0.969047619047619 0.017857142857142856 0.02
0 0.9525 0.73 0.019285714285714285 0.040952380952380955
1 0.92 0.4957142857142857 0.017142857142857144 0.029523809523809525
9 0.9225 0.5238095238095238 0.025 0.0419047619047619
9 0.9746428571428571 0.8185714285714286 0.019285714285714285 0.05047619047619047
4 0.9792857142857143 0.8152380952380952 0.015714285714285715 0.02666666666666667