6 0.3078571428571429 0.010476190476190476 0.015714285714285715 0.02095238095238095
7 0.335 0.03571428571428571 0.018571428571428572 0.04285714285714286
1 0.3539285714285714 0.040952380952380955 0.0064285714285714285 0.02095238095238095
1 0.23214285714285715 0.10857142857142857 0.007142857142857143 0.017142857142857144
1 0.23142857142857143 0.13523809523809524 0.007142857142857143 0.022857142857142857
1 0.195 0.1823809523809524 0.008571428571428572 0.02
4 0.3053571428571429 0.14714285714285713 0.007857142857142858 0.012380952380952381
4 0.4142857142857143 0.16714285714285715 0.005714285714285714 0.012380952380952381
4 0.25035714285714283 0.22523809523809524 0.009285714285714286 0.02
4 0.30857142857142855 0.25285714285714284 0.008571428571428572 0.01619047619047619
4 0.33071428571428574 0.27095238095238094 0.008571428571428572 0.01619047619047619
1 0.24714285714285714 0.31285714285714283 0.011428571428571429 0.023809523809523808
1 0.20857142857142857 0.26857142857142857 0.008571428571428572 0.02095238095238095
4 0.32607142857142857 0.4766666666666667 0.010714285714285714 0.018095238095238095
1 0.03464285714285714 0.3823809523809524 0.010714285714285714 0.02
1 0.0225 0.4990476190476191 0.010714285714285714 0.02095238095238095
4 0.010357142857142856 0.6233333333333333 0.013571428571428571 0.018095238095238095
4 0.0067857142857142855 0.6285714285714286 0.012142857142857143 0.011428571428571429
1 0.27714285714285714 0.54 0.012857142857142857 0.03238095238095238
1 0.2592857142857143 0.54 0.011428571428571429 0.024761904761904763
4 0.31535714285714284 0.8861904761904762 0.013571428571428571 0.02
4 0.315 0.8766666666666667 0.014285714285714285 0.014285714285714285
1 0.5210714285714285 0.9842857142857143 0.009285714285714286 0.018095238095238095
1 0.55 0.9928571428571429 0.008571428571428572 0.014285714285714285
4 0.4689285714285714 0.5957142857142858 0.009285714285714286 0.02
1 0.5157142857142857 0.5233333333333333 0.007142857142857143 0.021904761904761906
1 0.48857142857142855 0.5061904761904762 0.007142857142857143 0.021904761904761906
4 0.45285714285714285 0.30523809523809525 0.005714285714285714 0.018095238095238095
2 0.4617857142857143 0.10714285714285714 0.016428571428571428 0.02
2 0.4142857142857143 0.1676190476190476 0.007142857142857143 0.022857142857142857
10 0.3075 0.15285714285714286 0.012142857142857143 0.023809523809523808
2 0.30857142857142855 0.259047619047619 0.012857142857142857 0.022857142857142857
2 0.3314285714285714 0.2776190476190476 0.008571428571428572 0.023809523809523808
5 0.45321428571428574 0.31 0.005 0.021904761904761906
2 0.4882142857142857 0.4057142857142857 0.017857142857142856 0.024761904761904763
2 0.5182142857142857 0.36714285714285716 0.010714285714285714 0.02761904761904762
2 0.515 0.3238095238095238 0.008571428571428572 0.02095238095238095
2 0.5028571428571429 0.5276190476190477 0.022857142857142857 0.02857142857142857
2 0.49714285714285716 0.5376190476190477 0.02142857142857143 0.018095238095238095
2 0.5096428571428572 0.559047619047619 0.02214285714285714 0.022857142857142857
2 0.5078571428571429 0.570952380952381 0.025714285714285714 0.02
2 0.5078571428571429 0.580952380952381 0.025714285714285714 0.017142857142857144
2 0.5096428571428572 0.5952380952380952 0.027857142857142858 0.02095238095238095
2 0.5046428571428572 0.6085714285714285 0.027857142857142858 0.017142857142857144
2 0.5107142857142857 0.6180952380952381 0.027142857142857142 0.017142857142857144
2 0.5114285714285715 0.6342857142857142 0.022857142857142857 0.02666666666666667
2 0.4692857142857143 0.5985714285714285 0.01 0.03333333333333333
2 0.4975 0.6942857142857143 0.010714285714285714 0.045714285714285714
2 0.31535714285714284 0.8885714285714286 0.013571428571428571 0.05142857142857143
2 0.013928571428571429 0.6271428571428571 0.027857142857142858 0.03333333333333333
2 0.3264285714285714 0.48095238095238096 0.012857142857142857 0.03619047619047619
5 0.25107142857142856 0.22952380952380952 0.012142857142857143 0.02666666666666667
2 0.09464285714285714 0.34809523809523807 0.023571428571428573 0.023809523809523808
2 0.10071428571428571 0.34 0.024285714285714285 0.022857142857142857
6 0.0875 0.4014285714285714 0.04214285714285714 0.05238095238095238
8 0.1457142857142857 0.31761904761904763 0.06 0.07714285714285714
6 0.18892857142857142 0.26857142857142857 0.04071428571428572 0.05142857142857143
2 0.2125 0.20476190476190476 0.016428571428571428 0.017142857142857144
6 0.24 0.20095238095238097 0.03857142857142857 0.05142857142857143
6 0.17785714285714285 0.22523809523809524 0.03857142857142857 0.04285714285714286
2 0.2567857142857143 0.14285714285714285 0.012142857142857143 0.022857142857142857
2 0.205 0.14333333333333334 0.005714285714285714 0.02
6 0.2839285714285714 0.1419047619047619 0.023571428571428573 0.04380952380952381
2 0.26035714285714284 0.09619047619047619 0.007857142857142858 0.02095238095238095
6 0.28785714285714287 0.10380952380952381 0.017142857142857144 0.03619047619047619
6 0.2867857142857143 0.07142857142857142 0.017857142857142856 0.0380952380952381
6 0.3467857142857143 0.1061904761904762 0.020714285714285713 0.04285714285714286
8 0.3817857142857143 0.09476190476190476 0.02214285714285714 0.04285714285714286
6 0.3582142857142857 0.18714285714285714 0.020714285714285713 0.04666666666666667
6 0.36642857142857144 0.3380952380952381 0.022857142857142857 0.05714285714285714
6 0.36964285714285716 0.49523809523809526 0.02214285714285714 0.06476190476190476
6 0.5271428571428571 0.8942857142857142 0.03857142857142857 0.12
6 0.47535714285714287 0.3323809523809524 0.023571428571428573 0.05523809523809524
8 0.4717857142857143 0.2752380952380952 0.02642857142857143 0.05333333333333334
6 0.4607142857142857 0.2276190476190476 0.022857142857142857 0.04380952380952381
6 0.45571428571428574 0.18571428571428572 0.025714285714285714 0.04
8 0.42714285714285716 0.06952380952380953 0.02 0.03619047619047619
2 0.425 0.04428571428571428 0.015714285714285715 0.014285714285714285
8 0.4142857142857143 0.014761904761904763 0.02142857142857143 0.029523809523809525
1 0.6060714285714286 0.4033333333333333 0.007857142857142858 0.02
1 0.6014285714285714 0.6133333333333333 0.01 0.022857142857142857
6 0.6517857142857143 0.07476190476190477 0.04071428571428572 0.023809523809523808
6 0.6535714285714286 0.09333333333333334 0.03857142857142857 0.02095238095238095
7 0.6603571428571429 0.11190476190476191 0.035 0.035238095238095235
6 0.7046428571428571 0.08761904761904762 0.039285714285714285 0.024761904761904763
6 0.7021428571428572 0.10666666666666667 0.041428571428571426 0.02857142857142857
6 0.7028571428571428 0.12380952380952381 0.04285714285714286 0.02666666666666667
7 0.6928571428571428 0.14476190476190476 0.047142857142857146 0.024761904761904763
6 0.2417857142857143 0.2904761904761905 0.045 0.05333333333333334