1 0.17892857142857144 0.6828571428571428 0.039285714285714285 0.07047619047619047
1 0.055 0.7223809523809523 0.06714285714285714 0.07142857142857142
1 0.44 0.7642857142857142 0.037142857142857144 0.05238095238095238
1 0.4228571428571429 0.5847619047619048 0.04857142857142857 0.07238095238095238
1 0.28714285714285714 0.560952380952381 0.027142857142857142 0.07047619047619047
1 0.2032142857142857 0.5923809523809523 0.060714285714285714 0.05714285714285714
1 0.12607142857142858 0.5728571428571428 0.056428571428571425 0.07714285714285714
1 0.23357142857142857 0.4328571428571429 0.03857142857142857 0.07142857142857142
1 0.29678571428571426 0.43238095238095237 0.029285714285714286 0.06857142857142857
1 0.3375 0.3438095238095238 0.02214285714285714 0.0761904761904762
1 0.46535714285714286 0.45904761904761904 0.035 0.06285714285714286
1 0.46714285714285714 0.38285714285714284 0.024285714285714285 0.05523809523809524
1 0.47214285714285714 0.2761904761904762 0.017142857142857144 0.05333333333333334
1 0.36464285714285716 0.3028571428571429 0.027857142857142858 0.047619047619047616
1 0.31892857142857145 0.26095238095238094 0.017857142857142856 0.05714285714285714
1 0.2007142857142857 0.3119047619047619 0.045714285714285714 0.05238095238095238
1 0.13392857142857142 0.25047619047619046 0.029285714285714286 0.06476190476190476
1 0.08214285714285714 0.3219047619047619 0.032857142857142856 0.06666666666666667
1 0.11071428571428571 0.38047619047619047 0.037142857142857144 0.06571428571428571
1 0.04642857142857143 0.4257142857142857 0.037142857142857144 0.0761904761904762
1 0.07714285714285714 0.8361904761904762 0.05714285714285714 0.06476190476190476
1 0.21928571428571428 0.38666666666666666 0.037142857142857144 0.05714285714285714
4 0.18142857142857144 0.21095238095238095 0.018571428571428572 0.054285714285714284
4 0.19964285714285715 0.21619047619047618 0.025 0.047619047619047616
5 0.11964285714285715 0.20952380952380953 0.056428571428571425 0.04
5 0.31214285714285717 0.20333333333333334 0.017142857142857144 0.04857142857142857
5 0.3782142857142857 0.20952380952380953 0.025 0.05142857142857143
5 0.39035714285714285 0.1895238095238095 0.017857142857142856 0.05333333333333334
5 0.46464285714285714 0.21 0.039285714285714285 0.058095238095238096
5 0.5567857142857143 0.20714285714285716 0.017857142857142856 0.05047619047619047
1 0.5096428571428572 0.05095238095238095 0.019285714285714285 0.05047619047619047
1 0.5553571428571429 0.035238095238095235 0.016428571428571428 0.05523809523809524
1 0.535 0.019523809523809523 0.017142857142857144 0.039047619047619046
1 0.4810714285714286 0.023333333333333334 0.017857142857142856 0.04666666666666667
1 0.665 0.0719047619047619 0.017142857142857144 0.07333333333333333
1 0.7107142857142857 0.041428571428571426 0.014285714285714285 0.06380952380952382
1 0.6789285714285714 0.016666666666666666 0.016428571428571428 0.03333333333333333
1 0.8803571428571428 0.19333333333333333 0.023571428571428573 0.06476190476190476
5 0.8860714285714286 0.047142857142857146 0.029285714285714286 0.04666666666666667
2 0.9064285714285715 0.04476190476190476 0.037142857142857144 0.0380952380952381
2 0.8907142857142857 0.017619047619047618 0.04 0.03333333333333333
5 0.9242857142857143 0.020476190476190478 0.03142857142857143 0.037142857142857144
5 0.9782142857142857 0.5776190476190476 0.04357142857142857 0.09238095238095238
5 0.5321428571428571 0.900952380952381 0.08714285714285715 0.05904761904761905
5 0.4142857142857143 0.9276190476190476 0.08857142857142856 0.049523809523809526
4 0.3560714285714286 0.8566666666666667 0.029285714285714286 0.05619047619047619
5 0.03571428571428571 0.9752380952380952 0.07142857142857142 0.047619047619047616
5 0.03678571428571428 0.9223809523809524 0.07357142857142857 0.035238095238095235
1 0.5689285714285715 0.6966666666666667 0.027857142857142858 0.07714285714285714
4 0.5560714285714285 0.43333333333333335 0.03642857142857143 0.05142857142857143