6 0.46475 0.099 0.0615 0.162
7 0.6615 0.25866666666666666 0.096 0.21733333333333332
5 0.58625 0.7346666666666667 0.0255 0.07733333333333334
1 0.59475 0.7236666666666667 0.0305 0.04066666666666666
2 0.544 0.571 0.028 0.082
4 0.54425 0.565 0.0245 0.04066666666666666
4 0.592 0.516 0.025 0.04133333333333333
2 0.59225 0.5203333333333333 0.0245 0.08066666666666666
2 0.458 0.33066666666666666 0.034 0.05733333333333333
4 0.456 0.32266666666666666 0.022 0.04533333333333334
6 0.17125 0.15066666666666667 0.1475 0.08133333333333333
6 0.17875 0.06533333333333333 0.1455 0.084