6 0.062142857142857146 0.008883248730964468 0.017142857142857144 0.017766497461928935
7 0.03428571428571429 0.14593908629441624 0.022857142857142857 0.05583756345177665
6 0.0075 0.15038071065989847 0.015 0.05456852791878172
7 0.21214285714285713 0.10025380710659898 0.012857142857142857 0.03807106598984772
7 0.2282142857142857 0.10088832487309644 0.012142857142857143 0.04187817258883249
7 0.31392857142857145 0.10088832487309644 0.015 0.044416243654822336
7 0.33035714285714285 0.09708121827411167 0.015 0.03934010152284264
7 0.3467857142857143 0.09581218274111675 0.015 0.03934010152284264
6 0.3682142857142857 0.09073604060913705 0.013571428571428571 0.04187817258883249
6 0.27964285714285714 0.10406091370558376 0.012142857142857143 0.04314720812182741
6 0.24357142857142858 0.09454314720812183 0.012857142857142857 0.0266497461928934
5 0.225 0.1446700507614213 0.005714285714285714 0.012690355329949238
7 0.41928571428571426 0.08946700507614214 0.012857142857142857 0.03934010152284264
7 0.4039285714285714 0.25951776649746194 0.03214285714285714 0.031725888324873094
6 0.33964285714285714 0.5222081218274112 0.04357142857142857 0.02918781725888325
6 0.8682142857142857 0.020939086294416244 0.016428571428571428 0.03934010152284264
1 0.8028571428571428 0.17956852791878172 0.005714285714285714 0.01649746192893401
6 0.9603571428571429 0.4086294416243655 0.04214285714285714 0.03299492385786802
6 0.5682142857142857 0.29378172588832485 0.03642857142857143 0.03426395939086294
6 0.6285714285714286 0.29758883248730966 0.03571428571428571 0.0266497461928934
7 0.6914285714285714 0.29251269035532995 0.037142857142857144 0.031725888324873094
7 0.6825 0.3267766497461929 0.039285714285714285 0.02918781725888325
7 0.6167857142857143 0.3286802030456853 0.04071428571428572 0.030456852791878174
1 0.665 0.8166243654822335 0.005714285714285714 0.011421319796954314
1 0.21107142857142858 0.8394670050761421 0.009285714285714286 0.011421319796954314
1 0.4514285714285714 0.7779187817258884 0.005714285714285714 0.007614213197969543
2 0.6853571428571429 0.7157360406091371 0.0064285714285714285 0.02030456852791878
11 0.9503571428571429 0.44543147208121825 0.065 0.04060913705583756
11 0.9582142857142857 0.4885786802030457 0.08071428571428571 0.05583756345177665