6 0.79875 0.5386666666666666 0.0655 0.124
7 0.752 0.23466666666666666 0.037 0.06933333333333333
7 0.59625 0.09333333333333334 0.0545 0.042666666666666665
7 0.4815 0.9226666666666666 0.066 0.15466666666666667
8 0.5345 0.5133333333333333 0.072 0.21466666666666667
8 0.793 0.2846666666666667 0.08 0.06933333333333333
8 0.6295 0.3416666666666667 0.049 0.118
8 0.6365 0.25033333333333335 0.035 0.082
8 0.7235 0.09866666666666667 0.03 0.058666666666666666
8 0.61725 0.024333333333333332 0.0505 0.04066666666666666
1 0.50625 0.78 0.0165 0.036
1 0.79425 0.6406666666666667 0.0175 0.03866666666666667
1 0.8255 0.6563333333333333 0.03 0.035333333333333335
1 0.86 0.6603333333333333 0.031 0.038
1 0.58425 0.47333333333333333 0.0125 0.04133333333333333
1 0.5845 0.49466666666666664 0.007 0.025333333333333333
1 0.66725 0.39966666666666667 0.0125 0.04066666666666666
1 0.656 0.3556666666666667 0.012 0.034
1 0.6575 0.336 0.012 0.028
1 0.743 0.31733333333333336 0.02 0.030666666666666665
1 0.7295 0.29433333333333334 0.014 0.038
1 0.71575 0.227 0.0135 0.038
1 0.66075 0.18466666666666667 0.0125 0.03333333333333333
1 0.66475 0.12666666666666668 0.0085 0.032
1 0.6555 0.13033333333333333 0.008 0.03133333333333333
1 0.6495 0.152 0.008 0.030666666666666665
1 0.64575 0.15233333333333332 0.0105 0.022
4 0.73225 0.131 0.0135 0.024666666666666667
1 0.6605 0.13 0.006 0.02666666666666667
1 0.744 0.33266666666666667 0.013 0.028
4 0.7465 0.3463333333333333 0.007 0.018
1 0.8075 0.38866666666666666 0.021 0.04133333333333333
2 0.71275 0.441 0.0185 0.046
1 0.7125 0.43366666666666664 0.018 0.03133333333333333
1 0.6565 0.23066666666666666 0.012 0.028
4 0.658 0.24466666666666667 0.007 0.010666666666666666
1 0.70525 0.02666666666666667 0.0075 0.025333333333333333
1 0.70475 0.019333333333333334 0.0095 0.028