7 0.39 0.44761904761904764 0.07714285714285714 0.047619047619047616
7 0.5764285714285714 0.4676190476190476 0.03142857142857143 0.08952380952380952
6 0.6628571428571428 0.25476190476190474 0.03 0.05619047619047619
6 0.7239285714285715 0.4038095238095238 0.03785714285714286 0.06857142857142857
6 0.8228571428571428 0.44666666666666666 0.06428571428571428 0.08
6 0.8642857142857143 0.5357142857142857 0.045714285714285714 0.08095238095238096
6 0.8246428571428571 0.39476190476190476 0.035 0.05047619047619047
6 0.8067857142857143 0.2195238095238095 0.04928571428571429 0.037142857142857144
6 0.6385714285714286 0.03619047619047619 0.02142857142857143 0.03238095238095238
8 0.7189285714285715 0.03238095238095238 0.04357142857142857 0.06476190476190476
7 0.7717857142857143 0.16714285714285715 0.027857142857142858 0.04476190476190476
6 0.9453571428571429 0.3538095238095238 0.03785714285714286 0.06380952380952382
6 0.9360714285714286 0.25142857142857145 0.03785714285714286 0.02857142857142857
6 0.6046428571428571 0.008571428571428572 0.017857142857142856 0.017142857142857144
6 0.5557142857142857 0.2885714285714286 0.025714285714285714 0.05904761904761905
6 0.15464285714285714 0.3919047619047619 0.045 0.06952380952380953
6 0.1767857142857143 0.3280952380952381 0.03785714285714286 0.06190476190476191
6 0.245 0.12333333333333334 0.025714285714285714 0.035238095238095235
6 0.15035714285714286 0.25523809523809526 0.03642857142857143 0.049523809523809526
1 0.24 0.06619047619047619 0.007142857142857143 0.02
1 0.20535714285714285 0.2061904761904762 0.009285714285714286 0.025714285714285714
7 0.09178571428571429 0.39095238095238094 0.056428571428571425 0.08476190476190476
1 0.0725 0.36666666666666664 0.013571428571428571 0.01904761904761905
1 0.3725 0.056666666666666664 0.0064285714285714285 0.01619047619047619
1 0.45535714285714285 0.3 0.007857142857142858 0.02666666666666667
1 0.010357142857142856 0.6257142857142857 0.020714285714285713 0.04
6 0.03214285714285714 0.7833333333333333 0.06428571428571428 0.12285714285714286
7 0.9385714285714286 0.5528571428571428 0.06857142857142857 0.035238095238095235
4 0.7817857142857143 0.42238095238095236 0.010714285714285714 0.018095238095238095
2 0.7778571428571428 0.4280952380952381 0.008571428571428572 0.025714285714285714
2 0.6857142857142857 0.03 0.008571428571428572 0.018095238095238095
4 0.6871428571428572 0.024761904761904763 0.007142857142857143 0.01904761904761905
1 0.7714285714285715 0.10380952380952381 0.007142857142857143 0.024761904761904763