0 0.425 0.18476190476190477 0.012857142857142857 0.03238095238095238
0 0.43107142857142855 0.21619047619047618 0.009285714285714286 0.01904761904761905
0 0.39464285714285713 0.25476190476190474 0.0064285714285714285 0.012380952380952381
0 0.38321428571428573 0.22285714285714286 0.010714285714285714 0.02095238095238095
0 0.40214285714285714 0.3676190476190476 0.027142857142857142 0.011428571428571429
8 0.4064285714285714 0.2895238095238095 0.005714285714285714 0.015238095238095238
8 0.3914285714285714 0.42523809523809525 0.008571428571428572 0.023809523809523808
8 0.3964285714285714 0.4138095238095238 0.005714285714285714 0.014285714285714285
6 0.3992857142857143 0.37952380952380954 0.005714285714285714 0.010476190476190476
6 0.3964285714285714 0.4014285714285714 0.005714285714285714 0.010476190476190476
6 0.36392857142857143 0.4004761904761905 0.0064285714285714285 0.008571428571428572
6 0.35714285714285715 0.39714285714285713 0.005714285714285714 0.011428571428571429
6 0.3539285714285714 0.42095238095238097 0.007857142857142858 0.013333333333333334
0 0.3867857142857143 0.3961904761904762 0.002142857142857143 0.007619047619047619
8 0.3732142857142857 0.8014285714285714 0.02214285714285714 0.07714285714285714
8 0.38357142857142856 0.58 0.014285714285714285 0.04380952380952381
8 0.38142857142857145 0.6533333333333333 0.01 0.03238095238095238
6 0.385 0.540952380952381 0.01 0.02095238095238095
6 0.38035714285714284 0.5128571428571429 0.009285714285714286 0.02
6 0.39071428571428574 0.4838095238095238 0.008571428571428572 0.017142857142857144
6 0.39357142857142857 0.44571428571428573 0.007142857142857143 0.015238095238095238
7 0.35714285714285715 0.43238095238095237 0.005714285714285714 0.013333333333333334
7 0.34 0.4785714285714286 0.007142857142857143 0.018095238095238095
0 0.4089285714285714 0.2180952380952381 0.010714285714285714 0.0380952380952381
0 0.395 0.28 0.005714285714285714 0.024761904761904763
0 0.40785714285714286 0.3414285714285714 0.018571428571428572 0.01619047619047619
3 0.5453571428571429 0.44904761904761903 0.04642857142857143 0.021904761904761906
1 0.47964285714285715 0.42333333333333334 0.0035714285714285713 0.014285714285714285
3 0.5921428571428572 0.31047619047619046 0.018571428571428572 0.013333333333333334
1 0.8617857142857143 0.9733333333333334 0.009285714285714286 0.01904761904761905
2 0.9232142857142858 0.9433333333333334 0.013571428571428571 0.025714285714285714
0 0.9089285714285714 0.8928571428571429 0.012142857142857143 0.01619047619047619
6 0.8792857142857143 0.8723809523809524 0.04428571428571428 0.045714285714285714
6 0.8696428571428572 0.9147619047619048 0.04642857142857143 0.029523809523809525
6 0.8478571428571429 0.8385714285714285 0.041428571428571426 0.02761904761904762
1 0.4967857142857143 0.86 0.007857142857142858 0.024761904761904763
1 0.5135714285714286 0.8204761904761905 0.007142857142857143 0.021904761904761906
1 0.5760714285714286 0.8238095238095238 0.007857142857142858 0.02857142857142857
1 0.5817857142857142 0.85 0.007857142857142858 0.023809523809523808
1 0.5882142857142857 0.849047619047619 0.0064285714285714285 0.023809523809523808
1 0.5892857142857143 0.8357142857142857 0.008571428571428572 0.025714285714285714
1 0.5596428571428571 0.7385714285714285 0.005 0.02
1 0.5603571428571429 0.7509523809523809 0.005 0.023809523809523808
1 0.5678571428571428 0.7590476190476191 0.005714285714285714 0.024761904761904763
1 0.555 0.7252380952380952 0.005714285714285714 0.02
4 0.36214285714285716 0.6866666666666666 0.004285714285714286 0.011428571428571429
9 0.3625 0.6885714285714286 0.009285714285714286 0.01904761904761905
0 0.4182142857142857 0.2914285714285714 0.012142857142857143 0.03619047619047619
8 0.7496428571428572 0.6857142857142857 0.04214285714285714 0.06476190476190476
6 0.7921428571428571 0.7342857142857143 0.032857142857142856 0.02095238095238095
6 0.7235714285714285 0.6104761904761905 0.015714285714285715 0.01904761904761905
0 0.475 0.23047619047619047 0.025714285714285714 0.017142857142857144