6 0.5014285714285714 0.940952380952381 0.13857142857142857 0.1180952380952381
6 0.009285714285714286 0.7357142857142858 0.017142857142857144 0.06380952380952382
6 0.06321428571428571 0.6966666666666667 0.052142857142857144 0.07904761904761905
6 0.03892857142857143 0.569047619047619 0.035 0.04666666666666667
6 0.13 0.690952380952381 0.05142857142857143 0.06571428571428571
6 0.21857142857142858 0.6557142857142857 0.05142857142857143 0.06952380952380953
7 0.21392857142857144 0.5185714285714286 0.05357142857142857 0.035238095238095235
6 0.29464285714285715 0.4795238095238095 0.056428571428571425 0.03333333333333333
7 0.31892857142857145 0.45904761904761904 0.039285714285714285 0.02857142857142857
6 0.3414285714285714 0.4471428571428571 0.04285714285714286 0.02761904761904762
6 0.4117857142857143 0.9266666666666666 0.13642857142857143 0.13333333333333333
6 0.5692857142857143 0.8152380952380952 0.11857142857142858 0.10666666666666667
6 0.7017857142857142 0.7504761904761905 0.09785714285714285 0.09523809523809523
7 0.8046428571428571 0.6785714285714286 0.08357142857142857 0.09047619047619047
6 0.8785714285714286 0.6290476190476191 0.06857142857142857 0.07333333333333333
6 0.9421428571428572 0.5938095238095238 0.06571428571428571 0.06
1 0.29178571428571426 0.6114285714285714 0.015 0.0380952380952381
1 0.3457142857142857 0.6719047619047619 0.017142857142857144 0.04476190476190476
1 0.35928571428571426 0.6638095238095238 0.012857142857142857 0.0380952380952381
5 0.3628571428571429 0.4957142857142857 0.022857142857142857 0.02
0 0.3975 0.5152380952380953 0.020714285714285713 0.03619047619047619
5 0.3825 0.4738095238095238 0.020714285714285713 0.023809523809523808
5 0.4182142857142857 0.48333333333333334 0.02214285714285714 0.018095238095238095
0 0.39714285714285713 0.44857142857142857 0.018571428571428572 0.022857142857142857
2 0.41535714285714287 0.43523809523809526 0.017857142857142856 0.017142857142857144
2 0.2175 0.4585714285714286 0.013571428571428571 0.014285714285714285
1 0.2814285714285714 0.3861904761904762 0.005714285714285714 0.01619047619047619
1 0.2517857142857143 0.4076190476190476 0.0064285714285714285 0.02095238095238095
0 0.44357142857142856 0.4452380952380952 0.015714285714285715 0.021904761904761906
0 0.45607142857142857 0.43047619047619046 0.010714285714285714 0.013333333333333334
0 0.44535714285714284 0.4095238095238095 0.010714285714285714 0.017142857142857144
0 0.47214285714285714 0.4185714285714286 0.014285714285714285 0.02
0 0.4685714285714286 0.3880952380952381 0.018571428571428572 0.01619047619047619
0 0.5310714285714285 0.370952380952381 0.015 0.010476190476190476
6 0.3375 0.3738095238095238 0.015 0.02
1 0.3385714285714286 0.3576190476190476 0.005714285714285714 0.01619047619047619
1 0.3742857142857143 0.3580952380952381 0.007142857142857143 0.02095238095238095
6 0.3960714285714286 0.3519047619047619 0.035 0.02
6 0.38857142857142857 0.3461904761904762 0.025714285714285714 0.014285714285714285
6 0.3792857142857143 0.3457142857142857 0.03 0.015238095238095238
6 0.37142857142857144 0.3419047619047619 0.025714285714285714 0.017142857142857144
6 0.3610714285714286 0.33666666666666667 0.02214285714285714 0.014285714285714285
6 0.3557142857142857 0.33380952380952383 0.024285714285714285 0.01619047619047619
6 0.34964285714285714 0.33 0.02642857142857143 0.01619047619047619
6 0.3457142857142857 0.32666666666666666 0.027142857142857142 0.017142857142857144
7 0.3417857142857143 0.32 0.030714285714285715 0.02095238095238095
0 0.3192857142857143 0.3157142857142857 0.012857142857142857 0.018095238095238095
6 0.40964285714285714 0.33904761904761904 0.03642857142857143 0.017142857142857144
6 0.3807142857142857 0.32666666666666666 0.02857142857142857 0.013333333333333334
6 0.3825 0.3233333333333333 0.02642857142857143 0.010476190476190476
6 0.3585714285714286 0.31666666666666665 0.022857142857142857 0.014285714285714285
0 0.3507142857142857 0.3076190476190476 0.02 0.013333333333333334
0 0.31214285714285717 0.28714285714285714 0.008571428571428572 0.012380952380952381
0 0.34714285714285714 0.2947619047619048 0.011428571428571429 0.010476190476190476
6 0.7510714285714286 0.38047619047619047 0.030714285714285715 0.023809523809523808
11 0.5114285714285715 0.3385714285714286 0.04857142857142857 0.03142857142857143
0 0.4857142857142857 0.3323809523809524 0.018571428571428572 0.015238095238095238
6 0.45321428571428574 0.32142857142857145 0.025 0.01619047619047619
7 0.4417857142857143 0.31761904761904763 0.023571428571428573 0.014285714285714285
6 0.43607142857142855 0.31666666666666665 0.02214285714285714 0.012380952380952381
6 0.42464285714285716 0.3119047619047619 0.025 0.014285714285714285
6 0.41464285714285715 0.31047619047619046 0.017857142857142856 0.011428571428571429
6 0.4035714285714286 0.3047619047619048 0.022857142857142857 0.013333333333333334
0 0.3678571428571429 0.29285714285714287 0.005714285714285714 0.010476190476190476
0 0.37892857142857145 0.2995238095238095 0.0064285714285714285 0.01619047619047619
0 0.5171428571428571 0.3171428571428571 0.015714285714285715 0.015238095238095238
0 0.4992857142857143 0.31476190476190474 0.014285714285714285 0.018095238095238095
1 0.8335714285714285 0.5704761904761905 0.01 0.0419047619047619
2 0.8914285714285715 0.4471428571428571 0.02 0.029523809523809525
1 0.8892857142857142 0.4461904761904762 0.008571428571428572 0.02761904761904762
6 0.37642857142857145 0.4114285714285714 0.04 0.022857142857142857
6 0.4035714285714286 0.39904761904761904 0.03142857142857143 0.01904761904761905
0 0.5921428571428572 0.32 0.05142857142857143 0.02857142857142857
0 0.6710714285714285 0.3380952380952381 0.02214285714285714 0.024761904761904763
0 0.7003571428571429 0.36857142857142855 0.025 0.01904761904761905