5 0.704 0.8536666666666667 0.039 0.035333333333333335
5 0.66875 0.754 0.0355 0.03866666666666667
6 0.97225 0.612 0.0515 0.048
6 0.95225 0.5743333333333334 0.0725 0.046
7 0.9335 0.5306666666666666 0.084 0.048
2 0.93325 0.4043333333333333 0.0135 0.026
6 0.90275 0.3983333333333333 0.0435 0.03133333333333333
6 0.8885 0.3536666666666667 0.027 0.028666666666666667
6 0.8785 0.32 0.029 0.028
6 0.81725 0.415 0.0595 0.03
6 0.802 0.40166666666666667 0.046 0.03
6 0.805 0.39 0.054 0.02666666666666667
6 0.8685 0.30266666666666664 0.04 0.02266666666666667
1 0.876 0.27266666666666667 0.005 0.013333333333333334
2 0.8835 0.27666666666666667 0.01 0.012
6 0.80775 0.29933333333333334 0.0245 0.021333333333333333
8 0.80925 0.28 0.0305 0.028
6 0.85925 0.22566666666666665 0.0275 0.014
6 0.79575 0.21333333333333335 0.0135 0.012
6 0.77475 0.205 0.0115 0.012666666666666666
8 0.778 0.194 0.015 0.017333333333333333
6 0.7465 0.318 0.039 0.024
7 0.74025 0.307 0.0365 0.023333333333333334
6 0.73 0.2926666666666667 0.037 0.016
6 0.712 0.273 0.032 0.019333333333333334
6 0.711 0.2683333333333333 0.036 0.018
1 0.72875 0.24833333333333332 0.0045 0.015333333333333332
8 0.676 0.24133333333333334 0.04 0.02666666666666667
9 0.745 0.215 0.008 0.012666666666666666
7 0.733 0.21866666666666668 0.023 0.016
0 0.7905 0.09366666666666666 0.327 0.022
0 0.523 0.11133333333333334 0.05 0.042666666666666665
0 0.59475 0.081 0.0405 0.014
6 0.45275 0.28933333333333333 0.0195 0.02266666666666667
6 0.50625 0.3293333333333333 0.0205 0.024
6 0.5125 0.299 0.017 0.022
6 0.519 0.25333333333333335 0.013 0.017333333333333333
6 0.53525 0.33266666666666667 0.0175 0.024
8 0.525 0.36633333333333334 0.033 0.08733333333333333
1 0.572 0.243 0.005 0.016666666666666666
8 0.541 0.2783333333333333 0.024 0.054
8 0.5095 0.2703333333333333 0.017 0.03266666666666666
6 0.51975 0.20766666666666667 0.0105 0.012666666666666666
8 0.537 0.18366666666666667 0.014 0.03266666666666666
6 0.49825 0.16 0.0075 0.009333333333333334
6 0.51025 0.14966666666666667 0.0065 0.008666666666666666
5 0.447 0.21366666666666667 0.003 0.01
4 0.44725 0.21066666666666667 0.0035 0.013333333333333334
2 0.45675 0.21466666666666667 0.0025 0.010666666666666666
4 0.4565 0.212 0.004 0.012
2 0.499 0.14333333333333334 0.002 0.005333333333333333
4 0.499 0.141 0.002 0.004666666666666667
7 0.52575 0.14 0.0055 0.010666666666666666
8 0.53825 0.15833333333333333 0.0115 0.023333333333333334
8 0.5375 0.14033333333333334 0.01 0.015333333333333332