7 0.42714285714285716 0.5317258883248731 0.01 0.03299492385786802
7 0.3892857142857143 0.5869289340101523 0.027142857142857142 0.024111675126903553
7 0.48678571428571427 0.5088832487309645 0.010714285714285714 0.030456852791878174
7 0.4903571428571429 0.36484771573604063 0.0064285714285714285 0.01649746192893401
7 0.45285714285714285 0.34073604060913704 0.008571428571428572 0.01649746192893401
0 0.4278571428571429 0.350253807106599 0.012857142857142857 0.04314720812182741
7 0.4903571428571429 0.3293147208121827 0.0064285714285714285 0.013959390862944163
0 0.48928571428571427 0.11611675126903553 0.03857142857142857 0.11802030456852793
11 0.4764285714285714 0.19035532994923857 0.007142857142857143 0.02030456852791878
11 0.5135714285714286 0.19543147208121828 0.007142857142857143 0.03299492385786802
11 0.47785714285714287 0.34454314720812185 0.01 0.04187817258883249
11 0.5514285714285714 0.4416243654822335 0.014285714285714285 0.06345177664974619
11 0.4117857142857143 0.8743654822335025 0.030714285714285715 0.15228426395939088
7 0.4735714285714286 0.9194162436548223 0.017142857142857144 0.05456852791878172
6 0.47535714285714287 0.40482233502538073 0.007857142857142858 0.02030456852791878
6 0.48892857142857143 0.39720812182741116 0.009285714285714286 0.02030456852791878
6 0.5146428571428572 0.2950507614213198 0.0064285714285714285 0.013959390862944163
6 0.5060714285714286 0.20621827411167512 0.005 0.011421319796954314
6 0.4832142857142857 0.3001269035532995 0.005 0.013959390862944163
6 0.4564285714285714 0.30710659898477155 0.007142857142857143 0.01015228426395939
6 0.46214285714285713 0.2715736040609137 0.004285714285714286 0.012690355329949238
6 0.4710714285714286 0.25317258883248733 0.0064285714285714285 0.011421319796954314
11 0.5414285714285715 0.30647208121827413 0.01 0.04187817258883249