6 0.75675 0.764 0.1475 0.31333333333333335
6 0.632 0.24166666666666667 0.06 0.07666666666666666
6 0.167 0.8643333333333333 0.302 0.2713333333333333
7 0.2165 0.665 0.186 0.21133333333333335
7 0.56725 0.096 0.0575 0.052
6 0.2595 0.5256666666666666 0.191 0.16866666666666666
6 0.299 0.39966666666666667 0.146 0.134
6 0.334 0.296 0.112 0.10533333333333333
6 0.36225 0.21266666666666667 0.0915 0.08
6 0.37425 0.168 0.0755 0.068
6 0.38875 0.13533333333333333 0.0685 0.06
7 0.4 0.078 0.036 0.058666666666666666
6 0.41925 0.05533333333333333 0.0605 0.04666666666666667
6 0.42425 0.021666666666666667 0.0255 0.035333333333333335
6 0.55825 0.04733333333333333 0.0405 0.042666666666666665
6 0.54925 0.027666666666666666 0.0475 0.034
6 0.55175 0.015666666666666666 0.0405 0.03133333333333333
6 0.8525 0.037 0.047 0.04066666666666666
2 0.9455 0.04733333333333333 0.019 0.028
2 0.8735 0.051333333333333335 0.022 0.024
1 0.854 0.024666666666666667 0.008 0.02666666666666667
7 0.69725 0.08633333333333333 0.0445 0.06066666666666667