6 0.9535714285714286 0.44904761904761903 0.03857142857142857 0.039047619047619046
6 0.6735714285714286 0.4280952380952381 0.06285714285714286 0.03142857142857143
6 0.6214285714285714 0.379047619047619 0.045714285714285714 0.02857142857142857
6 0.5067857142857143 0.3880952380952381 0.02642857142857143 0.03333333333333333
6 0.4542857142857143 0.35285714285714287 0.018571428571428572 0.02761904761904762
6 0.5035714285714286 0.35428571428571426 0.017142857142857144 0.024761904761904763
6 0.28214285714285714 0.34285714285714286 0.027142857142857142 0.03619047619047619
6 0.2475 0.28523809523809524 0.023571428571428573 0.023809523809523808
6 0.32357142857142857 0.2680952380952381 0.018571428571428572 0.025714285714285714
6 0.26321428571428573 0.26095238095238094 0.020714285714285713 0.02666666666666667
6 0.27785714285714286 0.2423809523809524 0.018571428571428572 0.01619047619047619
6 0.3025 0.22428571428571428 0.017857142857142856 0.01619047619047619
7 0.3967857142857143 0.20047619047619047 0.009285714285714286 0.018095238095238095
6 0.0225 0.38761904761904764 0.045 0.0419047619047619
7 0.02214285714285714 0.3438095238095238 0.02857142857142857 0.04
6 0.10785714285714286 0.31761904761904763 0.03428571428571429 0.035238095238095235
6 0.1325 0.2957142857142857 0.035 0.03142857142857143
8 0.1442857142857143 0.3342857142857143 0.04857142857142857 0.047619047619047616
6 0.5964285714285714 0.3661904761904762 0.04428571428571428 0.02761904761904762
6 0.5810714285714286 0.3557142857142857 0.039285714285714285 0.029523809523809525
6 0.6039285714285715 0.2519047619047619 0.016428571428571428 0.02
6 0.5810714285714286 0.25047619047619046 0.013571428571428571 0.02095238095238095
4 0.8978571428571429 0.8147619047619048 0.02857142857142857 0.04857142857142857
1 0.9685714285714285 0.8595238095238096 0.024285714285714285 0.05047619047619047
4 0.22 0.5671428571428572 0.014285714285714285 0.039047619047619046
1 0.09 0.38 0.015714285714285715 0.03428571428571429
5 0.22 0.579047619047619 0.02857142857142857 0.030476190476190476
5 0.09 0.3842857142857143 0.022857142857142857 0.021904761904761906
1 0.16285714285714287 0.3557142857142857 0.01 0.02761904761904762
1 0.1025 0.3580952380952381 0.013571428571428571 0.022857142857142857
1 0.10964285714285714 0.34476190476190477 0.012142857142857143 0.024761904761904763
4 0.13392857142857142 0.3271428571428571 0.016428571428571428 0.021904761904761906
6 0.028214285714285713 0.23904761904761904 0.03214285714285714 0.024761904761904763
6 0.056428571428571425 0.23666666666666666 0.022857142857142857 0.025714285714285714
6 0.31214285714285717 0.21761904761904763 0.014285714285714285 0.014285714285714285
6 0.29964285714285716 0.31761904761904763 0.025 0.03142857142857143
6 0.31464285714285717 0.20714285714285716 0.012142857142857143 0.01619047619047619
6 0.3217857142857143 0.2019047619047619 0.010714285714285714 0.013333333333333334
6 0.3267857142857143 0.1957142857142857 0.012142857142857143 0.012380952380952381
6 0.3325 0.19047619047619047 0.010714285714285714 0.015238095238095238
6 0.3360714285714286 0.18523809523809523 0.009285714285714286 0.014285714285714285
8 0.3560714285714286 0.1761904761904762 0.012142857142857143 0.013333333333333334
6 0.385 0.17666666666666667 0.011428571428571429 0.010476190476190476
6 0.4025 0.1819047619047619 0.010714285714285714 0.011428571428571429
6 0.4164285714285714 0.14952380952380953 0.007142857142857143 0.007619047619047619
0 0.36 0.16 0.011428571428571429 0.013333333333333334
0 0.3732142857142857 0.14714285714285713 0.009285714285714286 0.01619047619047619
0 0.38607142857142857 0.1319047619047619 0.010714285714285714 0.01619047619047619
0 0.4035714285714286 0.11904761904761904 0.017142857142857144 0.017142857142857144
0 0.42642857142857143 0.10380952380952381 0.02142857142857143 0.01904761904761905
0 0.4407142857142857 0.11571428571428571 0.004285714285714286 0.03142857142857143
0 0.42857142857142855 0.1619047619047619 0.005714285714285714 0.02666666666666667
0 0.43642857142857144 0.14761904761904762 0.007142857142857143 0.02857142857142857
6 0.4253571428571429 0.14047619047619048 0.005 0.008571428571428572
6 0.4235714285714286 0.13428571428571429 0.004285714285714286 0.007619047619047619
6 0.42392857142857143 0.13 0.005 0.006666666666666667
1 0.4210714285714286 0.19714285714285715 0.0035714285714285713 0.015238095238095238
6 0.42428571428571427 0.1823809523809524 0.008571428571428572 0.012380952380952381
6 0.4253571428571429 0.3038095238095238 0.017857142857142856 0.02666666666666667
6 0.4257142857142857 0.27476190476190476 0.015714285714285715 0.021904761904761906
2 0.3367857142857143 0.20904761904761904 0.005 0.010476190476190476
4 0.3360714285714286 0.20523809523809525 0.0035714285714285713 0.010476190476190476
6 0.5017857142857143 0.3295238095238095 0.020714285714285713 0.024761904761904763
6 0.4975 0.310952380952381 0.017857142857142856 0.021904761904761906
6 0.495 0.2947619047619048 0.014285714285714285 0.023809523809523808
1 0.4810714285714286 0.31238095238095237 0.007857142857142858 0.022857142857142857
6 0.6471428571428571 0.4066666666666667 0.05 0.030476190476190476
1 0.6207142857142857 0.4076190476190476 0.011428571428571429 0.030476190476190476