8 0.3925 0.31952380952380954 0.020714285714285713 0.05619047619047619
2 0.1775 0.9804761904761905 0.007857142857142858 0.03142857142857143
2 0.2082142857142857 0.8942857142857142 0.012142857142857143 0.02857142857142857
2 0.25535714285714284 0.6866666666666666 0.016428571428571428 0.011428571428571429
2 0.21892857142857142 0.6852380952380952 0.016428571428571428 0.012380952380952381
2 0.22142857142857142 0.6495238095238095 0.008571428571428572 0.01904761904761905
2 0.26142857142857145 0.6747619047619048 0.017142857142857144 0.012380952380952381
2 0.2767857142857143 0.7480952380952381 0.016428571428571428 0.018095238095238095
2 0.21571428571428572 0.7095238095238096 0.007142857142857143 0.02666666666666667
8 0.19607142857142856 0.8280952380952381 0.030714285714285715 0.07523809523809524
11 0.3482142857142857 0.7104761904761905 0.045 0.15619047619047619
6 0.2810714285714286 0.6123809523809524 0.03214285714285714 0.04380952380952381
7 0.3175 0.3547619047619048 0.013571428571428571 0.02761904761904762
6 0.29464285714285715 0.5519047619047619 0.020714285714285713 0.04285714285714286
2 0.36142857142857143 0.37476190476190474 0.002857142857142857 0.01619047619047619
2 0.2807142857142857 0.4119047619047619 0.002857142857142857 0.012380952380952381
4 0.36142857142857143 0.3719047619047619 0.004285714285714286 0.008571428571428572
4 0.2807142857142857 0.4085714285714286 0.005714285714285714 0.007619047619047619
1 0.2857142857142857 0.4038095238095238 0.004285714285714286 0.011428571428571429
8 0.45285714285714285 0.33285714285714285 0.012857142857142857 0.03142857142857143
6 0.39035714285714285 0.22904761904761906 0.012142857142857143 0.025714285714285714
0 0.32107142857142856 0.2642857142857143 0.052142857142857144 0.039047619047619046
2 0.24857142857142858 0.5076190476190476 0.01 0.01904761904761905
2 0.31464285714285717 0.21523809523809523 0.009285714285714286 0.009523809523809525
2 0.2892857142857143 0.3280952380952381 0.007142857142857143 0.012380952380952381
2 0.2907142857142857 0.3219047619047619 0.008571428571428572 0.009523809523809525
6 0.31357142857142856 0.09285714285714286 0.02142857142857143 0.012380952380952381
6 0.3157142857142857 0.07857142857142857 0.02 0.012380952380952381
6 0.3171428571428571 0.07047619047619047 0.018571428571428572 0.011428571428571429
6 0.32035714285714284 0.06190476190476191 0.019285714285714285 0.009523809523809525
6 0.32285714285714284 0.056666666666666664 0.018571428571428572 0.008571428571428572
6 0.32142857142857145 0.05047619047619047 0.018571428571428572 0.011428571428571429
2 0.38535714285714284 0.04857142857142857 0.0035714285714285713 0.007619047619047619
4 0.385 0.04428571428571428 0.002857142857142857 0.006666666666666667
1 0.6214285714285714 0.10714285714285714 0.002857142857142857 0.010476190476190476
1 0.5439285714285714 0.15047619047619049 0.002142857142857143 0.011428571428571429
6 0.6096428571428572 0.020476190476190478 0.017857142857142856 0.010476190476190476
6 0.5971428571428572 0.05857142857142857 0.01 0.01619047619047619
7 0.6385714285714286 0.07809523809523809 0.015714285714285715 0.011428571428571429
7 0.8039285714285714 0.04619047619047619 0.012142857142857143 0.010476190476190476
8 0.8092857142857143 0.030952380952380953 0.07714285714285714 0.021904761904761906
8 0.8146428571428571 0.023333333333333334 0.07214285714285715 0.021904761904761906
8 0.8139285714285714 0.01619047619047619 0.07214285714285715 0.02095238095238095
8 0.815 0.009523809523809525 0.07428571428571429 0.01904761904761905
8 0.7989285714285714 0.008095238095238095 0.07214285714285715 0.01619047619047619
8 0.9264285714285714 0.7928571428571428 0.07142857142857142 0.05619047619047619
2 0.7125 0.8480952380952381 0.016428571428571428 0.01619047619047619
4 0.7135714285714285 0.8457142857142858 0.005714285714285714 0.009523809523809525
4 0.7075 0.8433333333333334 0.005 0.012380952380952381
6 0.3032142857142857 0.16476190476190475 0.020714285714285713 0.015238095238095238
1 0.3078571428571429 0.19904761904761906 0.007142857142857143 0.009523809523809525