8 0.3725 0.029523809523809525 0.016428571428571428 0.05904761904761905
8 0.3435714285714286 0.24476190476190476 0.041428571428571426 0.02666666666666667
8 0.6514285714285715 0.7595238095238095 0.017142857142857144 0.08285714285714285
8 0.4253571428571429 0.7933333333333333 0.015 0.045714285714285714
8 0.8142857142857143 0.5190476190476191 0.017142857142857144 0.05714285714285714
8 0.805 0.14666666666666667 0.018571428571428572 0.04
6 0.635 0.370952380952381 0.008571428571428572 0.03142857142857143
6 0.7625 0.21714285714285714 0.02214285714285714 0.015238095238095238
6 0.7632142857142857 0.23714285714285716 0.023571428571428573 0.013333333333333334
6 0.7635714285714286 0.2571428571428571 0.02 0.013333333333333334
11 0.5617857142857143 0.3576190476190476 0.019285714285714285 0.08095238095238096
6 0.39785714285714285 0.7238095238095238 0.025714285714285714 0.015238095238095238
6 0.36714285714285716 0.4123809523809524 0.024285714285714285 0.015238095238095238
6 0.3717857142857143 0.42714285714285716 0.023571428571428573 0.018095238095238095
6 0.3717857142857143 0.44476190476190475 0.02214285714285714 0.015238095238095238
6 0.37214285714285716 0.4776190476190476 0.022857142857142857 0.01619047619047619
8 0.4164285714285714 0.5166666666666667 0.014285714285714285 0.07714285714285714
2 0.5132142857142857 0.032857142857142856 0.0064285714285714285 0.018095238095238095
2 0.5278571428571428 0.06619047619047619 0.005714285714285714 0.01619047619047619
8 0.9621428571428572 0.5376190476190477 0.055714285714285716 0.023809523809523808
0 0.4714285714285714 0.4104761904761905 0.05285714285714286 0.25333333333333335