8 0.3595 0.6843333333333333 0.087 0.402
4 0.2335 0.717 0.017 0.05
5 0.2325 0.7336666666666667 0.017 0.038
6 0.8675 0.792 0.131 0.084
6 0.927 0.8676666666666667 0.138 0.094
6 0.97225 0.7606666666666667 0.0555 0.09466666666666666
7 0.347 0.463 0.03 0.04733333333333333
6 0.344 0.39466666666666667 0.027 0.036
6 0.387 0.3333333333333333 0.016 0.029333333333333333
8 0.342 0.2826666666666667 0.031 0.08133333333333333
8 0.34075 0.22266666666666668 0.0215 0.050666666666666665
8 0.41875 0.309 0.0355 0.056666666666666664
8 0.47475 0.347 0.0555 0.09133333333333334
7 0.39525 0.22633333333333333 0.0135 0.016666666666666666
7 0.38775 0.20833333333333334 0.0125 0.016666666666666666
6 0.378 0.191 0.01 0.01
8 0.37075 0.16533333333333333 0.0115 0.016
8 0.39075 0.16366666666666665 0.0105 0.018
1 0.4165 0.19266666666666668 0.003 0.013333333333333334
1 0.4185 0.19166666666666668 0.003 0.012666666666666666
6 0.33775 0.188 0.0095 0.012
7 0.33975 0.17533333333333334 0.0095 0.010666666666666666
7 0.343 0.17133333333333334 0.008 0.012
7 0.33925 0.16766666666666666 0.0075 0.008666666666666666
8 0.33975 0.155 0.0115 0.023333333333333334
0 0.3445 0.08733333333333333 0.027 0.018666666666666668
7 0.31625 0.075 0.0045 0.0033333333333333335
6 0.823 0.422 0.056 0.029333333333333333
6 0.79825 0.4093333333333333 0.0565 0.028
9 0.9275 0.406 0.022 0.024
2 0.90625 0.393 0.0135 0.018
2 0.88375 0.389 0.0095 0.020666666666666667
2 0.89225 0.391 0.0095 0.018
2 0.8715 0.36933333333333335 0.014 0.021333333333333333
2 0.85775 0.373 0.0155 0.022
6 0.816 0.347 0.006 0.024666666666666667
6 0.76 0.3006666666666667 0.034 0.02
2 0.75925 0.2823333333333333 0.0125 0.012666666666666666
6 0.73475 0.27566666666666667 0.0345 0.019333333333333334
1 0.77025 0.2683333333333333 0.0035 0.014
1 0.75225 0.25666666666666665 0.0045 0.012
7 0.67675 0.25966666666666666 0.0185 0.023333333333333334
2 0.69725 0.263 0.0105 0.015333333333333332
2 0.69725 0.26 0.0125 0.014666666666666666
2 0.652 0.246 0.004 0.012
2 0.64175 0.23966666666666667 0.0095 0.01
7 0.605 0.22633333333333333 0.017 0.016666666666666666
7 0.5925 0.212 0.012 0.017333333333333333
7 0.6545 0.30433333333333334 0.036 0.019333333333333334
7 0.64775 0.294 0.0385 0.021333333333333333
7 0.6365 0.2896666666666667 0.034 0.019333333333333334
7 0.62375 0.28633333333333333 0.0335 0.020666666666666667
7 0.6165 0.2833333333333333 0.034 0.021333333333333333
7 0.60725 0.2663333333333333 0.0315 0.022
7 0.5965 0.261 0.028 0.018
7 0.5935 0.25633333333333336 0.031 0.019333333333333334
7 0.5905 0.25166666666666665 0.031 0.016666666666666666
6 0.54 0.214 0.026 0.016
7 0.58075 0.191 0.0205 0.014
6 0.56025 0.184 0.0215 0.010666666666666666
9 0.5145 0.163 0.007 0.008666666666666666
6 0.49175 0.15066666666666667 0.0125 0.008
6 0.49325 0.15233333333333332 0.0125 0.006
6 0.49625 0.14933333333333335 0.0135 0.008
6 0.4805 0.144 0.008 0.008
7 0.4635 0.13166666666666665 0.01 0.007333333333333333
6 0.45725 0.13433333333333333 0.0135 0.006
6 0.44025 0.18733333333333332 0.0175 0.009333333333333334
0 0.41175 0.101 0.0235 0.024666666666666667