6 0.5878571428571429 0.8161904761904762 0.055714285714285716 0.13523809523809524
6 0.5032142857142857 0.5176190476190476 0.04642857142857143 0.13428571428571429
6 0.3775 0.4514285714285714 0.04642857142857143 0.12380952380952381
6 0.4514285714285714 0.46476190476190476 0.041428571428571426 0.1180952380952381
6 0.45714285714285713 0.2819047619047619 0.041428571428571426 0.1219047619047619
6 0.5242857142857142 0.3314285714285714 0.04428571428571428 0.1295238095238095
6 0.5857142857142857 0.2885714285714286 0.04 0.13523809523809524
6 0.5339285714285714 0.1295238095238095 0.04071428571428572 0.11428571428571428
7 0.4775 0.12238095238095238 0.03642857142857143 0.11904761904761904
6 0.6803571428571429 0.9638095238095238 0.07071428571428572 0.07238095238095238
4 0.2789285714285714 0.5076190476190476 0.012142857142857143 0.01904761904761905
4 0.3132142857142857 0.5452380952380952 0.013571428571428571 0.021904761904761906
4 0.28464285714285714 0.55 0.025 0.021904761904761906
4 0.2625 0.8104761904761905 0.020714285714285713 0.01904761904761905
4 0.22785714285714287 0.8123809523809524 0.02142857142857143 0.030476190476190476
1 0.16071428571428573 0.6847619047619048 0.03142857142857143 0.015238095238095238
2 0.2825 0.5095238095238095 0.020714285714285713 0.04380952380952381
2 0.31535714285714284 0.5466666666666666 0.013571428571428571 0.047619047619047616
2 0.2825 0.5652380952380952 0.012142857142857143 0.023809523809523808
2 0.2642857142857143 0.8095238095238095 0.02 0.05333333333333334
2 0.23464285714285715 0.8080952380952381 0.025 0.06
4 0.34214285714285714 0.741904761904762 0.015714285714285715 0.02857142857142857
2 0.3489285714285714 0.741904761904762 0.025 0.047619047619047616
0 0.23142857142857143 0.7433333333333333 0.03142857142857143 0.05047619047619047
0 0.26321428571428573 0.7166666666666667 0.020714285714285713 0.04666666666666667
6 0.5575 0.5728571428571428 0.03785714285714286 0.1419047619047619
0 0.31107142857142855 0.2947619047619048 0.015 0.04476190476190476
2 0.16178571428571428 0.5514285714285714 0.03214285714285714 0.04380952380952381
0 0.16178571428571428 0.4990476190476191 0.03357142857142857 0.04380952380952381
0 0.9717857142857143 0.7771428571428571 0.056428571428571425 0.0419047619047619
0 0.9782142857142857 0.89 0.04357142857142857 0.040952380952380955