0 0.4932142857142857 0.40285714285714286 0.0064285714285714285 0.017142857142857144
0 0.4767857142857143 0.17047619047619048 0.016428571428571428 0.030476190476190476
0 0.4857142857142857 0.14333333333333334 0.01 0.021904761904761906
0 0.45285714285714285 0.2195238095238095 0.015714285714285715 0.018095238095238095
0 0.4832142857142857 0.2866666666666667 0.0035714285714285713 0.009523809523809525
0 0.4525 0.3219047619047619 0.005 0.022857142857142857
0 0.4764285714285714 0.23952380952380953 0.004285714285714286 0.004761904761904762
4 0.3053571428571429 0.8638095238095238 0.005 0.011428571428571429
4 0.31142857142857144 0.8557142857142858 0.004285714285714286 0.012380952380952381
1 0.4228571428571429 0.72 0.004285714285714286 0.011428571428571429
1 0.41892857142857143 0.6871428571428572 0.002142857142857143 0.010476190476190476
1 0.4225 0.6652380952380952 0.002142857142857143 0.010476190476190476
1 0.4235714285714286 0.6466666666666666 0.002857142857142857 0.011428571428571429
1 0.49857142857142855 0.43142857142857144 0.0014285714285714286 0.005714285714285714
1 0.4882142857142857 0.3852380952380952 0.002142857142857143 0.006666666666666667
8 0.4014285714285714 0.35714285714285715 0.01 0.024761904761904763
0 0.5185714285714286 0.3342857142857143 0.015714285714285715 0.015238095238095238
8 0.47035714285714286 0.20714285714285716 0.0035714285714285713 0.008571428571428572
8 0.4739285714285714 0.19714285714285715 0.002142857142857143 0.005714285714285714
2 0.5146428571428572 0.9042857142857142 0.005 0.02
6 0.5614285714285714 0.7490476190476191 0.014285714285714285 0.025714285714285714
7 0.58 0.8652380952380953 0.018571428571428572 0.035238095238095235
3 0.42464285714285716 0.8828571428571429 0.04928571428571429 0.04380952380952381
1 0.45357142857142857 0.8928571428571429 0.0014285714285714286 0.014285714285714285
6 0.7057142857142857 0.670952380952381 0.011428571428571429 0.021904761904761906
6 0.6921428571428572 0.6861904761904762 0.011428571428571429 0.023809523809523808
0 0.5142857142857142 0.5933333333333334 0.007142857142857143 0.017142857142857144
0 0.5032142857142857 0.5528571428571428 0.0064285714285714285 0.010476190476190476
3 0.42142857142857143 0.570952380952381 0.024285714285714285 0.07333333333333333
0 0.2507142857142857 0.8057142857142857 0.01 0.02095238095238095
8 0.3425 0.5419047619047619 0.013571428571428571 0.03238095238095238