1 0.36025 0.9923333333333333 0.0065 0.011333333333333334
5 0.353 0.9266666666666666 0.006 0.016
5 0.41175 0.904 0.0065 0.017333333333333333
4 0.41125 0.9016666666666666 0.0055 0.018
1 0.40525 0.8576666666666667 0.0055 0.015333333333333332
1 0.4045 0.8393333333333334 0.007 0.016
1 0.49 0.746 0.005 0.014666666666666666
1 0.488 0.721 0.004 0.012666666666666666
1 0.4775 0.712 0.005 0.012
1 0.47375 0.6746666666666666 0.0035 0.013333333333333334
1 0.45775 0.6726666666666666 0.0045 0.012
1 0.45675 0.6686666666666666 0.0035 0.010666666666666666
1 0.46275 0.6483333333333333 0.0035 0.011333333333333334
9 0.4695 0.6503333333333333 0.01 0.011333333333333334
6 0.50825 0.5533333333333333 0.0195 0.010666666666666666
6 0.43775 0.5496666666666666 0.0185 0.01
6 0.41375 0.5506666666666666 0.0175 0.010666666666666666
7 0.38925 0.549 0.0175 0.01
6 0.361 0.5493333333333333 0.019 0.009333333333333334
6 0.1425 0.6823333333333333 0.018 0.023333333333333334
6 0.07025 0.699 0.0315 0.019333333333333334
6 0.08525 0.6836666666666666 0.0315 0.016666666666666666
6 0.102 0.666 0.028 0.017333333333333333
6 0.1125 0.6563333333333333 0.027 0.015333333333333332
6 0.117 0.6446666666666667 0.017 0.013333333333333334
6 0.876 0.6683333333333333 0.019 0.019333333333333334
6 0.89175 0.669 0.0175 0.018
6 0.90725 0.6713333333333333 0.0195 0.018666666666666668
6 0.92125 0.6713333333333333 0.0195 0.018666666666666668
6 0.93725 0.6703333333333333 0.0215 0.019333333333333334
1 0.631 0.5566666666666666 0.003 0.008
5 0.61625 0.5556666666666666 0.0085 0.006
4 0.6165 0.5536666666666666 0.004 0.007333333333333333
0 0.23875 0.558 0.0655 0.044
0 0.72625 0.5726666666666667 0.0545 0.064
2 0.3925 0.5403333333333333 0.007 0.004666666666666667
4 0.393 0.539 0.003 0.007333333333333333
5 0.3525 0.5463333333333333 0.007 0.006
4 0.3515 0.544 0.003 0.008
0 0.6315 0.532 0.12 0.029333333333333333