7 0.32107142857142856 0.7547619047619047 0.05357142857142857 0.09428571428571429
6 0.37607142857142856 0.5461904761904762 0.03214285714285714 0.05238095238095238
6 0.4325 0.4595238095238095 0.020714285714285713 0.037142857142857144
7 0.20142857142857143 0.37666666666666665 0.032857142857142856 0.02
7 0.31357142857142856 0.34714285714285714 0.037142857142857144 0.023809523809523808
6 0.21785714285714286 0.36714285714285716 0.03 0.018095238095238095
7 0.3217857142857143 0.2757142857142857 0.025 0.014285714285714285
8 0.42714285714285716 0.32904761904761903 0.032857142857142856 0.06190476190476191
8 0.46214285714285713 0.22523809523809524 0.02 0.01619047619047619
8 0.5717857142857142 0.4523809523809524 0.013571428571428571 0.03428571428571429
8 0.3339285714285714 0.4623809523809524 0.017857142857142856 0.02761904761904762
6 0.05142857142857143 0.8428571428571429 0.07142857142857142 0.10476190476190476
1 0.029285714285714286 0.8152380952380952 0.02 0.02857142857142857
1 0.18607142857142858 0.7295238095238096 0.007857142857142858 0.02666666666666667
2 0.26285714285714284 0.5428571428571428 0.007142857142857143 0.024761904761904763
2 0.35 0.54 0.01 0.02666666666666667
2 0.25607142857142856 0.5419047619047619 0.0064285714285714285 0.02095238095238095
4 0.34714285714285714 0.5371428571428571 0.007142857142857143 0.01904761904761905
4 0.5382142857142858 0.28476190476190477 0.0035714285714285713 0.007619047619047619
4 0.4714285714285714 0.29714285714285715 0.004285714285714286 0.007619047619047619
4 0.4607142857142857 0.34904761904761905 0.004285714285714286 0.008571428571428572
4 0.4632142857142857 0.34809523809523807 0.005 0.010476190476190476
2 0.4710714285714286 0.30142857142857143 0.0035714285714285713 0.008571428571428572
2 0.5417857142857143 0.2957142857142857 0.009285714285714286 0.008571428571428572
2 0.5382142857142858 0.2866666666666667 0.007857142857142858 0.007619047619047619
2 0.46 0.3538095238095238 0.008571428571428572 0.012380952380952381
2 0.3510714285714286 0.5423809523809524 0.010714285714285714 0.02
1 0.33535714285714285 0.4519047619047619 0.005 0.014285714285714285
1 0.5725 0.42523809523809525 0.005 0.018095238095238095
1 0.5864285714285714 0.42 0.004285714285714286 0.01904761904761905
11 0.5007142857142857 0.25142857142857145 0.018571428571428572 0.030476190476190476
7 0.5082142857142857 0.22952380952380952 0.010714285714285714 0.011428571428571429
6 0.5139285714285714 0.23523809523809525 0.007857142857142858 0.009523809523809525
3 0.5696428571428571 0.24666666666666667 0.012142857142857143 0.02857142857142857
3 0.5764285714285714 0.3761904761904762 0.02142857142857143 0.04380952380952381
0 0.6235714285714286 0.19380952380952382 0.015714285714285715 0.018095238095238095
0 0.5914285714285714 0.19285714285714287 0.015714285714285715 0.012380952380952381
1 0.6260714285714286 0.21571428571428572 0.0035714285714285713 0.010476190476190476
1 0.5964285714285714 0.20761904761904762 0.0014285714285714286 0.009523809523809525
1 0.6071428571428571 0.19523809523809524 0.002857142857142857 0.009523809523809525
1 0.6110714285714286 0.19523809523809524 0.0035714285714285713 0.011428571428571429
1 0.6146428571428572 0.1957142857142857 0.002142857142857143 0.008571428571428572
0 0.5785714285714286 0.14476190476190476 0.03142857142857143 0.02095238095238095
8 0.7942857142857143 0.44 0.024285714285714285 0.03238095238095238
8 0.825 0.5147619047619048 0.07714285714285714 0.12476190476190477
8 0.7546428571428572 0.3757142857142857 0.02214285714285714 0.03333333333333333
8 0.8064285714285714 0.25476190476190474 0.04285714285714286 0.037142857142857144
7 0.7367857142857143 0.25142857142857145 0.015 0.011428571428571429
6 0.7696428571428572 0.24285714285714285 0.013571428571428571 0.009523809523809525
6 0.7603571428571428 0.2761904761904762 0.013571428571428571 0.009523809523809525
8 0.715 0.2861904761904762 0.017142857142857144 0.018095238095238095
9 0.6825 0.2557142857142857 0.012142857142857143 0.012380952380952381
6 0.36 0.25666666666666665 0.017142857142857144 0.010476190476190476
6 0.38535714285714284 0.27476190476190476 0.020714285714285713 0.010476190476190476
6 0.3921428571428571 0.2695238095238095 0.015714285714285715 0.009523809523809525
6 0.3982142857142857 0.26095238095238094 0.020714285714285713 0.013333333333333334
6 0.39321428571428574 0.2571428571428571 0.017857142857142856 0.011428571428571429
6 0.4075 0.2561904761904762 0.016428571428571428 0.013333333333333334
6 0.4164285714285714 0.21285714285714286 0.012857142857142857 0.008571428571428572
6 0.44357142857142856 0.1961904761904762 0.01 0.007619047619047619
6 0.4639285714285714 0.20476190476190476 0.012142857142857143 0.007619047619047619
6 0.46535714285714286 0.20238095238095238 0.012142857142857143 0.008571428571428572
8 0.4114285714285714 0.2509523809523809 0.017142857142857144 0.014285714285714285
8 0.4332142857142857 0.2538095238095238 0.029285714285714286 0.018095238095238095
8 0.4203571428571429 0.2761904761904762 0.04642857142857143 0.030476190476190476
1 0.3435714285714286 0.26857142857142857 0.002857142857142857 0.009523809523809525
2 0.18071428571428572 0.3852380952380952 0.01 0.012380952380952381