2 0.21785714285714286 0.31285714285714283 0.032857142857142856 0.021904761904761906
2 0.3535714285714286 0.18 0.02857142857142857 0.02095238095238095
2 0.42607142857142855 0.19238095238095237 0.023571428571428573 0.01904761904761905
5 0.3892857142857143 0.18 0.007142857142857143 0.02857142857142857
5 0.33107142857142857 0.17904761904761904 0.012142857142857143 0.024761904761904763
1 0.32535714285714284 0.17761904761904762 0.010714285714285714 0.025714285714285714
1 0.4882142857142857 0.009047619047619047 0.007857142857142858 0.01619047619047619
3 0.48714285714285716 0.13380952380952382 0.011428571428571429 0.03142857142857143
3 0.5275 0.1523809523809524 0.009285714285714286 0.02666666666666667
1 0.5192857142857142 0.07142857142857142 0.005714285714285714 0.02666666666666667
1 0.5485714285714286 0.08476190476190476 0.007142857142857143 0.022857142857142857
2 0.5682142857142857 0.14095238095238094 0.009285714285714286 0.02666666666666667
4 0.5678571428571428 0.13285714285714287 0.005714285714285714 0.02
2 0.5582142857142857 0.18 0.025 0.02666666666666667
2 0.525 0.18047619047619048 0.012857142857142857 0.03142857142857143
2 0.46464285714285714 0.17952380952380953 0.012142857142857143 0.03333333333333333
5 0.4857142857142857 0.1719047619047619 0.011428571428571429 0.03333333333333333
1 0.5282142857142857 0.12523809523809523 0.007857142857142858 0.023809523809523808
1 0.515 0.15095238095238095 0.008571428571428572 0.035238095238095235
1 0.5039285714285714 0.16047619047619047 0.009285714285714286 0.02761904761904762
1 0.5157142857142857 0.2776190476190476 0.008571428571428572 0.021904761904761906
1 0.5175 0.2695238095238095 0.009285714285714286 0.022857142857142857
4 0.6842857142857143 0.05238095238095238 0.01 0.022857142857142857
10 0.6814285714285714 0.04476190476190476 0.024285714285714285 0.07047619047619047
7 0.6371428571428571 0.09 0.02857142857142857 0.09428571428571429
2 0.7621428571428571 0.14142857142857143 0.008571428571428572 0.035238095238095235
2 0.7789285714285714 0.1419047619047619 0.015 0.03238095238095238
10 0.8182142857142857 0.13238095238095238 0.02642857142857143 0.049523809523809526
10 0.8014285714285714 0.14238095238095239 0.022857142857142857 0.058095238095238096
2 0.8632142857142857 0.23476190476190475 0.010714285714285714 0.03333333333333333
1 0.8721428571428571 0.31238095238095237 0.018571428571428572 0.017142857142857144
2 0.8667857142857143 0.4238095238095238 0.025 0.022857142857142857
2 0.8342857142857143 0.9533333333333334 0.022857142857142857 0.02857142857142857
4 0.7578571428571429 0.8595238095238096 0.02142857142857143 0.012380952380952381
2 0.7596428571428572 0.8466666666666667 0.016428571428571428 0.04380952380952381
4 0.7567857142857143 0.8447619047619047 0.02214285714285714 0.015238095238095238
4 0.6732142857142858 0.7738095238095238 0.017857142857142856 0.018095238095238095
2 0.6746428571428571 0.7742857142857142 0.015 0.045714285714285714
6 0.6796428571428571 0.9261904761904762 0.04071428571428572 0.13047619047619047
6 0.8285714285714286 0.7842857142857143 0.047142857142857146 0.10952380952380952
10 0.9760714285714286 0.849047619047619 0.03357142857142857 0.05619047619047619
1 0.95 0.7438095238095238 0.02 0.009523809523809525
1 0.8139285714285714 0.4657142857142857 0.015 0.022857142857142857
4 0.8635714285714285 0.5014285714285714 0.012857142857142857 0.023809523809523808
1 0.8482142857142857 0.5157142857142857 0.017857142857142856 0.018095238095238095
1 0.8710714285714286 0.540952380952381 0.015 0.017142857142857144
1 0.8357142857142857 0.5633333333333334 0.02 0.021904761904761906
3 0.845 0.5971428571428572 0.03142857142857143 0.049523809523809526
2 0.8814285714285715 0.6133333333333333 0.025714285714285714 0.022857142857142857
1 0.9078571428571428 0.6123809523809524 0.017142857142857144 0.011428571428571429
1 0.8571428571428571 0.6309523809523809 0.012857142857142857 0.01619047619047619
6 0.5803571428571429 0.8957142857142857 0.08785714285714286 0.05619047619047619
6 0.585 0.8161904761904762 0.08428571428571428 0.05142857142857143
6 0.5907142857142857 0.6895238095238095 0.07142857142857142 0.049523809523809526
1 0.5260714285714285 0.8980952380952381 0.010714285714285714 0.017142857142857144
1 0.5267857142857143 0.9266666666666666 0.012142857142857143 0.013333333333333334
1 0.5364285714285715 0.8671428571428571 0.01 0.021904761904761906
1 0.5075 0.8133333333333334 0.010714285714285714 0.01904761904761905
1 0.5071428571428571 0.8976190476190476 0.011428571428571429 0.02
1 0.49642857142857144 0.9161904761904762 0.008571428571428572 0.017142857142857144
1 0.5464285714285714 0.6438095238095238 0.014285714285714285 0.017142857142857144
3 0.49892857142857144 0.7595238095238095 0.012142857142857143 0.023809523809523808
5 0.5621428571428572 0.7538095238095238 0.025714285714285714 0.02
1 0.5596428571428571 0.7480952380952381 0.016428571428571428 0.01619047619047619
1 0.6685714285714286 0.6266666666666667 0.011428571428571429 0.015238095238095238
10 0.6546428571428572 0.5514285714285714 0.020714285714285713 0.06857142857142857
2 0.48678571428571427 0.6828571428571428 0.02642857142857143 0.015238095238095238
2 0.47285714285714286 0.6742857142857143 0.02857142857142857 0.013333333333333334
2 0.4467857142857143 0.6614285714285715 0.015 0.040952380952380955
2 0.4682142857142857 0.6366666666666667 0.027857142857142858 0.021904761904761906
2 0.45107142857142857 0.5304761904761904 0.02642857142857143 0.02095238095238095
7 0.5685714285714286 0.5861904761904762 0.06857142857142857 0.06761904761904762
6 0.5721428571428572 0.4838095238095238 0.08142857142857143 0.047619047619047616
6 0.6546428571428572 0.40285714285714286 0.035 0.09904761904761905
6 0.6539285714285714 0.30714285714285716 0.035 0.09238095238095238
1 0.6425 0.4604761904761905 0.007857142857142858 0.012380952380952381
7 0.5703571428571429 0.4228571428571429 0.07357142857142857 0.05333333333333334
1 0.5246428571428572 0.4780952380952381 0.010714285714285714 0.01904761904761905
1 0.475 0.3933333333333333 0.008571428571428572 0.015238095238095238
1 0.6203571428571428 0.2980952380952381 0.010714285714285714 0.02857142857142857
1 0.6089285714285714 0.3019047619047619 0.009285714285714286 0.022857142857142857
7 0.5646428571428571 0.2938095238095238 0.07357142857142857 0.05047619047619047