0 0.671 0.22866666666666666 0.039 0.07333333333333333
6 0.734 0.23666666666666666 0.025 0.012
6 0.723 0.24333333333333335 0.028 0.014666666666666666
10 0.71425 0.25333333333333335 0.0095 0.017333333333333333
0 0.6935 0.195 0.02 0.03266666666666666
6 0.75075 0.26966666666666667 0.0195 0.019333333333333334
0 0.78275 0.29533333333333334 0.0665 0.032
10 0.8355 0.37166666666666665 0.041 0.022
2 0.85275 0.37966666666666665 0.0165 0.020666666666666667
7 0.671 0.2773333333333333 0.045 0.028
7 0.67275 0.2976666666666667 0.0515 0.026
6 0.6755 0.30733333333333335 0.049 0.021333333333333333
6 0.672 0.312 0.05 0.02266666666666667
6 0.67175 0.3343333333333333 0.0565 0.027333333333333334
6 0.68075 0.344 0.0585 0.030666666666666665
6 0.7495 0.39266666666666666 0.066 0.037333333333333336
5 0.802 0.32866666666666666 0.02 0.016
6 0.665 0.388 0.073 0.032
6 0.667 0.402 0.072 0.028
6 0.66825 0.41933333333333334 0.0775 0.037333333333333336
7 0.682 0.43266666666666664 0.084 0.05733333333333333
7 0.661 0.469 0.085 0.058
6 0.688 0.5093333333333333 0.11 0.06933333333333333
6 0.6915 0.623 0.171 0.09
6 0.52225 0.6196666666666667 0.1385 0.09266666666666666
5 0.455 0.577 0.05 0.035333333333333335
6 0.629 0.8146666666666667 0.24 0.14666666666666667
6 0.3655 0.781 0.201 0.13533333333333333
1 0.8545 0.817 0.046 0.062
8 0.3105 0.5593333333333333 0.206 0.16133333333333333
6 0.03425 0.41833333333333333 0.0685 0.08066666666666666
8 0.2165 0.3413333333333333 0.122 0.06933333333333333