8 0.4567857142857143 0.940989847715736 0.04928571428571429 0.11548223350253807
6 0.5567857142857143 0.8312182741116751 0.03785714285714286 0.07614213197969544
8 0.5625 0.7436548223350253 0.03785714285714286 0.08121827411167512
6 0.5596428571428571 0.6230964467005076 0.017857142857142856 0.04060913705583756
6 0.5378571428571428 0.625 0.017142857142857144 0.04187817258883249
6 0.5196428571428572 0.6269035532994924 0.017857142857142856 0.04314720812182741
6 0.5289285714285714 0.583756345177665 0.017857142857142856 0.04314720812182741
6 0.5117857142857143 0.5850253807106599 0.019285714285714285 0.04314720812182741
6 0.5217857142857143 0.5475888324873096 0.017857142857142856 0.03680203045685279
6 0.5153571428571428 0.5184010152284264 0.016428571428571428 0.03680203045685279
6 0.5089285714285714 0.48286802030456855 0.015 0.03426395939086294
8 0.4942857142857143 0.42449238578680204 0.018571428571428572 0.03680203045685279
8 0.49142857142857144 0.49555837563451777 0.03571428571428571 0.10532994923857868
8 0.45 0.4035532994923858 0.024285714285714285 0.06852791878172589
0 0.3410714285714286 0.5348984771573604 0.060714285714285714 0.25
6 0.405 0.4866751269035533 0.017142857142857144 0.03426395939086294
7 0.39535714285714285 0.43274111675126903 0.016428571428571428 0.03553299492385787
7 0.47535714285714287 0.37182741116751267 0.013571428571428571 0.03807106598984772
7 0.4564285714285714 0.37119289340101524 0.018571428571428572 0.046954314720812185
6 0.4575 0.3248730964467005 0.012142857142857143 0.025380710659898477
6 0.4496428571428571 0.29758883248730966 0.015 0.02918781725888325
6 0.4342857142857143 0.35215736040609136 0.017142857142857144 0.03680203045685279
6 0.42142857142857143 0.3102791878172589 0.012857142857142857 0.0266497461928934
6 0.41214285714285714 0.2766497461928934 0.012857142857142857 0.027918781725888325
11 0.405 0.2436548223350254 0.015714285714285715 0.030456852791878174
8 0.42642857142857143 0.21890862944162437 0.018571428571428572 0.03934010152284264
8 0.36964285714285716 0.32423857868020306 0.015 0.03426395939086294
11 0.3692857142857143 0.19860406091370558 0.008571428571428572 0.01903553299492386
7 0.365 0.30456852791878175 0.011428571428571429 0.02284263959390863
7 0.36142857142857143 0.29124365482233505 0.011428571428571429 0.024111675126903553
8 0.3575 0.2614213197969543 0.013571428571428571 0.030456852791878174
8 0.3535714285714286 0.24428934010152284 0.014285714285714285 0.03426395939086294
11 0.34785714285714286 0.20431472081218274 0.018571428571428572 0.04314720812182741
11 0.32857142857142857 0.3870558375634518 0.037142857142857144 0.04314720812182741
6 0.33107142857142857 0.1281725888324873 0.010714285714285714 0.017766497461928935
7 0.37714285714285717 0.13895939086294415 0.011428571428571429 0.021573604060913704
6 0.36892857142857144 0.11548223350253807 0.009285714285714286 0.017766497461928935
6 0.33785714285714286 0.10279187817258884 0.008571428571428572 0.017766497461928935
6 0.34285714285714286 0.0799492385786802 0.007142857142857143 0.015228426395939087
0 0.32285714285714284 0.060279187817258884 0.018571428571428572 0.10025380710659898
11 0.33785714285714286 0.04885786802030457 0.01 0.02918781725888325
6 0.34714285714285714 0.03934010152284264 0.007142857142857143 0.015228426395939087
6 0.35678571428571426 0.07296954314720812 0.007857142857142858 0.011421319796954314
6 0.36642857142857144 0.08883248730964467 0.01 0.017766497461928935
0 0.36642857142857144 0.03680203045685279 0.02857142857142857 0.06598984771573604
8 0.385 0.09708121827411167 0.011428571428571429 0.0266497461928934
1 0.39714285714285713 0.11104060913705584 0.005714285714285714 0.01649746192893401
2 0.4017857142857143 0.12373096446700507 0.007857142857142858 0.013959390862944163
1 0.44785714285714284 0.2696700507614213 0.004285714285714286 0.01649746192893401
1 0.4382142857142857 0.27093908629441626 0.005 0.013959390862944163
1 0.5557142857142857 0.5475888324873096 0.005714285714285714 0.024111675126903553
1 0.6717857142857143 0.9270304568527918 0.009285714285714286 0.02918781725888325
6 0.43464285714285716 0.699238578680203 0.02642857142857143 0.07614213197969544