6 0.93625 0.7433333333333333 0.0195 0.036
6 0.9745 0.39866666666666667 0.024 0.014666666666666666
0 0.1925 0.482 0.035 0.024
1 0.4115 0.311 0.002 0.011333333333333334
1 0.4145 0.31333333333333335 0.003 0.010666666666666666
1 0.44825 0.31333333333333335 0.0025 0.010666666666666666
1 0.44575 0.31366666666666665 0.0025 0.012666666666666666
1 0.41725 0.308 0.0025 0.010666666666666666
1 0.419 0.30833333333333335 0.003 0.012666666666666666
1 0.4185 0.31333333333333335 0.003 0.013333333333333334
1 0.421 0.312 0.003 0.010666666666666666
1 0.42325 0.31 0.0025 0.009333333333333334
1 0.42375 0.31633333333333336 0.0025 0.012666666666666666
1 0.42575 0.315 0.0025 0.012666666666666666
1 0.429 0.31 0.003 0.012
1 0.4295 0.31666666666666665 0.003 0.013333333333333334
1 0.43225 0.31066666666666665 0.0025 0.010666666666666666
1 0.43425 0.31633333333333336 0.0035 0.012666666666666666
1 0.437 0.31733333333333336 0.002 0.012
1 0.436 0.30566666666666664 0.002 0.01
1 0.4395 0.31133333333333335 0.003 0.010666666666666666
1 0.4425 0.31166666666666665 0.002 0.011333333333333334
1 0.4415 0.31566666666666665 0.003 0.011333333333333334
0 0.013 0.24666666666666667 0.018 0.029333333333333333
0 0.1955 0.20333333333333334 0.025 0.013333333333333334