6 0.8310714285714286 0.9457142857142857 0.10214285714285715 0.10857142857142857
6 0.7192857142857143 0.6542857142857142 0.09714285714285714 0.18285714285714286
6 0.6478571428571429 0.4766666666666667 0.08571428571428572 0.15523809523809523
6 0.5646428571428571 0.30714285714285716 0.07928571428571428 0.12666666666666668
1 0.47714285714285715 0.1919047619047619 0.012857142857142857 0.04666666666666667
7 0.5085714285714286 0.18571428571428572 0.07142857142857142 0.1180952380952381
7 0.4589285714285714 0.11285714285714285 0.06785714285714285 0.09238095238095238
6 0.435 0.039047619047619046 0.06571428571428571 0.0761904761904762
7 0.5128571428571429 0.03428571428571429 0.08571428571428572 0.06857142857142857
6 0.6021428571428571 0.15571428571428572 0.06571428571428571 0.11333333333333333
6 0.6489285714285714 0.2804761904761905 0.08071428571428571 0.11904761904761904
6 0.7207142857142858 0.42 0.07857142857142857 0.13714285714285715