6 0.5332142857142858 0.9147619047619048 0.08928571428571429 0.11333333333333333
6 0.5325 0.4961904761904762 0.03357142857142857 0.08190476190476191
6 0.5157142857142857 0.37285714285714283 0.025714285714285714 0.07333333333333333
6 0.5125 0.28523809523809524 0.029285714285714286 0.06
6 0.5021428571428571 0.21523809523809523 0.024285714285714285 0.06476190476190476
6 0.5089285714285714 0.1438095238095238 0.019285714285714285 0.05333333333333334
6 0.16607142857142856 0.29523809523809524 0.039285714285714285 0.05904761904761905
6 0.18821428571428572 0.22666666666666666 0.03357142857142857 0.045714285714285714
6 0.2067857142857143 0.1676190476190476 0.025 0.047619047619047616
6 0.22142857142857142 0.1261904761904762 0.03428571428571429 0.04476190476190476
6 0.3142857142857143 0.08285714285714285 0.04 0.017142857142857144
6 0.3107142857142857 0.07523809523809524 0.047142857142857146 0.03238095238095238
6 0.32107142857142856 0.055714285714285716 0.039285714285714285 0.023809523809523808
6 0.3221428571428571 0.041428571428571426 0.037142857142857144 0.023809523809523808
6 0.3242857142857143 0.023333333333333334 0.037142857142857144 0.025714285714285714
6 0.3271428571428571 0.015714285714285715 0.04285714285714286 0.025714285714285714
6 0.1707142857142857 0.4757142857142857 0.08142857142857143 0.040952380952380955
7 0.3782142857142857 0.45714285714285713 0.08071428571428571 0.05333333333333334
7 0.5317857142857143 0.6009523809523809 0.04357142857142857 0.1295238095238095
6 0.23607142857142857 0.08761904761904762 0.023571428571428573 0.04
6 0.2596428571428571 0.008571428571428572 0.023571428571428573 0.017142857142857144
6 0.17857142857142858 0.010476190476190476 0.041428571428571426 0.02095238095238095
6 0.5646428571428571 0.014285714285714285 0.017857142857142856 0.02666666666666667
6 0.6317857142857143 0.020476190476190478 0.02214285714285714 0.03333333333333333
6 0.7928571428571428 0.19095238095238096 0.02142857142857143 0.039047619047619046
6 0.7875 0.0919047619047619 0.025 0.04285714285714286
6 0.6771428571428572 0.1957142857142857 0.03 0.05047619047619047
6 0.6260714285714286 0.12523809523809523 0.019285714285714285 0.04666666666666667
6 0.6142857142857143 0.06 0.022857142857142857 0.0380952380952381
6 0.6557142857142857 0.09333333333333334 0.03 0.04
11 0.8789285714285714 0.25285714285714284 0.065 0.1019047619047619
1 0.8157142857142857 0.16714285714285715 0.008571428571428572 0.025714285714285714
1 0.825 0.1676190476190476 0.01 0.02666666666666667
1 0.9871428571428571 0.8376190476190476 0.025714285714285714 0.023809523809523808
1 0.5878571428571429 0.012380952380952381 0.008571428571428572 0.024761904761904763
1 0.04071428571428572 0.5066666666666667 0.017142857142857144 0.030476190476190476
5 0.065 0.6619047619047619 0.025714285714285714 0.03238095238095238
9 0.0775 0.6238095238095238 0.023571428571428573 0.049523809523809526
1 0.0175 0.8123809523809524 0.025 0.022857142857142857
5 0.005714285714285714 0.8914285714285715 0.011428571428571429 0.05142857142857143
4 0.5857142857142857 0.6866666666666666 0.011428571428571429 0.017142857142857144
4 0.7575 0.39666666666666667 0.012142857142857143 0.01619047619047619
4 0.8514285714285714 0.5271428571428571 0.011428571428571429 0.014285714285714285
4 0.5017857142857143 0.03857142857142857 0.0064285714285714285 0.014285714285714285
4 0.5235714285714286 0.07523809523809524 0.008571428571428572 0.017142857142857144
4 0.6985714285714286 0.08952380952380952 0.008571428571428572 0.01904761904761905
5 0.6967857142857142 0.09380952380952381 0.010714285714285714 0.021904761904761906
5 0.5007142857142857 0.04476190476190476 0.008571428571428572 0.017142857142857144
2 0.5225 0.08428571428571428 0.009285714285714286 0.02
2 0.7564285714285715 0.40095238095238095 0.011428571428571429 0.024761904761904763
1 0.4607142857142857 0.17285714285714285 0.007142857142857143 0.021904761904761906
1 0.44785714285714284 0.3252380952380952 0.012857142857142857 0.023809523809523808
5 0.5857142857142857 0.6942857142857143 0.008571428571428572 0.03619047619047619
2 0.8525 0.5366666666666666 0.023571428571428573 0.04666666666666667