6 0.2807142857142857 0.05523809523809524 0.037142857142857144 0.05523809523809524
1 0.2675 0.07333333333333333 0.007857142857142858 0.030476190476190476
1 0.3032142857142857 0.06333333333333334 0.010714285714285714 0.035238095238095235
6 0.2621428571428571 0.10523809523809524 0.03857142857142857 0.06380952380952382
7 0.24678571428571427 0.15666666666666668 0.047857142857142855 0.07904761904761905
6 0.21678571428571428 0.23095238095238096 0.05785714285714286 0.08666666666666667
6 0.18857142857142858 0.3242857142857143 0.06428571428571428 0.10380952380952381
6 0.27464285714285713 0.2895238095238095 0.060714285714285714 0.09904761904761905
6 0.3171428571428571 0.44952380952380955 0.07142857142857142 0.1676190476190476
6 0.14821428571428572 0.45 0.06785714285714285 0.11523809523809524
6 0.09357142857142857 0.5966666666666667 0.10142857142857142 0.18
1 0.047142857142857146 0.960952380952381 0.037142857142857144 0.04
6 0.041428571428571426 0.8538095238095238 0.08285714285714285 0.26
6 0.49178571428571427 0.9480952380952381 0.08642857142857142 0.1
6 0.39785714285714285 0.8647619047619047 0.08142857142857143 0.22285714285714286
6 0.4032142857142857 0.6366666666666667 0.065 0.16666666666666666
6 0.48 0.6314285714285715 0.05857142857142857 0.16380952380952382
1 0.8967857142857143 0.9704761904761905 0.04357142857142857 0.05142857142857143
2 0.7885714285714286 0.9471428571428572 0.03857142857142857 0.0980952380952381
7 0.7275 0.7904761904761904 0.17785714285714285 0.12380952380952381
1 0.6017857142857143 0.6714285714285714 0.019285714285714285 0.05904761904761905
6 0.71 0.6919047619047619 0.14857142857142858 0.08857142857142856
6 0.6785714285714286 0.6052380952380952 0.13 0.08666666666666667
6 0.6660714285714285 0.5233333333333333 0.12928571428571428 0.08285714285714285
7 0.65 0.45476190476190476 0.13142857142857142 0.07904761904761905
7 0.6196428571428572 0.3485714285714286 0.09642857142857143 0.07809523809523809
6 0.6332142857142857 0.4014285714285714 0.11214285714285714 0.07523809523809524
6 0.6242857142857143 0.30047619047619045 0.10142857142857142 0.06
6 0.5710714285714286 0.11476190476190476 0.08214285714285714 0.05047619047619047
7 0.5835714285714285 0.1361904761904762 0.07428571428571429 0.06476190476190476
1 0.5167857142857143 0.09761904761904762 0.010714285714285714 0.03142857142857143
4 0.6007142857142858 0.16476190476190475 0.012857142857142857 0.030476190476190476
1 0.6196428571428572 0.15523809523809523 0.009285714285714286 0.03619047619047619
6 0.42714285714285716 0.1019047619047619 0.032857142857142856 0.05142857142857143
6 0.43214285714285716 0.04857142857142857 0.03 0.045714285714285714
1 0.5385714285714286 0.35714285714285715 0.012857142857142857 0.05142857142857143
1 0.5510714285714285 0.40190476190476193 0.015 0.049523809523809526
1 0.5110714285714286 0.35619047619047617 0.015 0.05142857142857143
6 0.4807142857142857 0.4319047619047619 0.05285714285714286 0.11904761904761904
6 0.41678571428571426 0.32666666666666666 0.045 0.10857142857142857
7 0.4132142857142857 0.45285714285714285 0.05785714285714286 0.13428571428571429