8 0.01607142857142857 0.08946700507614214 0.03214285714285714 0.04949238578680203
6 0.005714285714285714 0.16370558375634517 0.011428571428571429 0.017766497461928935
8 0.11035714285714286 0.26078680203045684 0.04928571428571429 0.05964467005076142
8 0.03214285714285714 0.16751269035532995 0.03142857142857143 0.04314720812182741
11 0.13071428571428573 0.141497461928934 0.045714285714285714 0.05710659898477157
6 0.08 0.20241116751269037 0.017142857142857144 0.021573604060913704
7 0.12428571428571429 0.22525380710659898 0.017142857142857144 0.024111675126903553
7 0.16071428571428573 0.31281725888324874 0.017142857142857144 0.0266497461928934
8 0.1957142857142857 0.35596446700507617 0.03571428571428571 0.05203045685279188
7 0.3057142857142857 0.08185279187817258 0.015714285714285715 0.021573604060913704
6 0.32 0.0399746192893401 0.017142857142857144 0.021573604060913704
8 0.185 0.4727157360406091 0.03571428571428571 0.04949238578680203
7 0.2075 0.4714467005076142 0.025 0.03426395939086294
7 0.26535714285714285 0.5133248730964467 0.017857142857142856 0.024111675126903553
8 0.32 0.45558375634517767 0.025714285714285714 0.04568527918781726
6 0.3414285714285714 0.5545685279187818 0.018571428571428572 0.025380710659898477
6 0.34535714285714286 0.6383248730964467 0.019285714285714285 0.025380710659898477
7 0.3267857142857143 0.6427664974619289 0.017857142857142856 0.0266497461928934
8 0.21214285714285713 0.7017766497461929 0.025714285714285714 0.03807106598984772
6 0.15 0.43274111675126903 0.014285714285714285 0.02030456852791878
6 0.08107142857142857 0.6046954314720813 0.016428571428571428 0.024111675126903553
6 0.1225 0.5342639593908629 0.016428571428571428 0.025380710659898477
6 0.12928571428571428 0.5215736040609137 0.017142857142857144 0.025380710659898477
7 0.15571428571428572 0.5133248730964467 0.017142857142857144 0.024111675126903553
6 0.16642857142857143 0.5640862944162437 0.017142857142857144 0.0266497461928934
6 0.17285714285714285 0.549492385786802 0.018571428571428572 0.025380710659898477
6 0.1925 0.4276649746192893 0.015 0.02030456852791878
11 0.26321428571428573 0.43718274111675126 0.023571428571428573 0.03426395939086294
7 0.30892857142857144 0.7258883248730964 0.023571428571428573 0.048223350253807105
7 0.3192857142857143 0.7753807106598984 0.024285714285714285 0.0532994923857868
11 0.3314285714285714 0.7848984771573604 0.04428571428571428 0.09263959390862944
11 0.34535714285714286 0.7963197969543148 0.045 0.09517766497461928
8 0.15785714285714286 0.8451776649746193 0.07285714285714286 0.08629441624365482
8 0.16392857142857142 0.8870558375634517 0.07357142857142857 0.08883248730964467
8 0.18071428571428572 0.9168781725888325 0.07428571428571429 0.09263959390862944
8 0.19535714285714287 0.9511421319796954 0.07357142857142857 0.0901015228426396
8 0.245 0.9822335025380711 0.041428571428571426 0.03299492385786802
8 0.2175 0.9670050761421319 0.05928571428571429 0.06091370558375635
6 0.24964285714285714 0.6960659898477157 0.015 0.03680203045685279
7 0.38035714285714284 0.8635786802030457 0.052142857142857144 0.11548223350253807
7 0.3967857142857143 0.8629441624365483 0.029285714285714286 0.06598984771573604
7 0.4253571428571429 0.9359137055837563 0.035 0.031725888324873094
7 0.4185714285714286 0.9682741116751269 0.03142857142857143 0.030456852791878174
7 0.4175 0.991751269035533 0.02214285714285714 0.013959390862944163
8 0.4614285714285714 0.7791878172588832 0.02857142857142857 0.04060913705583756
8 0.48857142857142855 0.7766497461928934 0.027142857142857142 0.04314720812182741
7 0.3871428571428571 0.6592639593908629 0.018571428571428572 0.02918781725888325
7 0.4064285714285714 0.6027918781725888 0.018571428571428572 0.02284263959390863
6 0.42928571428571427 0.6573604060913706 0.015714285714285715 0.02284263959390863
6 0.4860714285714286 0.6967005076142132 0.017857142857142856 0.025380710659898477
6 0.5178571428571429 0.7607868020304569 0.017142857142857144 0.0266497461928934
1 0.5942857142857143 0.233502538071066 0.002857142857142857 0.01015228426395939
1 0.5978571428571429 0.23413705583756345 0.002857142857142857 0.008883248730964468
11 0.6557142857142857 0.8496192893401016 0.05 0.06979695431472081
6 0.6175 0.8483502538071066 0.020714285714285713 0.031725888324873094
6 0.5567857142857143 0.891497461928934 0.020714285714285713 0.02918781725888325
6 0.6971428571428572 0.942258883248731 0.018571428571428572 0.02918781725888325
7 0.5532142857142858 0.9200507614213198 0.02214285714285714 0.03299492385786802
7 0.6189285714285714 0.9352791878172588 0.019285714285714285 0.027918781725888325