6 0.3285 0.9253333333333333 0.111 0.14933333333333335
6 0.443 0.4206666666666667 0.077 0.204
7 0.6955 0.081 0.136 0.10866666666666666
1 0.335 0.534 0.03 0.06133333333333333
1 0.3575 0.524 0.019 0.044
1 0.34175 0.46066666666666667 0.0355 0.068
1 0.55125 0.428 0.0275 0.06933333333333333
1 0.57775 0.735 0.0325 0.04733333333333333
1 0.61525 0.711 0.0325 0.04066666666666666
1 0.7175 0.8046666666666666 0.049 0.04133333333333333
1 0.72 0.8653333333333333 0.054 0.034666666666666665
1 0.72875 0.74 0.0385 0.04
1 0.611 0.12666666666666668 0.022 0.06666666666666667
1 0.642 0.11933333333333333 0.023 0.06
1 0.675 0.122 0.027 0.05733333333333333
1 0.6795 0.342 0.025 0.058666666666666666
1 0.6695 0.2856666666666667 0.02 0.054
1 0.6655 0.25233333333333335 0.026 0.048666666666666664
4 0.509 0.3303333333333333 0.018 0.04066666666666666
4 0.292 0.35833333333333334 0.027 0.046
1 0.3095 0.18666666666666668 0.029 0.06933333333333333
1 0.50425 0.056666666666666664 0.0165 0.07066666666666667
1 0.548 0.07533333333333334 0.019 0.06666666666666667
1 0.5365 0.022333333333333334 0.015 0.04466666666666667
5 0.2965 0.36766666666666664 0.022 0.07933333333333334
2 0.508 0.336 0.018 0.07333333333333333
5 0.31475 0.12133333333333333 0.0165 0.064
5 0.81675 0.15866666666666668 0.0585 0.036
5 0.671 0.17266666666666666 0.054 0.03333333333333333
5 0.783 0.13633333333333333 0.018 0.04733333333333333
2 0.756 0.138 0.03 0.028
2 0.746 0.156 0.048 0.025333333333333333
2 0.648 0.21366666666666667 0.052 0.046
2 0.65475 0.27 0.0345 0.06933333333333333
2 0.36425 0.11 0.0235 0.06933333333333333
2 0.33825 0.104 0.0215 0.07066666666666667
2 0.37 0.029333333333333333 0.017 0.058666666666666666
2 0.3425 0.03866666666666667 0.022 0.05733333333333333
2 0.5995 0.034 0.022 0.06133333333333333
2 0.62 0.030333333333333334 0.021 0.059333333333333335
2 0.72875 0.018 0.0555 0.032
0 0.6705 0.02266666666666667 0.036 0.044
5 0.6695 0.17066666666666666 0.045 0.034666666666666665
1 0.28725 0.176 0.0305 0.06