1 0.22892857142857143 0.940952380952381 0.06928571428571428 0.11238095238095239
5 0.21035714285714285 0.9623809523809523 0.05357142857142857 0.07523809523809524
5 0.5039285714285714 0.6309523809523809 0.075 0.058095238095238096
5 0.6257142857142857 0.6166666666666667 0.06857142857142857 0.05238095238095238
2 0.44142857142857145 0.5885714285714285 0.07 0.06285714285714286
1 0.2392857142857143 0.5966666666666667 0.04 0.08285714285714285
1 0.19607142857142856 0.7609523809523809 0.052142857142857144 0.09904761904761905
1 0.7860714285714285 0.7571428571428571 0.03785714285714286 0.09333333333333334
1 0.78 0.6642857142857143 0.05142857142857143 0.1019047619047619
1 0.8025 0.6166666666666667 0.04214285714285714 0.09238095238095238
1 0.6882142857142857 0.6147619047619047 0.027857142857142858 0.06761904761904762
4 0.6917857142857143 0.650952380952381 0.045 0.08285714285714285
1 0.5260714285714285 0.2938095238095238 0.015 0.04666666666666667
1 0.8807142857142857 0.32761904761904764 0.015714285714285715 0.05523809523809524
1 0.7146428571428571 0.2542857142857143 0.016428571428571428 0.0419047619047619
1 0.7707142857142857 0.19 0.01 0.025714285714285714
1 0.8789285714285714 0.17857142857142858 0.009285714285714286 0.03333333333333333
1 0.6225 0.22 0.0064285714285714285 0.02857142857142857
1 0.6078571428571429 0.21619047619047618 0.007142857142857143 0.030476190476190476
1 0.5978571428571429 0.22238095238095237 0.01 0.021904761904761906
1 0.6121428571428571 0.18476190476190477 0.007142857142857143 0.022857142857142857
1 0.3246428571428571 0.23761904761904762 0.016428571428571428 0.039047619047619046
1 0.4467857142857143 0.16238095238095238 0.010714285714285714 0.021904761904761906
1 0.42857142857142855 0.16666666666666666 0.005714285714285714 0.015238095238095238
1 0.46214285714285713 0.12523809523809523 0.007142857142857143 0.021904761904761906
1 0.25535714285714284 0.15285714285714286 0.0064285714285714285 0.01619047619047619
1 0.20892857142857144 0.13 0.010714285714285714 0.018095238095238095
1 0.2125 0.1661904761904762 0.007857142857142858 0.023809523809523808
1 0.21964285714285714 0.1742857142857143 0.009285714285714286 0.02857142857142857
1 0.22357142857142856 0.1738095238095238 0.007142857142857143 0.014285714285714285
1 0.24857142857142858 0.17666666666666667 0.005714285714285714 0.012380952380952381
4 0.24357142857142858 0.1757142857142857 0.005714285714285714 0.014285714285714285
4 0.10571428571428572 0.3038095238095238 0.017142857142857144 0.03428571428571429
4 0.027142857142857142 0.3028571428571429 0.032857142857142856 0.02666666666666667
2 0.36392857142857143 0.14809523809523809 0.0064285714285714285 0.018095238095238095
1 0.11464285714285714 0.09285714285714286 0.005 0.014285714285714285
1 0.14642857142857144 0.09142857142857143 0.005714285714285714 0.013333333333333334
1 0.06107142857142857 0.09476190476190476 0.005 0.010476190476190476
1 0.08357142857142857 0.09666666666666666 0.004285714285714286 0.010476190476190476
5 0.04071428571428572 0.12666666666666668 0.011428571428571429 0.013333333333333334
1 0.135 0.12 0.007142857142857143 0.015238095238095238
1 0.12785714285714286 0.12285714285714286 0.007142857142857143 0.017142857142857144
1 0.12107142857142857 0.12476190476190477 0.005 0.013333333333333334
1 0.11392857142857143 0.1261904761904762 0.0064285714285714285 0.014285714285714285
1 0.11892857142857143 0.11761904761904762 0.005 0.010476190476190476
1 0.11392857142857143 0.12095238095238095 0.007857142857142858 0.015238095238095238
1 0.10714285714285714 0.12428571428571429 0.007142857142857143 0.018095238095238095
1 0.10285714285714286 0.11952380952380952 0.005714285714285714 0.012380952380952381
1 0.1 0.1261904761904762 0.005714285714285714 0.01619047619047619
1 0.0975 0.1219047619047619 0.0064285714285714285 0.015238095238095238
1 0.08821428571428572 0.12333333333333334 0.005 0.01619047619047619
1 0.09 0.12095238095238095 0.005714285714285714 0.017142857142857144
1 0.08392857142857142 0.12285714285714286 0.005 0.017142857142857144
1 0.08214285714285714 0.12476190476190477 0.005714285714285714 0.01904761904761905
1 0.07535714285714286 0.12523809523809523 0.0064285714285714285 0.018095238095238095
1 0.07107142857142858 0.12238095238095238 0.005 0.014285714285714285
1 0.06857142857142857 0.12666666666666668 0.005714285714285714 0.013333333333333334
3 0.3807142857142857 0.15523809523809523 0.014285714285714285 0.017142857142857144
0 0.44892857142857145 0.10761904761904761 0.013571428571428571 0.013333333333333334
1 0.7767857142857143 0.13333333333333333 0.005 0.02095238095238095
1 0.8171428571428572 0.13047619047619047 0.005714285714285714 0.01904761904761905
1 0.8467857142857143 0.11952380952380952 0.0064285714285714285 0.018095238095238095
1 0.8021428571428572 0.11714285714285715 0.005714285714285714 0.017142857142857144
4 0.7921428571428571 0.11428571428571428 0.005714285714285714 0.011428571428571429
1 0.9285714285714286 0.12666666666666668 0.005714285714285714 0.01904761904761905
0 0.9207142857142857 0.10952380952380952 0.02 0.013333333333333334
1 0.7446428571428572 0.09857142857142857 0.0035714285714285713 0.010476190476190476
1 0.7492857142857143 0.09952380952380953 0.002857142857142857 0.008571428571428572
1 0.7507142857142857 0.09761904761904762 0.002857142857142857 0.010476190476190476
4 0.7542857142857143 0.10047619047619048 0.004285714285714286 0.008571428571428572
4 0.7896428571428571 0.10047619047619048 0.0035714285714285713 0.008571428571428572
4 0.7928571428571428 0.09904761904761905 0.002857142857142857 0.009523809523809525
1 0.7732142857142857 0.0980952380952381 0.002142857142857143 0.011428571428571429
1 0.7696428571428572 0.0980952380952381 0.005 0.011428571428571429
1 0.7835714285714286 0.0980952380952381 0.005714285714285714 0.013333333333333334
1 0.7982142857142858 0.0980952380952381 0.0035714285714285713 0.013333333333333334
1 0.805 0.09857142857142857 0.002857142857142857 0.012380952380952381
1 0.8092857142857143 0.09857142857142857 0.004285714285714286 0.012380952380952381
1 0.765 0.1019047619047619 0.004285714285714286 0.013333333333333334