11 0.06535714285714286 0.40095238095238095 0.12785714285714286 0.13523809523809524
6 0.8971428571428571 0.4804761904761905 0.041428571428571426 0.06190476190476191
6 0.8025 0.4585714285714286 0.035 0.058095238095238096
6 0.6475 0.39904761904761904 0.04357142857142857 0.049523809523809526
6 0.42928571428571427 0.3404761904761905 0.05142857142857143 0.04285714285714286
3 0.3157142857142857 0.28809523809523807 0.06714285714285714 0.08285714285714285
7 0.35678571428571426 0.25333333333333335 0.04214285714285714 0.02857142857142857
11 0.2757142857142857 0.2776190476190476 0.06285714285714286 0.06
6 0.22535714285714287 0.27095238095238094 0.04357142857142857 0.03333333333333333
8 0.29714285714285715 0.23 0.13285714285714287 0.08095238095238096
6 0.11607142857142858 0.24047619047619048 0.04642857142857143 0.029523809523809525
0 0.05392857142857143 0.24714285714285714 0.03642857142857143 0.04476190476190476
2 0.6335714285714286 0.7133333333333334 0.04857142857142857 0.049523809523809526
4 0.6328571428571429 0.710952380952381 0.018571428571428572 0.03333333333333333
2 0.5035714285714286 0.5714285714285714 0.02 0.04380952380952381
2 0.3692857142857143 0.5042857142857143 0.018571428571428572 0.04285714285714286
1 0.37107142857142855 0.5 0.015 0.02666666666666667
1 0.5075 0.5704761904761905 0.010714285714285714 0.03619047619047619
2 0.18642857142857142 0.5219047619047619 0.03142857142857143 0.03238095238095238
2 0.22321428571428573 0.4838095238095238 0.025 0.03428571428571429
4 0.22107142857142856 0.4838095238095238 0.012142857142857143 0.03238095238095238
4 0.18428571428571427 0.5195238095238095 0.012857142857142857 0.02761904761904762