7 0.014642857142857143 0.40609137055837563 0.029285714285714286 0.02284263959390863
6 0.011428571428571429 0.5609137055837563 0.022857142857142857 0.02030456852791878
7 0.015714285714285715 0.5983502538071066 0.02857142857142857 0.021573604060913704
6 0.004285714285714286 0.6725888324873096 0.008571428571428572 0.0532994923857868
6 0.018571428571428572 0.6656091370558376 0.02 0.044416243654822336
7 0.048928571428571425 0.6821065989847716 0.020714285714285713 0.06218274111675127
6 0.06678571428571428 0.6852791878172588 0.019285714285714285 0.0583756345177665
6 0.08285714285714285 0.690989847715736 0.015714285714285715 0.05203045685279188
3 0.09214285714285714 0.8128172588832487 0.054285714285714284 0.046954314720812185
8 0.15285714285714286 0.8477157360406091 0.06285714285714286 0.06091370558375635
8 0.23857142857142857 0.8965736040609137 0.08428571428571428 0.07741116751269035
2 0.12678571428571428 0.7170050761421319 0.013571428571428571 0.012690355329949238
2 0.13642857142857143 0.725253807106599 0.01 0.024111675126903553
2 0.15142857142857144 0.7265228426395939 0.014285714285714285 0.011421319796954314
7 0.15928571428571428 0.7442893401015228 0.03428571428571429 0.04187817258883249
7 0.20535714285714285 0.7690355329949239 0.030714285714285715 0.03807106598984772
7 0.22785714285714287 0.7798223350253807 0.03571428571428571 0.044416243654822336
6 0.18428571428571427 0.7550761421319797 0.03142857142857143 0.04060913705583756
7 0.2546428571428571 0.7861675126903553 0.03214285714285714 0.044416243654822336
7 0.2760714285714286 0.800761421319797 0.03214285714285714 0.048223350253807105
3 0.3 0.8140862944162437 0.022857142857142857 0.03680203045685279
6 0.3464285714285714 0.9321065989847716 0.032857142857142856 0.03426395939086294
7 0.3585714285714286 0.8959390862944162 0.032857142857142856 0.03807106598984772
7 0.36642857142857144 0.8635786802030457 0.03428571428571429 0.03934010152284264
8 0.5203571428571429 0.9765228426395939 0.039285714285714285 0.044416243654822336
6 0.535 0.9263959390862944 0.03142857142857143 0.03807106598984772
3 0.5396428571428571 0.873730964467005 0.02214285714285714 0.03680203045685279
6 0.8214285714285714 0.8642131979695431 0.03571428571428571 0.03553299492385787
6 0.7760714285714285 0.7893401015228426 0.03214285714285714 0.03299492385786802
8 0.8667857142857143 0.7138324873096447 0.03785714285714286 0.03426395939086294
7 0.9825 0.4879441624365482 0.02642857142857143 0.0266497461928934
2 0.9357142857142857 0.4739847715736041 0.014285714285714285 0.013959390862944163
4 0.9371428571428572 0.4746192893401015 0.005714285714285714 0.01015228426395939
7 0.8860714285714286 0.5558375634517766 0.029285714285714286 0.030456852791878174
7 0.9617857142857142 0.36928934010152287 0.03357142857142857 0.03553299492385787
2 0.9075 0.3032994923857868 0.015 0.012690355329949238
4 0.9089285714285714 0.3013959390862944 0.007857142857142858 0.011421319796954314
6 0.9160714285714285 0.4035532994923858 0.03357142857142857 0.030456852791878174
6 0.8828571428571429 0.44352791878172587 0.03428571428571429 0.03426395939086294
6 0.7364285714285714 0.45558375634517767 0.03142857142857143 0.027918781725888325
7 0.8185714285714286 0.34581218274111675 0.03428571428571429 0.031725888324873094
7 0.6692857142857143 0.699238578680203 0.03428571428571429 0.030456852791878174
6 0.49214285714285716 0.5913705583756346 0.03428571428571429 0.027918781725888325
6 0.4775 0.7049492385786802 0.03214285714285714 0.031725888324873094
6 0.3525 0.6573604060913706 0.03214285714285714 0.027918781725888325
6 0.49857142857142855 0.6376903553299492 0.027142857142857142 0.024111675126903553
6 0.6271428571428571 0.5609137055837563 0.03428571428571429 0.025380710659898477
7 0.5214285714285715 0.5564720812182741 0.032857142857142856 0.0266497461928934
8 0.43107142857142855 0.6529187817258884 0.07642857142857143 0.046954314720812185
8 0.5521428571428572 0.36928934010152287 0.03142857142857143 0.025380710659898477
7 0.3707142857142857 0.4073604060913706 0.03428571428571429 0.027918781725888325
11 0.31357142857142856 0.3546954314720812 0.08428571428571428 0.05964467005076142
7 0.30607142857142855 0.5856598984771574 0.030714285714285715 0.024111675126903553
6 0.24964285714285714 0.600253807106599 0.017857142857142856 0.02030456852791878
6 0.13964285714285715 0.567258883248731 0.030714285714285715 0.02284263959390863
7 0.2032142857142857 0.5748730964467005 0.035 0.025380710659898477
11 0.21571428571428572 0.6395939086294417 0.08714285714285715 0.05583756345177665
6 0.08464285714285714 0.6015228426395939 0.029285714285714286 0.02030456852791878
7 0.19392857142857142 0.42576142131979694 0.027857142857142858 0.024111675126903553