6 0.67675 0.8176666666666667 0.0665 0.16333333333333333
6 0.6505 0.6683333333333333 0.062 0.134
1 0.888 0.709 0.024 0.038
1 0.866 0.668 0.018 0.036
1 0.8235 0.53 0.014 0.034666666666666665
1 0.9085 0.5056666666666667 0.022 0.043333333333333335
8 0.75625 0.541 0.0855 0.16466666666666666
6 0.70725 0.3363333333333333 0.0455 0.078
6 0.6415 0.3943333333333333 0.048 0.07666666666666666
6 0.68575 0.24866666666666667 0.0385 0.07066666666666667
6 0.5985 0.52 0.097 0.06266666666666666
6 0.57675 0.4673333333333333 0.1035 0.048
6 0.56225 0.4126666666666667 0.0915 0.04533333333333334
6 0.56875 0.36633333333333334 0.0875 0.04733333333333333
6 0.55975 0.31366666666666665 0.0805 0.04466666666666667
6 0.55425 0.27466666666666667 0.0845 0.04
6 0.5435 0.23833333333333334 0.075 0.03133333333333333
6 0.5435 0.20666666666666667 0.071 0.04
6 0.54375 0.16833333333333333 0.0715 0.042
6 0.54825 0.144 0.0645 0.030666666666666665
6 0.54825 0.11933333333333333 0.0675 0.037333333333333336