11 0.48464285714285715 0.1376190476190476 0.005 0.010476190476190476
11 0.4953571428571429 0.1295238095238095 0.0035714285714285713 0.0038095238095238095
0 0.5167857142857143 0.10809523809523809 0.02214285714285714 0.037142857142857144
2 0.4492857142857143 0.3861904761904762 0.007142857142857143 0.010476190476190476
7 0.37785714285714284 0.38904761904761903 0.017142857142857144 0.025714285714285714
7 0.4039285714285714 0.33380952380952383 0.010714285714285714 0.021904761904761906
8 0.3992857142857143 0.41333333333333333 0.018571428571428572 0.03428571428571429
3 0.3917857142857143 0.490952380952381 0.03785714285714286 0.09238095238095238
1 0.3003571428571429 0.6161904761904762 0.007857142857142858 0.02857142857142857
1 0.34 0.58 0.008571428571428572 0.022857142857142857
1 0.3410714285714286 0.4180952380952381 0.005 0.015238095238095238
1 0.335 0.41904761904761906 0.004285714285714286 0.017142857142857144
1 0.33071428571428574 0.4195238095238095 0.005714285714285714 0.01619047619047619
1 0.3196428571428571 0.42095238095238097 0.0035714285714285713 0.015238095238095238
1 0.49642857142857144 0.2742857142857143 0.002857142857142857 0.009523809523809525
1 0.51 0.28523809523809524 0.0014285714285714286 0.008571428571428572
0 0.5060714285714286 0.14809523809523809 0.010714285714285714 0.03333333333333333
6 0.5617857142857143 0.2985714285714286 0.010714285714285714 0.018095238095238095
6 0.5496428571428571 0.2561904761904762 0.013571428571428571 0.009523809523809525
6 0.5510714285714285 0.25 0.013571428571428571 0.008571428571428572
6 0.5475 0.24571428571428572 0.016428571428571428 0.009523809523809525
6 0.6707142857142857 0.2957142857142857 0.022857142857142857 0.010476190476190476
6 0.32607142857142857 0.4014285714285714 0.017857142857142856 0.02
6 0.3364285714285714 0.3823809523809524 0.018571428571428572 0.025714285714285714
1 0.36857142857142855 0.3647619047619048 0.004285714285714286 0.015238095238095238
4 0.4492857142857143 0.38047619047619047 0.004285714285714286 0.008571428571428572
3 0.4057142857142857 0.10714285714285714 0.03428571428571429 0.02761904761904762
1 0.20964285714285713 0.2257142857142857 0.007857142857142858 0.01904761904761905