0 0.4225 0.17476190476190476 0.017857142857142856 0.037142857142857144
0 0.42464285714285716 0.2 0.0064285714285714285 0.017142857142857144
0 0.36428571428571427 0.2019047619047619 0.012857142857142857 0.03238095238095238
8 0.37642857142857145 0.23714285714285716 0.008571428571428572 0.015238095238095238
8 0.38607142857142857 0.2571428571428571 0.005 0.009523809523809525
8 0.3821428571428571 0.3580952380952381 0.012857142857142857 0.04
0 0.38392857142857145 0.2866666666666667 0.015 0.022857142857142857
0 0.44357142857142856 0.2661904761904762 0.004285714285714286 0.006666666666666667
0 0.4328571428571429 0.20904761904761904 0.005714285714285714 0.010476190476190476
0 0.37535714285714283 0.26285714285714284 0.005 0.009523809523809525
3 0.6210714285714286 0.6466666666666666 0.08642857142857142 0.0380952380952381
8 0.30178571428571427 0.8004761904761905 0.029285714285714286 0.08476190476190476
8 0.2767857142857143 0.9757142857142858 0.03357142857142857 0.04857142857142857
7 0.32857142857142857 0.679047619047619 0.014285714285714285 0.04
6 0.3382142857142857 0.6138095238095238 0.017857142857142856 0.03333333333333333
6 0.34714285714285714 0.5580952380952381 0.012857142857142857 0.024761904761904763
6 0.3025 0.5128571428571429 0.012142857142857143 0.018095238095238095
6 0.2760714285714286 0.5961904761904762 0.015 0.02857142857142857
6 0.2764285714285714 0.5652380952380952 0.018571428571428572 0.02761904761904762
7 0.215 0.7438095238095238 0.02 0.049523809523809526
0 0.23607142857142857 0.6628571428571428 0.017857142857142856 0.01904761904761905
2 0.21071428571428572 0.7780952380952381 0.015714285714285715 0.02095238095238095
2 0.2975 0.729047619047619 0.005 0.023809523809523808
2 0.32321428571428573 0.5942857142857143 0.005 0.01904761904761905
2 0.31285714285714283 0.58 0.008571428571428572 0.013333333333333334
2 0.3464285714285714 0.5171428571428571 0.004285714285714286 0.013333333333333334
4 0.3464285714285714 0.5133333333333333 0.005714285714285714 0.009523809523809525
4 0.32357142857142857 0.5933333333333334 0.005714285714285714 0.009523809523809525
4 0.31285714285714283 0.5766666666666667 0.005714285714285714 0.010476190476190476
4 0.2982142857142857 0.7252380952380952 0.0064285714285714285 0.014285714285714285
1 0.4975 0.6776190476190476 0.007857142857142858 0.025714285714285714
3 0.6414285714285715 0.33666666666666667 0.02857142857142857 0.021904761904761906
1 0.44285714285714284 0.3504761904761905 0.002857142857142857 0.007619047619047619
1 0.44 0.3523809523809524 0.002857142857142857 0.011428571428571429
0 0.4057142857142857 0.16095238095238096 0.01 0.02666666666666667
6 0.29214285714285715 0.5071428571428571 0.011428571428571429 0.021904761904761906
1 0.3585714285714286 0.44047619047619047 0.004285714285714286 0.008571428571428572
1 0.3825 0.43952380952380954 0.002142857142857143 0.010476190476190476
1 0.35678571428571426 0.4257142857142857 0.002142857142857143 0.009523809523809525
8 0.3289285714285714 0.4419047619047619 0.025 0.015238095238095238