1 0.34285714285714286 0.8961904761904762 0.014285714285714285 0.0419047619047619
1 0.2325 0.8019047619047619 0.016428571428571428 0.0380952380952381
1 0.44035714285714284 0.6647619047619048 0.010714285714285714 0.03238095238095238
1 0.43142857142857144 0.669047619047619 0.011428571428571429 0.03142857142857143
1 0.41535714285714287 0.6561904761904762 0.009285714285714286 0.03238095238095238
1 0.4114285714285714 0.6461904761904762 0.007142857142857143 0.025714285714285714
6 0.31035714285714283 0.57 0.065 0.040952380952380955
6 0.32571428571428573 0.5285714285714286 0.05142857142857143 0.03619047619047619
1 0.45 0.540952380952381 0.008571428571428572 0.02666666666666667
1 0.44285714285714284 0.5380952380952381 0.01 0.02857142857142857
4 0.4114285714285714 0.5195238095238095 0.007142857142857143 0.014285714285714285
4 0.4125 0.5157142857142857 0.0064285714285714285 0.012380952380952381
4 0.41285714285714287 0.5123809523809524 0.005714285714285714 0.015238095238095238
2 0.4132142857142857 0.5228571428571429 0.012142857142857143 0.02857142857142857
6 0.3703571428571429 0.43761904761904763 0.04214285714285714 0.03142857142857143
6 0.37857142857142856 0.4166666666666667 0.045714285714285714 0.03142857142857143
6 0.3921428571428571 0.3961904761904762 0.05142857142857143 0.02857142857142857
1 0.5332142857142858 0.35523809523809524 0.0064285714285714285 0.022857142857142857
1 0.5164285714285715 0.31238095238095237 0.005714285714285714 0.01904761904761905
1 0.5214285714285715 0.31333333333333335 0.004285714285714286 0.02095238095238095
1 0.47964285714285715 0.3157142857142857 0.005 0.021904761904761906
1 0.4832142857142857 0.3157142857142857 0.005 0.018095238095238095
1 0.45785714285714285 0.31238095238095237 0.005714285714285714 0.02095238095238095
1 0.4517857142857143 0.31333333333333335 0.005 0.02095238095238095
6 0.44571428571428573 0.2814285714285714 0.037142857142857144 0.021904761904761906
7 0.45714285714285713 0.2561904761904762 0.03 0.024761904761904763
6 0.46714285714285714 0.24047619047619048 0.025714285714285714 0.023809523809523808
6 0.47714285714285715 0.22904761904761906 0.027142857142857142 0.018095238095238095
6 0.47964285714285715 0.2180952380952381 0.025 0.017142857142857144
6 0.48178571428571426 0.21 0.023571428571428573 0.018095238095238095
6 0.4953571428571429 0.18523809523809523 0.027857142857142858 0.018095238095238095
1 0.4875 0.18857142857142858 0.0064285714285714285 0.013333333333333334
1 0.5125 0.28809523809523807 0.005 0.02
1 0.5192857142857142 0.2876190476190476 0.005714285714285714 0.02095238095238095
1 0.5175 0.2804761904761905 0.0064285714285714285 0.02
1 0.5467857142857143 0.24714285714285714 0.005 0.018095238095238095
1 0.5567857142857143 0.24571428571428572 0.005 0.01904761904761905
1 0.5167857142857143 0.19714285714285715 0.005 0.015238095238095238
1 0.5221428571428571 0.1976190476190476 0.004285714285714286 0.01619047619047619
1 0.5214285714285715 0.19142857142857142 0.004285714285714286 0.013333333333333334
1 0.5185714285714286 0.19238095238095237 0.004285714285714286 0.013333333333333334
1 0.54 0.19714285714285715 0.004285714285714286 0.015238095238095238
1 0.5364285714285715 0.19523809523809524 0.004285714285714286 0.015238095238095238
1 0.5307142857142857 0.19476190476190477 0.002857142857142857 0.018095238095238095
1 0.5328571428571428 0.19476190476190477 0.004285714285714286 0.01619047619047619
1 0.5271428571428571 0.19285714285714287 0.004285714285714286 0.01619047619047619
1 0.5282142857142857 0.17809523809523808 0.0035714285714285713 0.015238095238095238
1 0.5303571428571429 0.17761904761904762 0.0035714285714285713 0.014285714285714285
1 0.6582142857142858 0.1680952380952381 0.005 0.014285714285714285
1 0.5625 0.16857142857142857 0.0035714285714285713 0.015238095238095238
1 0.5578571428571428 0.16476190476190475 0.002857142857142857 0.013333333333333334
1 0.5596428571428571 0.1661904761904762 0.0035714285714285713 0.01619047619047619
1 0.5217857142857143 0.16523809523809524 0.0035714285714285713 0.01619047619047619
1 0.5157142857142857 0.17809523809523808 0.004285714285714286 0.017142857142857144
6 0.5075 0.16380952380952382 0.02214285714285714 0.015238095238095238
6 0.5142857142857142 0.15095238095238095 0.018571428571428572 0.014285714285714285
1 0.5267857142857143 0.15619047619047619 0.005 0.013333333333333334
6 0.5182142857142857 0.14238095238095239 0.015 0.010476190476190476
6 0.5221428571428571 0.13714285714285715 0.012857142857142857 0.011428571428571429
6 0.5257142857142857 0.13142857142857142 0.014285714285714285 0.011428571428571429
6 0.5285714285714286 0.12714285714285714 0.014285714285714285 0.012380952380952381
6 0.5367857142857143 0.10285714285714286 0.013571428571428571 0.011428571428571429
1 0.5764285714285714 0.1676190476190476 0.004285714285714286 0.015238095238095238
1 0.5789285714285715 0.1676190476190476 0.0035714285714285713 0.015238095238095238
1 0.5828571428571429 0.16238095238095238 0.002857142857142857 0.014285714285714285
1 0.5807142857142857 0.16142857142857142 0.004285714285714286 0.014285714285714285
1 0.5885714285714285 0.16095238095238096 0.004285714285714286 0.013333333333333334
1 0.5939285714285715 0.16238095238095238 0.0035714285714285713 0.014285714285714285
1 0.5992857142857143 0.16857142857142857 0.005714285714285714 0.015238095238095238
1 0.605 0.1619047619047619 0.004285714285714286 0.015238095238095238
1 0.5835714285714285 0.10761904761904761 0.002857142857142857 0.011428571428571429
1 0.5864285714285714 0.10761904761904761 0.002857142857142857 0.013333333333333334
1 0.5985714285714285 0.11047619047619048 0.004285714285714286 0.011428571428571429
1 0.6014285714285714 0.11190476190476191 0.002857142857142857 0.012380952380952381
1 0.5992857142857143 0.10428571428571429 0.002857142857142857 0.010476190476190476
1 0.6014285714285714 0.1061904761904762 0.002857142857142857 0.012380952380952381
1 0.6089285714285714 0.0980952380952381 0.0035714285714285713 0.011428571428571429
1 0.6042857142857143 0.09714285714285714 0.002857142857142857 0.011428571428571429
1 0.6064285714285714 0.09761904761904762 0.004285714285714286 0.014285714285714285
1 0.6225 0.09476190476190476 0.0035714285714285713 0.010476190476190476
1 0.6264285714285714 0.09952380952380953 0.004285714285714286 0.012380952380952381
1 0.6307142857142857 0.1 0.004285714285714286 0.013333333333333334
1 0.6267857142857143 0.09619047619047619 0.0035714285714285713 0.013333333333333334
1 0.635 0.09428571428571429 0.004285714285714286 0.011428571428571429
1 0.6385714285714286 0.09047619047619047 0.002857142857142857 0.011428571428571429
1 0.6410714285714286 0.09142857142857143 0.0035714285714285713 0.011428571428571429
1 0.6453571428571429 0.08476190476190476 0.0035714285714285713 0.013333333333333334
1 0.6517857142857143 0.0838095238095238 0.0035714285714285713 0.009523809523809525
0 0.6785714285714286 0.07095238095238095 0.03857142857142857 0.018095238095238095
0 0.6871428571428572 0.05285714285714286 0.017142857142857144 0.01619047619047619
7 0.9157142857142857 0.1219047619047619 0.015714285714285715 0.015238095238095238
0 0.8542857142857143 0.058095238095238096 0.04 0.047619047619047616
0 0.9185714285714286 0.10476190476190476 0.04 0.022857142857142857
0 0.9735714285714285 0.1461904761904762 0.05285714285714286 0.04476190476190476
8 0.8607142857142858 0.018571428571428572 0.011428571428571429 0.010476190476190476
6 0.8696428571428572 0.020476190476190478 0.007857142857142858 0.008571428571428572