2 0.3132142857142857 0.9228571428571428 0.02214285714285714 0.01904761904761905
4 0.31214285714285717 0.9219047619047619 0.007142857142857143 0.015238095238095238
7 0.6485714285714286 0.29904761904761906 0.02857142857142857 0.022857142857142857
7 0.6264285714285714 0.07333333333333333 0.005714285714285714 0.007619047619047619
6 0.6164285714285714 0.07428571428571429 0.005714285714285714 0.007619047619047619
6 0.5907142857142857 0.07333333333333333 0.004285714285714286 0.009523809523809525
6 0.49142857142857144 0.07142857142857142 0.005714285714285714 0.007619047619047619
6 0.6325 0.07523809523809524 0.005 0.005714285714285714
6 0.6428571428571429 0.07428571428571429 0.004285714285714286 0.007619047619047619
11 0.4585714285714286 0.22523809523809524 0.015714285714285715 0.05047619047619047
1 0.5775 0.28285714285714286 0.0035714285714285713 0.013333333333333334
4 0.4725 0.17714285714285713 0.0035714285714285713 0.005714285714285714
2 0.4764285714285714 0.08142857142857143 0.002857142857142857 0.004761904761904762
2 0.4725 0.17952380952380953 0.005 0.010476190476190476
0 0.49 0.04857142857142857 0.011428571428571429 0.030476190476190476