6 0.585 0.6042857142857143 0.03857142857142857 0.0980952380952381
6 0.5971428571428572 0.48 0.03428571428571429 0.10095238095238095
6 0.4067857142857143 0.4266666666666667 0.04071428571428572 0.09714285714285714
6 0.6042857142857143 0.36952380952380953 0.032857142857142856 0.08952380952380952
6 0.455 0.19904761904761906 0.03 0.07428571428571429
6 0.5267857142857143 0.058095238095238096 0.04357142857142857 0.07809523809523809
6 0.4682142857142857 0.11619047619047619 0.029285714285714286 0.07428571428571429
6 0.425 0.3333333333333333 0.037142857142857144 0.08761904761904762
1 0.7478571428571429 0.1538095238095238 0.011428571428571429 0.040952380952380955
1 0.7228571428571429 0.11 0.01 0.05619047619047619
1 0.6278571428571429 0.04380952380952381 0.012857142857142857 0.047619047619047616
6 0.6442857142857142 0.2638095238095238 0.03 0.07238095238095238