6 0.4853571428571429 0.7398477157360406 0.025 0.08121827411167512
7 0.4064285714285714 0.08248730964467005 0.017142857142857144 0.04568527918781726
7 0.42607142857142855 0.1598984771573604 0.017857142857142856 0.048223350253807105
6 0.5335714285714286 0.40609137055837563 0.05 0.04314720812182741
6 0.5135714285714286 0.4651015228426396 0.04857142857142857 0.03934010152284264
6 0.3942857142857143 0.4346446700507614 0.04857142857142857 0.046954314720812185
6 0.42857142857142855 0.6027918781725888 0.022857142857142857 0.0583756345177665
6 0.2617857142857143 0.524746192893401 0.07214285714285715 0.05456852791878172
2 0.3682142857142857 0.2620558375634518 0.009285714285714286 0.0266497461928934
4 0.36892857142857144 0.25951776649746194 0.005 0.01649746192893401
6 0.7735714285714286 0.44923857868020306 0.03857142857142857 0.03553299492385787
6 0.6375 0.9809644670050761 0.025 0.03553299492385787
3 0.5592857142857143 0.11230964467005077 0.02142857142857143 0.044416243654822336