8 0.5532142857142858 0.6947969543147208 0.03357142857142857 0.11040609137055837
6 0.5175 0.6395939086294417 0.019285714285714285 0.048223350253807105
6 0.45357142857142857 0.7125634517766497 0.017142857142857144 0.04187817258883249
6 0.465 0.524746192893401 0.017142857142857144 0.031725888324873094
8 0.3028571428571429 0.43718274111675126 0.02 0.046954314720812185
8 0.4282142857142857 0.4149746192893401 0.020714285714285713 0.0532994923857868
6 0.4475 0.4270304568527919 0.013571428571428571 0.02918781725888325
2 0.48035714285714287 0.39593908629441626 0.009285714285714286 0.02030456852791878
4 0.4810714285714286 0.39276649746192893 0.007857142857142858 0.011421319796954314
6 0.4635714285714286 0.23921319796954316 0.011428571428571429 0.01649746192893401
6 0.37392857142857144 0.23921319796954316 0.010714285714285714 0.01649746192893401
6 0.3939285714285714 0.22842639593908629 0.009285714285714286 0.012690355329949238
6 0.38321428571428573 0.21256345177664976 0.009285714285714286 0.013959390862944163
6 0.37 0.19796954314720813 0.008571428571428572 0.015228426395939087
11 0.4064285714285714 0.23921319796954316 0.012857142857142857 0.0266497461928934
0 0.5664285714285714 0.11040609137055837 0.12142857142857143 0.07614213197969544
0 0.5932142857142857 0.03299492385786802 0.07214285714285715 0.06091370558375635