6 0.2617857142857143 0.14403553299492386 0.0035714285714285713 0.011421319796954314
6 0.2692857142857143 0.1446700507614213 0.002857142857142857 0.007614213197969543
6 0.2575 0.575507614213198 0.013571428571428571 0.011421319796954314
6 0.26357142857142857 0.5640862944162437 0.014285714285714285 0.011421319796954314
6 0.2710714285714286 0.5545685279187818 0.013571428571428571 0.01015228426395939
6 0.2775 0.5444162436548223 0.013571428571428571 0.01015228426395939
6 0.19035714285714286 0.6694162436548223 0.013571428571428571 0.011421319796954314
6 0.20607142857142857 0.6427664974619289 0.010714285714285714 0.011421319796954314
6 0.1725 0.6947969543147208 0.015 0.011421319796954314
6 0.16428571428571428 0.7093908629441624 0.017142857142857144 0.012690355329949238
6 0.2075 0.7506345177664975 0.015 0.013959390862944163
6 0.18285714285714286 0.791243654822335 0.012857142857142857 0.013959390862944163
6 0.29714285714285715 0.7595177664974619 0.012857142857142857 0.01903553299492386
6 0.30464285714285716 0.7525380710659898 0.015 0.02030456852791878
6 0.31642857142857145 0.7296954314720813 0.012857142857142857 0.02030456852791878
6 0.19714285714285715 0.7645939086294417 0.014285714285714285 0.011421319796954314
6 0.18964285714285714 0.7766497461928934 0.015 0.012690355329949238
6 0.15678571428571428 0.8236040609137056 0.019285714285714285 0.015228426395939087
7 0.3107142857142857 0.7398477157360406 0.012857142857142857 0.02030456852791878
6 0.04428571428571428 0.9359137055837563 0.011428571428571429 0.024111675126903553
6 0.1457142857142857 0.991751269035533 0.017142857142857144 0.013959390862944163
7 0.38357142857142856 0.010786802030456852 0.008571428571428572 0.008883248730964468
8 0.3917857142857143 0.024746192893401017 0.010714285714285714 0.011421319796954314
6 0.4025 0.024111675126903553 0.0064285714285714285 0.007614213197969543
6 0.43964285714285717 0.015862944162436547 0.0064285714285714285 0.008883248730964468
11 0.4039285714285714 0.07296954314720812 0.02214285714285714 0.021573604060913704
11 0.5167857142857143 0.06916243654822335 0.015 0.021573604060913704
11 0.5339285714285714 0.04758883248730964 0.015 0.021573604060913704
6 0.5157142857142857 0.04314720812182741 0.005714285714285714 0.01015228426395939
6 0.5060714285714286 0.09708121827411167 0.0064285714285714285 0.011421319796954314
6 0.5117857142857143 0.11104060913705584 0.007857142857142858 0.008883248730964468
6 0.5139285714285714 0.10723350253807107 0.007857142857142858 0.008883248730964468
6 0.5171428571428571 0.1034263959390863 0.008571428571428572 0.008883248730964468
6 0.4382142857142857 0.09517766497461928 0.0064285714285714285 0.007614213197969543
6 0.4075 0.02284263959390863 0.0064285714285714285 0.007614213197969543
7 0.41035714285714286 0.02030456852791878 0.007857142857142858 0.005076142131979695
6 0.4132142857142857 0.015862944162436547 0.0064285714285714285 0.006345177664974619
6 0.41678571428571426 0.012055837563451776 0.0064285714285714285 0.006345177664974619
7 0.41892857142857143 0.004441624365482234 0.007857142857142858 0.008883248730964468
7 0.42964285714285716 0.025380710659898477 0.005 0.007614213197969543
7 0.42428571428571427 0.031725888324873094 0.007142857142857143 0.01015228426395939
7 0.44642857142857145 0.024746192893401017 0.005714285714285714 0.008883248730964468
7 0.43142857142857144 0.03489847715736041 0.004285714285714286 0.006345177664974619
7 0.44642857142857145 0.04187817258883249 0.007142857142857143 0.012690355329949238
6 0.45 0.04568527918781726 0.005714285714285714 0.01015228426395939
6 0.4375 0.02728426395939086 0.005 0.006345177664974619
6 0.4328571428571429 0.02728426395939086 0.004285714285714286 0.006345177664974619
6 0.42714285714285716 0.03362944162436548 0.004285714285714286 0.008883248730964468
6 0.4357142857142857 0.03616751269035533 0.005714285714285714 0.008883248730964468
6 0.4392857142857143 0.03934010152284264 0.005714285714285714 0.01015228426395939
7 0.4467857142857143 0.04060913705583756 0.005 0.01015228426395939
6 0.4421428571428571 0.023477157360406092 0.004285714285714286 0.006345177664974619
6 0.4375 0.027918781725888325 0.005 0.01015228426395939
6 0.44535714285714284 0.03236040609137056 0.005 0.008883248730964468
6 0.4575 0.048223350253807105 0.005 0.007614213197969543
6 0.4542857142857143 0.04568527918781726 0.004285714285714286 0.007614213197969543
7 0.4589285714285714 0.03934010152284264 0.005 0.007614213197969543
6 0.455 0.03807106598984772 0.005714285714285714 0.007614213197969543
7 0.41535714285714287 0.9060913705583756 0.013571428571428571 0.030456852791878174
6 0.4085714285714286 0.8953045685279187 0.012857142857142857 0.0266497461928934
7 0.4710714285714286 0.8857868020304569 0.012142857142857143 0.027918781725888325
6 0.49464285714285716 0.8781725888324873 0.012142857142857143 0.025380710659898477
6 0.4882142857142857 0.8699238578680203 0.013571428571428571 0.0266497461928934
7 0.5025 0.8546954314720813 0.017857142857142856 0.024111675126903553
6 0.5207142857142857 0.8978426395939086 0.012857142857142857 0.0266497461928934
7 0.425 0.9232233502538071 0.012857142857142857 0.02918781725888325
7 0.4332142857142857 0.9302030456852792 0.015 0.027918781725888325
6 0.44035714285714284 0.9397208121827412 0.012142857142857143 0.0266497461928934
6 0.44821428571428573 0.9473350253807107 0.015 0.0266497461928934
7 0.46464285714285714 0.9606598984771574 0.013571428571428571 0.027918781725888325
6 0.4732142857142857 0.9689086294416244 0.013571428571428571 0.0266497461928934
7 0.45357142857142857 0.4714467005076142 0.011428571428571429 0.013959390862944163
7 0.4392857142857143 0.4987309644670051 0.011428571428571429 0.015228426395939087
6 0.4275 0.5196700507614214 0.012142857142857143 0.01649746192893401
6 0.425 0.5285532994923858 0.011428571428571429 0.013959390862944163
6 0.42142857142857143 0.5342639593908629 0.01 0.015228426395939087
6 0.43107142857142855 0.5133248730964467 0.010714285714285714 0.013959390862944163
6 0.4357142857142857 0.5063451776649747 0.012857142857142857 0.012690355329949238
6 0.44285714285714284 0.49238578680203043 0.012857142857142857 0.015228426395939087
6 0.44642857142857145 0.48413705583756345 0.012857142857142857 0.013959390862944163
6 0.45 0.47906091370558374 0.011428571428571429 0.013959390862944163
6 0.43392857142857144 0.5901015228426396 0.012142857142857143 0.02030456852791878
6 0.4542857142857143 0.6015228426395939 0.008571428571428572 0.017766497461928935
6 0.4732142857142857 0.618020304568528 0.010714285714285714 0.02030456852791878
6 0.47535714285714287 0.5939086294416244 0.010714285714285714 0.017766497461928935
6 0.4639285714285714 0.583756345177665 0.012142857142857143 0.017766497461928935
6 0.43892857142857145 0.6529187817258884 0.009285714285714286 0.01903553299492386
7 0.4471428571428571 0.5964467005076142 0.01 0.02030456852791878
7 0.44142857142857145 0.5932741116751269 0.011428571428571429 0.021573604060913704
6 0.42714285714285716 0.5856598984771574 0.008571428571428572 0.01649746192893401
6 0.4564285714285714 0.5786802030456852 0.008571428571428572 0.015228426395939087
6 0.42607142857142855 0.6427664974619289 0.009285714285714286 0.021573604060913704
6 0.4303571428571429 0.6738578680203046 0.010714285714285714 0.02030456852791878
7 0.44 0.7392131979695431 0.012857142857142857 0.024111675126903553
7 0.4517857142857143 0.6643401015228426 0.012142857142857143 0.01903553299492386
7 0.4421428571428571 0.682741116751269 0.01 0.02030456852791878
7 0.4589285714285714 0.6681472081218274 0.012142857142857143 0.01903553299492386
7 0.435 0.6789340101522843 0.008571428571428572 0.02284263959390863
6 0.46214285714285713 0.700507614213198 0.01 0.02284263959390863
6 0.45535714285714285 0.6960659898477157 0.012142857142857143 0.024111675126903553
6 0.47 0.7074873096446701 0.011428571428571429 0.021573604060913704
1 0.4760714285714286 0.733502538071066 0.002142857142857143 0.01015228426395939
6 0.5478571428571428 0.0850253807106599 0.004285714285714286 0.01015228426395939
6 0.5535714285714286 0.08819796954314721 0.005714285714285714 0.008883248730964468
6 0.5546428571428571 0.050761421319796954 0.007857142857142858 0.007614213197969543
6 0.5578571428571428 0.046954314720812185 0.008571428571428572 0.007614213197969543
6 0.5603571428571429 0.04568527918781726 0.009285714285714286 0.007614213197969543
6 0.5617857142857143 0.04251269035532995 0.009285714285714286 0.008883248730964468
6 0.5642857142857143 0.0399746192893401 0.005714285714285714 0.008883248730964468
6 0.5714285714285714 0.031091370558375634 0.008571428571428572 0.008883248730964468
8 0.5532142857142858 0.022208121827411168 0.010714285714285714 0.01903553299492386
11 0.5642857142857143 0.00951776649746193 0.012857142857142857 0.01903553299492386
7 0.4810714285714286 0.9771573604060914 0.013571428571428571 0.027918781725888325
6 0.48892857142857143 0.9841370558375635 0.013571428571428571 0.0266497461928934
7 0.4992857142857143 0.9879441624365483 0.012857142857142857 0.021573604060913704
2 0.5635714285714286 0.8857868020304569 0.005714285714285714 0.01015228426395939
2 0.5546428571428571 0.8800761421319797 0.009285714285714286 0.011421319796954314
2 0.5417857142857143 0.8661167512690355 0.005 0.013959390862944163
2 0.5321428571428571 0.858502538071066 0.002857142857142857 0.013959390862944163
2 0.4857142857142857 0.817258883248731 0.004285714285714286 0.012690355329949238
2 0.4982142857142857 0.8312182741116751 0.0035714285714285713 0.017766497461928935
2 0.5035714285714286 0.833756345177665 0.007142857142857143 0.015228426395939087
6 0.4810714285714286 0.6833756345177665 0.010714285714285714 0.01649746192893401
7 0.49464285714285716 0.6078680203045685 0.010714285714285714 0.017766497461928935
6 0.49214285714285716 0.6326142131979695 0.011428571428571429 0.024111675126903553
6 0.49857142857142855 0.6383248730964467 0.01 0.02030456852791878
6 0.49964285714285717 0.6129441624365483 0.007857142857142858 0.02030456852791878
6 0.4882142857142857 0.6027918781725888 0.007857142857142858 0.015228426395939087
6 0.4828571428571429 0.5970812182741116 0.01 0.01649746192893401
7 0.7017857142857142 0.17576142131979697 0.005 0.011421319796954314
7 0.7560714285714286 0.1802030456852792 0.007857142857142858 0.02284263959390863
7 0.7675 0.16941624365482233 0.007857142857142858 0.01903553299492386
6 0.7775 0.18908629441624367 0.005 0.012690355329949238
6 0.7714285714285715 0.2398477157360406 0.004285714285714286 0.012690355329949238
7 0.7707142857142857 0.27093908629441626 0.004285714285714286 0.013959390862944163
7 0.7696428571428572 0.3197969543147208 0.005 0.015228426395939087
6 0.7482142857142857 0.2753807106598985 0.005 0.012690355329949238
8 0.7835714285714286 0.21192893401015228 0.007142857142857143 0.025380710659898477
6 0.7978571428571428 0.13895939086294415 0.005714285714285714 0.011421319796954314
7 0.7575 0.3223350253807107 0.0064285714285714285 0.015228426395939087
8 0.7532142857142857 0.06218274111675127 0.007857142857142858 0.017766497461928935
8 0.7553571428571428 0.02918781725888325 0.009285714285714286 0.017766497461928935
7 0.7421428571428571 0.014593908629441625 0.008571428571428572 0.011421319796954314
7 0.7764285714285715 0.07550761421319797 0.005714285714285714 0.013959390862944163
7 0.7653571428571428 0.05139593908629442 0.0064285714285714285 0.013959390862944163
1 0.7725 0.022208121827411168 0.002142857142857143 0.006345177664974619
6 0.73 0.3756345177664975 0.005714285714285714 0.015228426395939087
8 0.7528571428571429 0.3604060913705584 0.008571428571428572 0.02284263959390863
7 0.7839285714285714 0.38578680203045684 0.0064285714285714285 0.017766497461928935
7 0.7657142857142857 0.4289340101522843 0.005714285714285714 0.02030456852791878
7 0.7817857142857143 0.4460659898477157 0.0064285714285714285 0.01649746192893401
6 0.7278571428571429 0.4206852791878173 0.007142857142857143 0.01649746192893401
6 0.7625 0.49746192893401014 0.0064285714285714285 0.017766497461928935
6 0.7717857142857143 0.4949238578680203 0.0064285714285714285 0.017766497461928935
6 0.7396428571428572 0.508248730964467 0.007857142857142858 0.024111675126903553
6 0.7946428571428571 0.5444162436548223 0.007857142857142858 0.02030456852791878
7 0.7728571428571429 0.5977157360406091 0.007142857142857143 0.025380710659898477
6 0.7903571428571429 0.6795685279187818 0.007857142857142858 0.024111675126903553
7 0.7735714285714286 0.7024111675126904 0.008571428571428572 0.024111675126903553
6 0.765 0.633248730964467 0.007142857142857143 0.02284263959390863
6 0.7892857142857143 0.8610406091370558 0.008571428571428572 0.0266497461928934
7 0.7678571428571429 0.751269035532995 0.007142857142857143 0.027918781725888325
6 0.8107142857142857 0.9822335025380711 0.008571428571428572 0.03299492385786802
7 0.8321428571428572 0.9860406091370558 0.007142857142857143 0.02284263959390863
8 0.8396428571428571 0.8940355329949239 0.016428571428571428 0.06472081218274112
6 0.8646428571428572 0.9029187817258884 0.009285714285714286 0.031725888324873094
6 0.825 0.7436548223350253 0.008571428571428572 0.025380710659898477
7 0.8142857142857143 0.7468274111675127 0.008571428571428572 0.02918781725888325
7 0.8028571428571428 0.5418781725888325 0.007142857142857143 0.025380710659898477
6 0.8310714285714286 0.4536802030456853 0.0064285714285714285 0.021573604060913704
8 0.8385714285714285 0.4073604060913706 0.008571428571428572 0.03299492385786802
7 0.8321428571428572 0.3623096446700508 0.007142857142857143 0.021573604060913704
7 0.8207142857142857 0.33375634517766495 0.005714285714285714 0.02030456852791878
7 0.8217857142857142 0.274746192893401 0.0064285714285714285 0.01649746192893401
7 0.8132142857142857 0.07614213197969544 0.0064285714285714285 0.01015228426395939
6 0.8289285714285715 0.05901015228426396 0.005 0.006345177664974619
6 0.8175 0.06218274111675127 0.0064285714285714285 0.007614213197969543
7 0.8546428571428571 0.044416243654822336 0.005 0.01015228426395939
7 0.8664285714285714 0.044416243654822336 0.014285714285714285 0.015228426395939087
8 0.8596428571428572 0.01713197969543147 0.009285714285714286 0.013959390862944163
7 0.8435714285714285 0.057741116751269035 0.007142857142857143 0.011421319796954314
7 0.9775 0.0450507614213198 0.005 0.008883248730964468
7 0.9914285714285714 0.05520304568527919 0.01 0.01903553299492386
7 0.9971428571428571 0.03680203045685279 0.005714285714285714 0.012690355329949238
6 0.9871428571428571 0.02728426395939086 0.004285714285714286 0.008883248730964468
6 0.9928571428571429 0.0038071065989847717 0.004285714285714286 0.007614213197969543
1 0.8946428571428572 0.24809644670050762 0.002142857142857143 0.006345177664974619
0 0.9189285714285714 0.24555837563451777 0.009285714285714286 0.006345177664974619
1 0.9089285714285714 0.1833756345177665 0.002142857142857143 0.0038071065989847717
0 0.9057142857142857 0.17449238578680204 0.002857142857142857 0.006345177664974619
0 0.8782142857142857 0.22144670050761422 0.013571428571428571 0.008883248730964468
1 0.8871428571428571 0.24873096446700507 0.0014285714285714286 0.005076142131979695
1 0.8960714285714285 0.22398477157360405 0.002142857142857143 0.006345177664974619
0 0.9035714285714286 0.16434010152284265 0.002857142857142857 0.006345177664974619
0 0.8871428571428571 0.17068527918781726 0.007142857142857143 0.008883248730964468