0 0.5315 0.030333333333333334 0.046 0.03666666666666667
6 0.505 0.11266666666666666 0.009 0.010666666666666666
6 0.564 0.104 0.008 0.009333333333333334
6 0.493 0.14166666666666666 0.011 0.015333333333333332
6 0.508 0.155 0.012 0.014
6 0.49775 0.17866666666666667 0.0115 0.013333333333333334
6 0.43225 0.293 0.0185 0.024666666666666667
6 0.4545 0.353 0.023 0.027333333333333334
6 0.398 0.36766666666666664 0.024 0.03933333333333333
6 0.4425 0.3883333333333333 0.021 0.026
2 0.4415 0.42233333333333334 0.007 0.020666666666666667
8 0.273 0.6533333333333333 0.077 0.13466666666666666
4 0.35025 0.6633333333333333 0.0115 0.016
2 0.34975 0.6726666666666666 0.0145 0.036
6 0.2 0.3433333333333333 0.026 0.025333333333333333
6 0.92775 0.22333333333333333 0.0275 0.016
6 0.95475 0.23566666666666666 0.0335 0.019333333333333334
6 0.92075 0.215 0.0235 0.014
6 0.90975 0.209 0.0265 0.016666666666666666
6 0.89 0.189 0.026 0.014
6 0.87625 0.179 0.0215 0.012666666666666666
0 0.8865 0.049666666666666665 0.033 0.03
7 0.91325 0.08333333333333333 0.0085 0.008
6 0.84975 0.219 0.0275 0.019333333333333334
6 0.45925 0.09966666666666667 0.0175 0.01
6 0.46225 0.08466666666666667 0.0155 0.008
6 0.481 0.083 0.016 0.007333333333333333
6 0.447 0.08233333333333333 0.012 0.007333333333333333
6 0.4495 0.079 0.012 0.007333333333333333
6 0.47725 0.062 0.0145 0.009333333333333334
6 0.478 0.07633333333333334 0.008 0.008666666666666666
6 0.49075 0.05733333333333333 0.0115 0.006666666666666667
6 0.0385 0.334 0.023 0.029333333333333333
6 0.01025 0.33166666666666667 0.0195 0.026
6 0.121 0.3383333333333333 0.021 0.024666666666666667
6 0.4655 0.06433333333333334 0.008 0.007333333333333333
6 0.5095 0.073 0.015 0.007333333333333333
6 0.51275 0.06933333333333333 0.0135 0.006666666666666667
7 0.51475 0.06466666666666666 0.0115 0.008
6 0.519 0.06233333333333333 0.009 0.007333333333333333
6 0.52775 0.058666666666666666 0.0145 0.006666666666666667
7 0.41725 0.07966666666666666 0.0135 0.01
7 0.44925 0.095 0.0115 0.007333333333333333
8 0.53525 0.06966666666666667 0.0105 0.012666666666666666
8 0.52525 0.06933333333333333 0.0095 0.013333333333333334
0 0.5445 0.056666666666666664 0.016 0.010666666666666666
1 0.5755 0.08133333333333333 0.004 0.010666666666666666
6 0.1445 0.339 0.018 0.03
6 0.0675 0.33566666666666667 0.018 0.028666666666666667
6 0.0955 0.3373333333333333 0.021 0.028
6 0.84525 0.209 0.0265 0.018
6 0.803 0.16366666666666665 0.021 0.015333333333333332
6 0.84075 0.15266666666666667 0.0215 0.014666666666666666
6 0.8705 0.17433333333333334 0.021 0.014
6 0.86275 0.168 0.0215 0.014666666666666666