7 0.6553571428571429 0.15619047619047619 0.020714285714285713 0.011428571428571429
6 0.7264285714285714 0.16047619047619047 0.015714285714285715 0.006666666666666667
6 0.7842857142857143 0.1661904761904762 0.018571428571428572 0.008571428571428572
6 0.7803571428571429 0.16047619047619047 0.019285714285714285 0.006666666666666667
0 0.7335714285714285 0.14857142857142858 0.07285714285714286 0.01904761904761905
0 0.7675 0.13238095238095238 0.025 0.009523809523809525
0 0.6475 0.14238095238095239 0.04214285714285714 0.01619047619047619
7 0.6714285714285714 0.21571428571428572 0.015714285714285715 0.010476190476190476
8 0.6721428571428572 0.19380952380952382 0.008571428571428572 0.014285714285714285
8 0.6992857142857143 0.21285714285714286 0.022857142857142857 0.01619047619047619
8 0.6989285714285715 0.20904761904761904 0.04357142857142857 0.02
6 0.7271428571428571 0.22476190476190477 0.017142857142857144 0.009523809523809525
6 0.7514285714285714 0.2261904761904762 0.017142857142857144 0.010476190476190476
6 0.7857142857142857 0.23142857142857143 0.015714285714285715 0.007619047619047619
6 0.7846428571428572 0.22666666666666666 0.015 0.007619047619047619
6 0.7835714285714286 0.2180952380952381 0.018571428571428572 0.009523809523809525
6 0.8060714285714285 0.22 0.019285714285714285 0.007619047619047619
6 0.7989285714285714 0.21523809523809523 0.016428571428571428 0.007619047619047619
6 0.7732142857142857 0.21619047619047618 0.016428571428571428 0.007619047619047619
6 0.7664285714285715 0.21333333333333335 0.017142857142857144 0.007619047619047619
6 0.7560714285714286 0.2180952380952381 0.016428571428571428 0.007619047619047619
6 0.7407142857142858 0.21619047619047618 0.014285714285714285 0.009523809523809525
6 0.7285714285714285 0.21761904761904763 0.017142857142857144 0.008571428571428572
6 0.7285714285714285 0.21 0.014285714285714285 0.008571428571428572
0 0.7046428571428571 0.19047619047619047 0.04928571428571429 0.022857142857142857
8 0.6592857142857143 0.20761904761904762 0.03142857142857143 0.01904761904761905
8 0.6196428571428572 0.20761904761904762 0.03214285714285714 0.017142857142857144
6 0.6857142857142857 0.2438095238095238 0.01 0.011428571428571429
1 0.6510714285714285 0.25666666666666665 0.0035714285714285713 0.012380952380952381
1 0.6592857142857143 0.259047619047619 0.002857142857142857 0.009523809523809525
1 0.6489285714285714 0.2776190476190476 0.0035714285714285713 0.012380952380952381
1 0.7128571428571429 0.23523809523809525 0.004285714285714286 0.009523809523809525
6 0.7267857142857143 0.2557142857142857 0.009285714285714286 0.012380952380952381
6 0.7267857142857143 0.24428571428571427 0.009285714285714286 0.010476190476190476
6 0.7392857142857143 0.2438095238095238 0.008571428571428572 0.009523809523809525
7 0.8660714285714286 0.16952380952380952 0.016428571428571428 0.009523809523809525
6 0.7607142857142857 0.26761904761904765 0.008571428571428572 0.009523809523809525
6 0.7578571428571429 0.25857142857142856 0.01 0.010476190476190476
6 0.7596428571428572 0.25 0.009285714285714286 0.008571428571428572
6 0.7578571428571429 0.2438095238095238 0.01 0.009523809523809525
7 0.7710714285714285 0.24476190476190476 0.007857142857142858 0.011428571428571429
7 0.7735714285714286 0.25142857142857145 0.008571428571428572 0.011428571428571429
7 0.7771428571428571 0.25666666666666665 0.008571428571428572 0.012380952380952381
6 0.7814285714285715 0.2680952380952381 0.01 0.010476190476190476
7 0.8503571428571428 0.29714285714285715 0.015 0.01904761904761905
8 0.7692857142857142 0.29619047619047617 0.017142857142857144 0.02857142857142857
1 0.8503571428571428 0.3319047619047619 0.005 0.014285714285714285
1 0.8760714285714286 0.3904761904761905 0.007857142857142858 0.01904761904761905
1 0.9217857142857143 0.3566666666666667 0.005 0.01619047619047619
1 0.9203571428571429 0.3304761904761905 0.005 0.015238095238095238
6 0.9078571428571428 0.30047619047619045 0.017142857142857144 0.01619047619047619
6 0.9260714285714285 0.3028571428571429 0.017857142857142856 0.015238095238095238
6 0.9435714285714286 0.3028571428571429 0.017142857142857144 0.017142857142857144
6 0.9403571428571429 0.33476190476190476 0.02214285714285714 0.023809523809523808
6 0.9771428571428571 0.39095238095238094 0.03428571428571429 0.025714285714285714
8 0.9657142857142857 0.3233333333333333 0.05 0.03142857142857143
6 0.9892857142857143 0.36142857142857143 0.02142857142857143 0.01619047619047619
6 0.9903571428571428 0.40714285714285714 0.019285714285714285 0.037142857142857144
7 0.8592857142857143 0.43952380952380954 0.027142857142857142 0.039047619047619046
11 0.6253571428571428 0.2819047619047619 0.023571428571428573 0.0380952380952381
11 0.6135714285714285 0.30857142857142855 0.03 0.047619047619047616
11 0.5907142857142857 0.34714285714285714 0.03857142857142857 0.06190476190476191
6 0.6578571428571428 0.31238095238095237 0.014285714285714285 0.017142857142857144
7 0.6307142857142857 0.3942857142857143 0.025714285714285714 0.04380952380952381
6 0.3942857142857143 0.45285714285714285 0.041428571428571426 0.023809523809523808
6 0.35285714285714287 0.4876190476190476 0.041428571428571426 0.030476190476190476
6 0.36607142857142855 0.5314285714285715 0.035 0.05142857142857143
6 0.5414285714285715 0.6866666666666666 0.04428571428571428 0.08
6 0.6067857142857143 0.9523809523809523 0.065 0.09523809523809523