6 0.6535 0.06566666666666666 0.006 0.01
6 0.656 0.059333333333333335 0.005 0.008
6 0.676 0.066 0.011 0.009333333333333334
6 0.67375 0.09433333333333334 0.0095 0.011333333333333334
6 0.67225 0.11366666666666667 0.0115 0.011333333333333334
1 0.647 0.09366666666666666 0.004 0.011333333333333334
6 0.66925 0.14333333333333334 0.0145 0.014666666666666666
6 0.671 0.16466666666666666 0.015 0.02
6 0.666 0.214 0.021 0.02266666666666667
6 0.665 0.23133333333333334 0.019 0.02666666666666667
5 0.67875 0.249 0.0045 0.020666666666666667
0 0.69125 0.252 0.0145 0.02666666666666667
6 0.664 0.26 0.025 0.032
6 0.66525 0.283 0.0295 0.038
6 0.61925 0.14833333333333334 0.0145 0.018
6 0.62325 0.142 0.0135 0.017333333333333333
6 0.61375 0.16866666666666666 0.0165 0.02
6 0.60525 0.18966666666666668 0.0235 0.03133333333333333
6 0.59675 0.20366666666666666 0.0215 0.027333333333333334
6 0.592 0.21933333333333332 0.018 0.025333333333333333
6 0.58375 0.235 0.0235 0.027333333333333334
6 0.577 0.2613333333333333 0.027 0.04
1 0.6205 0.204 0.007 0.02266666666666667
1 0.62925 0.204 0.0065 0.024
6 0.75375 0.18066666666666667 0.0335 0.024
5 0.5245 0.284 0.009 0.02
6 0.5555 0.31633333333333336 0.034 0.042
6 0.53875 0.3516666666666667 0.0355 0.04066666666666666
7 0.76625 0.30633333333333335 0.0595 0.042
1 0.81925 0.319 0.0125 0.03933333333333333
8 0.84675 0.339 0.0715 0.04733333333333333
6 0.75325 0.3423333333333333 0.0405 0.04733333333333333
1 0.7765 0.3373333333333333 0.012 0.03333333333333333
6 0.7275 0.372 0.064 0.05333333333333334
6 0.81625 0.397 0.0985 0.04466666666666667
6 0.83025 0.42 0.0945 0.05466666666666667
6 0.91475 0.5646666666666667 0.1315 0.09066666666666667
6 0.7725 0.458 0.06 0.072
6 0.8025 0.5273333333333333 0.063 0.08933333333333333
6 0.83525 0.6346666666666667 0.0825 0.12666666666666668
6 0.8795 0.8066666666666666 0.109 0.20266666666666666
1 0.939 0.761 0.033 0.074
6 0.8975 0.9716666666666667 0.103 0.056666666666666664
6 0.683 0.9356666666666666 0.195 0.12866666666666668
1 0.64175 0.991 0.0235 0.018
6 0.67775 0.42133333333333334 0.0915 0.05733333333333333
6 0.69125 0.5353333333333333 0.1045 0.06266666666666666
6 0.689 0.5906666666666667 0.127 0.08533333333333333
7 0.65275 0.667 0.0935 0.12466666666666666
6 0.2735 0.9736666666666667 0.115 0.05266666666666667
6 0.34075 0.8523333333333334 0.1195 0.18733333333333332
6 0.42325 0.6656666666666666 0.0885 0.12866666666666668
6 0.468 0.5356666666666666 0.062 0.09133333333333334
6 0.55425 0.5196666666666667 0.0655 0.086