6 0.36464285714285716 0.11571428571428571 0.013571428571428571 0.035238095238095235
6 0.3821428571428571 0.3252380952380952 0.014285714285714285 0.037142857142857144
8 0.3682142857142857 0.16142857142857142 0.013571428571428571 0.03333333333333333
7 0.37107142857142855 0.19380952380952382 0.012142857142857143 0.03333333333333333
6 0.37285714285714283 0.23952380952380953 0.012857142857142857 0.037142857142857144
6 0.32107142857142856 0.5780952380952381 0.015 0.03619047619047619
7 0.6139285714285714 0.5561904761904762 0.015 0.03619047619047619
6 0.6060714285714286 0.47 0.013571428571428571 0.039047619047619046
6 0.5696428571428571 0.2523809523809524 0.013571428571428571 0.04
7 0.6314285714285715 0.25761904761904764 0.024285714285714285 0.014285714285714285
6 0.6560714285714285 0.2619047619047619 0.025 0.01904761904761905
6 0.6989285714285715 0.2680952380952381 0.025 0.018095238095238095
6 0.7342857142857143 0.2719047619047619 0.024285714285714285 0.018095238095238095
6 0.7653571428571428 0.27714285714285714 0.02214285714285714 0.015238095238095238
6 0.7953571428571429 0.2842857142857143 0.02642857142857143 0.01619047619047619
6 0.6778571428571428 0.23761904761904762 0.027142857142857142 0.014285714285714285
7 0.6764285714285714 0.17904761904761904 0.014285714285714285 0.0419047619047619
6 0.7185714285714285 0.18571428571428572 0.012857142857142857 0.03619047619047619
6 0.5917857142857142 0.11904761904761904 0.012142857142857143 0.0380952380952381
6 0.6064285714285714 0.11761904761904762 0.012857142857142857 0.039047619047619046
8 0.44821428571428573 0.9242857142857143 0.017857142857142856 0.05238095238095238
6 0.4317857142857143 0.7814285714285715 0.013571428571428571 0.037142857142857144
6 0.42857142857142855 0.7366666666666667 0.014285714285714285 0.037142857142857144
6 0.4228571428571429 0.6795238095238095 0.014285714285714285 0.037142857142857144
8 0.6239285714285714 0.29285714285714287 0.030714285714285715 0.02
2 0.30642857142857144 0.5361904761904762 0.011428571428571429 0.007619047619047619
2 0.33107142857142857 0.4928571428571429 0.0064285714285714285 0.014285714285714285
2 0.3507142857142857 0.49333333333333335 0.007142857142857143 0.013333333333333334
0 0.3357142857142857 0.44 0.017142857142857144 0.01904761904761905
2 0.6221428571428571 0.6271428571428571 0.007142857142857143 0.018095238095238095
2 0.6275 0.5842857142857143 0.0064285714285714285 0.01619047619047619
2 0.5778571428571428 0.17904761904761904 0.004285714285714286 0.013333333333333334
2 0.5871428571428572 0.27714285714285714 0.005714285714285714 0.015238095238095238
2 0.5821428571428572 0.2257142857142857 0.004285714285714286 0.015238095238095238
2 0.5492857142857143 0.06761904761904762 0.005714285714285714 0.015238095238095238
2 0.39357142857142857 0.43047619047619046 0.01 0.011428571428571429
1 0.4642857142857143 0.35285714285714287 0.005714285714285714 0.010476190476190476
1 0.5710714285714286 0.5314285714285715 0.005 0.005714285714285714
6 0.8942857142857142 0.30238095238095236 0.025714285714285714 0.02
6 0.9560714285714286 0.31666666666666665 0.029285714285714286 0.02