6 0.2092857142857143 0.6433333333333333 0.07714285714285714 0.16285714285714287
6 0.4107142857142857 0.5642857142857143 0.06 0.15904761904761905
6 0.30178571428571427 0.45285714285714285 0.04928571428571429 0.12857142857142856
1 0.06892857142857142 0.5852380952380952 0.03785714285714286 0.05238095238095238
1 0.31285714285714283 0.5919047619047619 0.018571428571428572 0.06380952380952382
10 0.34535714285714286 0.5385714285714286 0.052142857142857144 0.11523809523809524
6 0.3489285714285714 0.8804761904761905 0.08214285714285714 0.2257142857142857
6 0.2667857142857143 0.878095238095238 0.07642857142857143 0.24
6 0.16428571428571428 0.8938095238095238 0.10857142857142857 0.2123809523809524
6 0.33 0.08095238095238096 0.045714285714285714 0.08571428571428572
6 0.5192857142857142 0.09238095238095238 0.04 0.06285714285714286
6 0.5510714285714285 0.04047619047619048 0.029285714285714286 0.054285714285714284
6 0.5932142857142857 0.07761904761904762 0.030714285714285715 0.06
6 0.3075 0.3433333333333333 0.04928571428571429 0.10571428571428572
1 0.8707142857142857 0.7133333333333334 0.03142857142857143 0.05714285714285714
5 0.8110714285714286 0.7409523809523809 0.03357142857142857 0.06666666666666667
5 0.6771428571428572 0.28476190476190477 0.02142857142857143 0.0380952380952381
5 0.7221428571428572 0.24047619047619048 0.017142857142857144 0.02761904761904762
4 0.6810714285714285 0.2623809523809524 0.013571428571428571 0.04857142857142857
4 0.7217857142857143 0.22 0.013571428571428571 0.02857142857142857
4 0.8110714285714286 0.7085714285714285 0.02214285714285714 0.05333333333333334
6 0.6339285714285714 0.05285714285714286 0.03785714285714286 0.05238095238095238
6 0.6603571428571429 0.12428571428571429 0.04642857142857143 0.06190476190476191
6 0.7346428571428572 0.11285714285714285 0.04357142857142857 0.05047619047619047
6 0.8442857142857143 0.08714285714285715 0.07571428571428572 0.04857142857142857
2 0.8103571428571429 0.06476190476190476 0.015 0.01904761904761905
2 0.81 0.05047619047619047 0.018571428571428572 0.01904761904761905
1 0.8242857142857143 0.05285714285714286 0.007142857142857143 0.03142857142857143
6 0.6942857142857143 0.028095238095238097 0.04 0.04857142857142857
6 0.7578571428571429 0.010476190476190476 0.03857142857142857 0.02095238095238095
6 0.7753571428571429 0.33666666666666667 0.07357142857142857 0.0980952380952381
6 0.8121428571428572 0.2919047619047619 0.07142857142857142 0.09238095238095238
6 0.8675 0.38571428571428573 0.09928571428571428 0.11428571428571428
2 0.9389285714285714 0.3261904761904762 0.027857142857142858 0.039047619047619046
4 0.945 0.3057142857142857 0.012857142857142857 0.02857142857142857
6 0.8339285714285715 0.4657142857142857 0.09071428571428572 0.12
7 0.9342857142857143 0.4942857142857143 0.09285714285714286 0.14095238095238094
6 0.9160714285714285 0.6357142857142857 0.12785714285714286 0.1742857142857143
6 0.9732142857142857 0.8480952380952381 0.05071428571428571 0.1742857142857143