8 0.46464285714285714 0.8771428571428571 0.1707142857142857 0.24571428571428572
6 0.36892857142857144 0.5661904761904762 0.062142857142857146 0.09619047619047619
11 0.1675 0.44761904761904764 0.08357142857142857 0.17142857142857143
7 0.8671428571428571 0.9233333333333333 0.18857142857142858 0.15333333333333332
6 0.7103571428571429 0.7576190476190476 0.12928571428571428 0.15714285714285714
6 0.6228571428571429 0.6409523809523809 0.10285714285714286 0.11428571428571428
1 0.5642857142857143 0.5861904761904762 0.017142857142857144 0.058095238095238096
6 0.9082142857142858 0.7166666666666667 0.1707142857142857 0.15904761904761905
6 0.7653571428571428 0.5871428571428572 0.11357142857142857 0.1019047619047619
7 0.8932142857142857 0.5004761904761905 0.11928571428571429 0.09428571428571429
1 0.7925 0.45571428571428574 0.0064285714285714285 0.04476190476190476
1 0.7978571428571428 0.45571428571428574 0.01 0.039047619047619046
6 0.6853571428571429 0.5076190476190476 0.08357142857142857 0.0761904761904762
6 0.49357142857142855 0.45714285714285713 0.05714285714285714 0.05714285714285714
6 0.4210714285714286 0.4342857142857143 0.05071428571428571 0.05714285714285714
6 0.4617857142857143 0.40904761904761905 0.045 0.05047619047619047
6 0.43892857142857145 0.37476190476190474 0.04214285714285714 0.04666666666666667
6 0.41785714285714287 0.34285714285714286 0.03571428571428571 0.0419047619047619
6 0.3942857142857143 0.31761904761904763 0.03142857142857143 0.035238095238095235
8 0.2957142857142857 0.35285714285714287 0.05142857142857143 0.07142857142857142
6 0.3467857142857143 0.29428571428571426 0.027857142857142858 0.03238095238095238
6 0.34 0.2719047619047619 0.02142857142857143 0.025714285714285714
7 0.018571428571428572 0.4119047619047619 0.037142857142857144 0.06190476190476191
6 0.09142857142857143 0.42857142857142855 0.055714285714285716 0.05333333333333334
7 0.5139285714285714 0.34523809523809523 0.035 0.035238095238095235
7 0.5264285714285715 0.2866666666666667 0.032857142857142856 0.030476190476190476
1 0.5503571428571429 0.32047619047619047 0.010714285714285714 0.035238095238095235
7 0.5803571428571429 0.32142857142857145 0.04214285714285714 0.04285714285714286
6 0.11178571428571428 0.38571428571428573 0.039285714285714285 0.045714285714285714
1 0.0525 0.39571428571428574 0.017857142857142856 0.035238095238095235
1 0.08535714285714285 0.3838095238095238 0.013571428571428571 0.03428571428571429
1 0.10607142857142857 0.44333333333333336 0.013571428571428571 0.040952380952380955
1 0.13035714285714287 0.3942857142857143 0.015 0.03428571428571429
1 0.13285714285714287 0.36904761904761907 0.012857142857142857 0.03142857142857143
1 0.15107142857142858 0.36 0.010714285714285714 0.02666666666666667
1 0.19392857142857142 0.31666666666666665 0.010714285714285714 0.025714285714285714
6 0.5025 0.2719047619047619 0.029285714285714286 0.02761904761904762
7 0.033928571428571426 0.3676190476190476 0.03642857142857143 0.0419047619047619
6 0.12928571428571428 0.3395238095238095 0.03 0.03142857142857143
1 0.08785714285714286 0.35428571428571426 0.012857142857142857 0.03428571428571429
6 0.1367857142857143 0.31333333333333335 0.03214285714285714 0.030476190476190476
6 0.17035714285714285 0.2842857142857143 0.023571428571428573 0.029523809523809525
6 0.20642857142857143 0.26761904761904765 0.022857142857142857 0.024761904761904763
6 0.17785714285714285 0.2571428571428571 0.018571428571428572 0.02095238095238095
7 0.15821428571428572 0.2509523809523809 0.017857142857142856 0.025714285714285714
7 0.18357142857142858 0.23047619047619047 0.012857142857142857 0.015238095238095238
6 0.19214285714285714 0.2219047619047619 0.012857142857142857 0.017142857142857144
7 0.19178571428571428 0.20333333333333334 0.016428571428571428 0.021904761904761906
0 0.16607142857142856 0.22 0.025 0.0380952380952381
0 0.19857142857142857 0.14952380952380953 0.02142857142857143 0.030476190476190476
6 0.18857142857142858 0.16952380952380952 0.01 0.011428571428571429
6 0.19678571428571429 0.19285714285714287 0.012142857142857143 0.012380952380952381
7 0.20107142857142857 0.1719047619047619 0.010714285714285714 0.012380952380952381
6 0.2557142857142857 0.1823809523809524 0.014285714285714285 0.014285714285714285
6 0.25 0.16857142857142857 0.008571428571428572 0.011428571428571429
0 0.24321428571428572 0.1357142857142857 0.02214285714285714 0.04857142857142857
7 0.3242857142857143 0.24476190476190476 0.017142857142857144 0.02666666666666667
7 0.3157142857142857 0.23952380952380953 0.012857142857142857 0.025714285714285714
6 0.38142857142857145 0.2995238095238095 0.027142857142857142 0.03142857142857143
6 0.3742857142857143 0.2819047619047619 0.024285714285714285 0.02857142857142857
6 0.3575 0.2619047619047619 0.02214285714285714 0.02857142857142857
6 0.3467857142857143 0.24761904761904763 0.019285714285714285 0.024761904761904763
6 0.34 0.23714285714285716 0.014285714285714285 0.02095238095238095
6 0.3335714285714286 0.22904761904761906 0.015714285714285715 0.021904761904761906
6 0.3275 0.21857142857142858 0.015 0.01619047619047619
6 0.32142857142857145 0.21047619047619048 0.012857142857142857 0.015238095238095238
6 0.31642857142857145 0.2038095238095238 0.014285714285714285 0.013333333333333334
7 0.3117857142857143 0.19523809523809524 0.010714285714285714 0.01904761904761905
6 0.2882142857142857 0.18476190476190477 0.010714285714285714 0.013333333333333334
6 0.2764285714285714 0.16380952380952382 0.01 0.011428571428571429
6 0.2717857142857143 0.16 0.007857142857142858 0.011428571428571429
7 0.2875 0.16238095238095238 0.007857142857142858 0.012380952380952381
0 0.29964285714285716 0.1823809523809524 0.020714285714285713 0.02761904761904762
11 0.25892857142857145 0.12428571428571429 0.010714285714285714 0.014285714285714285
0 0.2710714285714286 0.1438095238095238 0.02642857142857143 0.02666666666666667
7 0.36857142857142855 0.20714285714285716 0.017142857142857144 0.023809523809523808
7 0.39785714285714285 0.23714285714285716 0.018571428571428572 0.01904761904761905
0 0.3367857142857143 0.1838095238095238 0.03785714285714286 0.0419047619047619
6 0.3225 0.15 0.016428571428571428 0.008571428571428572
2 0.3217857142857143 0.31523809523809526 0.010714285714285714 0.02095238095238095
4 0.32035714285714284 0.3080952380952381 0.010714285714285714 0.023809523809523808