6 0.3975 0.5881979695431472 0.012142857142857143 0.0266497461928934
6 0.40464285714285714 0.5196700507614214 0.009285714285714286 0.021573604060913704
6 0.41464285714285715 0.4219543147208122 0.0064285714285714285 0.013959390862944163
6 0.4085714285714286 0.4035532994923858 0.007142857142857143 0.012690355329949238
6 0.4521428571428571 0.34073604060913704 0.005714285714285714 0.011421319796954314
6 0.45035714285714284 0.29758883248730966 0.005 0.011421319796954314
6 0.4425 0.2887055837563452 0.0035714285714285713 0.008883248730964468
6 0.4517857142857143 0.27347715736040606 0.005 0.011421319796954314
6 0.42642857142857143 0.23286802030456852 0.004285714285714286 0.008883248730964468
6 0.4525 0.2233502538071066 0.0035714285714285713 0.01015228426395939
0 0.44821428571428573 0.13261421319796954 0.03357142857142857 0.19416243654822335
7 0.44392857142857145 0.41941624365482233 0.007857142857142858 0.01903553299492386
7 0.42214285714285715 0.5761421319796954 0.011428571428571429 0.03299492385786802
6 0.47964285714285715 0.5901015228426396 0.013571428571428571 0.025380710659898477
11 0.4625 0.5234771573604061 0.009285714285714286 0.03934010152284264
7 0.4257142857142857 0.5038071065989848 0.008571428571428572 0.027918781725888325
11 0.3917857142857143 0.38261421319796957 0.010714285714285714 0.04187817258883249
7 0.575 0.5977157360406091 0.025714285714285714 0.02284263959390863
7 0.6228571428571429 0.5913705583756346 0.025714285714285714 0.02284263959390863
7 0.7542857142857143 0.5774111675126904 0.027142857142857142 0.02284263959390863
7 0.8067857142857143 0.575507614213198 0.02642857142857143 0.0266497461928934
7 0.7778571428571428 0.575507614213198 0.024285714285714285 0.01903553299492386
8 0.38035714285714284 0.5812182741116751 0.019285714285714285 0.04568527918781726
6 0.395 0.43083756345177665 0.008571428571428572 0.01649746192893401