7 0.4632142857142857 0.8 0.20214285714285715 0.15619047619047619
3 0.3792857142857143 0.9247619047619048 0.17 0.13333333333333333
6 0.4810714285714286 0.6676190476190477 0.205 0.13904761904761906
6 0.5078571428571429 0.5614285714285714 0.18 0.12095238095238095
6 0.5267857142857143 0.46714285714285714 0.1707142857142857 0.1
6 0.5346428571428572 0.38571428571428573 0.15071428571428572 0.08952380952380952
7 0.5392857142857143 0.31666666666666665 0.14142857142857143 0.08476190476190476
6 0.5582142857142857 0.26666666666666666 0.1407142857142857 0.08
6 0.5667857142857143 0.21571428571428572 0.13071428571428573 0.06571428571428571
6 0.5767857142857142 0.1719047619047619 0.11642857142857142 0.05619047619047619
6 0.5817857142857142 0.12285714285714286 0.11357142857142857 0.06095238095238095
7 0.5882142857142857 0.08190476190476191 0.11785714285714285 0.06857142857142857
6 0.6025 0.0419047619047619 0.08357142857142857 0.04380952380952381
6 0.6021428571428571 0.017619047619047618 0.09571428571428571 0.035238095238095235
1 0.3875 0.4533333333333333 0.029285714285714286 0.07047619047619047
1 0.6953571428571429 0.2704761904761905 0.023571428571428573 0.06666666666666667
1 0.41964285714285715 0.19285714285714287 0.019285714285714285 0.06
1 0.4328571428571429 0.20333333333333334 0.012857142857142857 0.035238095238095235
1 0.44607142857142856 0.19428571428571428 0.02214285714285714 0.06476190476190476
1 0.2785714285714286 0.3271428571428571 0.02 0.05238095238095238
1 0.6814285714285714 0.48428571428571426 0.027142857142857142 0.07142857142857142
1 0.4175 0.07476190476190477 0.017857142857142856 0.05047619047619047
2 0.4317857142857143 0.08666666666666667 0.015 0.047619047619047616
5 0.4857142857142857 0.1461904761904762 0.014285714285714285 0.039047619047619046
4 0.4860714285714286 0.12333333333333334 0.016428571428571428 0.035238095238095235
5 0.33071428571428574 0.31857142857142856 0.03 0.04476190476190476
2 0.2914285714285714 0.4180952380952381 0.02857142857142857 0.07238095238095238
2 0.31357142857142856 0.3919047619047619 0.024285714285714285 0.07523809523809524
0 0.48857142857142855 0.014285714285714285 0.03 0.02857142857142857
5 0.3292857142857143 0.28095238095238095 0.032857142857142856 0.045714285714285714