0 0.4925 0.48 0.007857142857142858 0.013333333333333334
0 0.4732142857142857 0.23095238095238096 0.012142857142857143 0.02761904761904762
0 0.4775 0.20809523809523808 0.016428571428571428 0.014285714285714285
0 0.4825 0.18 0.016428571428571428 0.024761904761904763
0 0.47714285714285715 0.2914285714285714 0.005714285714285714 0.030476190476190476
11 0.5135714285714286 0.7409523809523809 0.012857142857142857 0.04
6 0.4975 0.6476190476190476 0.007857142857142858 0.015238095238095238
6 0.5007142857142857 0.7609523809523809 0.008571428571428572 0.02095238095238095
0 0.5242857142857142 0.46 0.018571428571428572 0.02857142857142857
0 0.4982142857142857 0.5052380952380953 0.010714285714285714 0.008571428571428572
0 0.46035714285714285 0.2814285714285714 0.020714285714285713 0.02761904761904762
0 0.46 0.31333333333333335 0.011428571428571429 0.022857142857142857
0 0.48 0.3661904761904762 0.011428571428571429 0.04666666666666667
0 0.4625 0.23523809523809525 0.007857142857142858 0.02095238095238095
6 0.5078571428571429 0.9004761904761904 0.01 0.02761904761904762
6 0.5228571428571429 0.8766666666666667 0.01 0.021904761904761906
5 0.5307142857142857 0.8142857142857143 0.004285714285714286 0.015238095238095238
3 0.4442857142857143 0.8052380952380952 0.02 0.07523809523809524
6 0.45714285714285713 0.520952380952381 0.005714285714285714 0.009523809523809525
0 0.4707142857142857 0.6376190476190476 0.005714285714285714 0.03333333333333333
0 0.49785714285714283 0.6 0.005714285714285714 0.015238095238095238
0 0.4660714285714286 0.32761904761904764 0.009285714285714286 0.013333333333333334
0 0.4882142857142857 0.2714285714285714 0.007857142857142858 0.009523809523809525
8 0.8667857142857143 0.64 0.019285714285714285 0.02095238095238095
8 0.7728571428571429 0.5866666666666667 0.014285714285714285 0.013333333333333334
0 0.7175 0.9523809523809523 0.02642857142857143 0.06095238095238095
6 0.7078571428571429 0.8985714285714286 0.011428571428571429 0.02761904761904762
6 0.6960714285714286 0.9214285714285714 0.012142857142857143 0.029523809523809525
6 0.8785714285714286 0.7219047619047619 0.011428571428571429 0.017142857142857144
0 0.6967857142857142 0.3980952380952381 0.013571428571428571 0.02857142857142857