6 0.35928571428571426 0.6185714285714285 0.09142857142857143 0.05238095238095238
6 0.39357142857142857 0.5219047619047619 0.08571428571428572 0.04
6 0.18928571428571428 0.539047619047619 0.08 0.0419047619047619
6 0.07857142857142857 0.5204761904761904 0.08571428571428572 0.04666666666666667
6 0.5810714285714286 0.518095238095238 0.075 0.045714285714285714
6 0.7067857142857142 0.59 0.09214285714285714 0.05047619047619047
6 0.8707142857142857 0.39571428571428574 0.06428571428571428 0.037142857142857144
6 0.9396428571428571 0.5757142857142857 0.08785714285714286 0.054285714285714284
6 0.9564285714285714 0.6295238095238095 0.08142857142857143 0.06476190476190476
7 0.7517857142857143 0.3576190476190476 0.035 0.039047619047619046
2 0.19107142857142856 0.7690476190476191 0.04071428571428572 0.025714285714285714
4 0.1825 0.76 0.020714285714285713 0.030476190476190476
6 0.5410714285714285 0.36714285714285716 0.029285714285714286 0.035238095238095235
6 0.4928571428571429 0.34809523809523807 0.02 0.029523809523809525
6 0.5221428571428571 0.33714285714285713 0.024285714285714285 0.03238095238095238
6 0.4825 0.3319047619047619 0.020714285714285713 0.029523809523809525
6 0.47285714285714286 0.310952380952381 0.02 0.02761904761904762
6 0.4617857142857143 0.29285714285714287 0.020714285714285713 0.02761904761904762
7 0.5035714285714286 0.30857142857142855 0.025714285714285714 0.0380952380952381
6 0.4907142857142857 0.29523809523809524 0.017142857142857144 0.02666666666666667
11 0.4785714285714286 0.26666666666666666 0.03 0.05142857142857143
6 0.44785714285714284 0.2642857142857143 0.02 0.023809523809523808
1 0.4739285714285714 0.8738095238095238 0.020714285714285713 0.04476190476190476
4 0.7839285714285714 0.40904761904761905 0.013571428571428571 0.025714285714285714
2 0.7828571428571428 0.4166666666666667 0.02857142857142857 0.023809523809523808
1 0.12964285714285714 0.9828571428571429 0.03357142857142857 0.03428571428571429
1 0.3342857142857143 0.4119047619047619 0.011428571428571429 0.023809523809523808
0 0.39571428571428574 0.38476190476190475 0.047142857142857146 0.06285714285714286
6 0.9021428571428571 0.3871428571428571 0.05285714285714286 0.03142857142857143
6 0.9185714285714286 0.3647619047619048 0.06 0.02857142857142857
6 0.935 0.3780952380952381 0.054285714285714284 0.02857142857142857
6 0.9567857142857142 0.3904761904761905 0.05357142857142857 0.02857142857142857
6 0.9728571428571429 0.4038095238095238 0.054285714285714284 0.03619047619047619
2 0.8857142857142857 0.43047619047619046 0.024285714285714285 0.015238095238095238
2 0.9239285714285714 0.42952380952380953 0.020714285714285713 0.015238095238095238
2 0.8617857142857143 0.4257142857142857 0.019285714285714285 0.015238095238095238
4 0.8878571428571429 0.42523809523809525 0.008571428571428572 0.018095238095238095
4 0.8642857142857143 0.42 0.008571428571428572 0.015238095238095238
4 0.9260714285714285 0.4219047619047619 0.007857142857142858 0.017142857142857144
4 0.93 0.42428571428571427 0.008571428571428572 0.01619047619047619
0 0.44392857142857145 0.39285714285714285 0.030714285714285715 0.02761904761904762