6 0.9246428571428571 0.7885714285714286 0.025 0.01904761904761905
6 0.6889285714285714 0.670952380952381 0.013571428571428571 0.010476190476190476
6 0.5764285714285714 0.6247619047619047 0.005714285714285714 0.007619047619047619
6 0.5939285714285715 0.6261904761904762 0.0064285714285714285 0.008571428571428572
6 0.6107142857142858 0.6095238095238096 0.008571428571428572 0.005714285714285714
6 0.5757142857142857 0.6114285714285714 0.008571428571428572 0.005714285714285714
0 0.5775 0.59 0.10214285714285715 0.03142857142857143
6 0.09035714285714286 0.9447619047619048 0.02642857142857143 0.03238095238095238
6 0.12214285714285714 0.9304761904761905 0.02142857142857143 0.03238095238095238
0 0.22142857142857142 0.6 0.1357142857142857 0.0419047619047619
6 0.2025 0.6285714285714286 0.009285714285714286 0.009523809523809525