0 0.43464285714285716 0.18619047619047618 0.019285714285714285 0.03142857142857143
0 0.33214285714285713 0.3323809523809524 0.025714285714285714 0.03619047619047619
6 0.6714285714285714 0.6980952380952381 0.03 0.02857142857142857
6 0.6167857142857143 0.9776190476190476 0.03785714285714286 0.04285714285714286
7 0.6442857142857142 0.959047619047619 0.047142857142857146 0.0761904761904762
6 0.4714285714285714 0.9628571428571429 0.027142857142857142 0.05523809523809524
6 0.7046428571428571 0.7314285714285714 0.02642857142857143 0.02857142857142857
6 0.7192857142857143 0.7471428571428571 0.03 0.025714285714285714
6 0.6871428571428572 0.7166666666666667 0.02857142857142857 0.023809523809523808
6 0.6364285714285715 0.6542857142857142 0.02857142857142857 0.01904761904761905
6 0.6475 0.6652380952380952 0.029285714285714286 0.023809523809523808
6 0.6582142857142858 0.680952380952381 0.029285714285714286 0.024761904761904763
6 0.5410714285714285 0.7980952380952381 0.04214285714285714 0.03238095238095238
6 0.7325 0.77 0.035 0.03333333333333333
6 0.7489285714285714 0.7947619047619048 0.035 0.035238095238095235
6 0.5460714285714285 0.7019047619047619 0.027857142857142858 0.024761904761904763
6 0.5489285714285714 0.6842857142857143 0.025 0.018095238095238095
6 0.5442857142857143 0.6647619047619048 0.02 0.013333333333333334
6 0.6428571428571429 0.61 0.03 0.02761904761904762
6 0.5467857142857143 0.65 0.017857142857142856 0.018095238095238095
6 0.5371428571428571 0.6195238095238095 0.027142857142857142 0.01619047619047619
6 0.5432142857142858 0.6342857142857142 0.027857142857142858 0.015238095238095238
8 0.6407142857142857 0.57 0.03142857142857143 0.03142857142857143
6 0.37 0.49857142857142855 0.012857142857142857 0.018095238095238095
6 0.4332142857142857 0.21904761904761905 0.0035714285714285713 0.005714285714285714
8 0.43964285714285717 0.22142857142857142 0.005 0.014285714285714285
8 0.4367857142857143 0.21142857142857144 0.005 0.013333333333333334
1 0.39535714285714285 0.3142857142857143 0.002142857142857143 0.005714285714285714
1 0.37607142857142856 0.3995238095238095 0.0035714285714285713 0.012380952380952381
0 0.44607142857142856 0.3380952380952381 0.005 0.013333333333333334
3 0.4 0.9704761904761905 0.024285714285714285 0.04
2 0.29285714285714287 0.8914285714285715 0.01 0.02095238095238095
4 0.2932142857142857 0.8876190476190476 0.009285714285714286 0.015238095238095238
4 0.4114285714285714 0.7933333333333333 0.005714285714285714 0.013333333333333334
4 0.4135714285714286 0.789047619047619 0.007142857142857143 0.012380952380952381
0 0.44 0.7490476190476191 0.007142857142857143 0.05619047619047619
11 0.44892857142857145 0.19047619047619047 0.005 0.007619047619047619
6 0.5925 0.9876190476190476 0.035 0.024761904761904763
8 0.35 0.36238095238095236 0.015714285714285715 0.025714285714285714