6 0.13142857142857142 0.08619047619047619 0.04428571428571428 0.023809523809523808
7 0.09 0.17952380952380953 0.054285714285714284 0.037142857142857144
8 0.1732142857142857 0.16952380952380952 0.07071428571428572 0.05142857142857143
8 0.11785714285714285 0.22095238095238096 0.08 0.045714285714285714
7 0.32857142857142857 0.012857142857142857 0.041428571428571426 0.025714285714285714
7 0.2775 0.09142857142857143 0.04642857142857143 0.02857142857142857
7 0.37785714285714284 0.08761904761904762 0.03428571428571429 0.030476190476190476
10 0.32607142857142857 0.09952380952380953 0.03642857142857143 0.025714285714285714
10 0.4114285714285714 0.12857142857142856 0.03571428571428571 0.049523809523809526
10 0.38107142857142856 0.22523809523809524 0.029285714285714286 0.04666666666666667
10 0.37392857142857144 0.32142857142857145 0.02642857142857143 0.039047619047619046
1 0.54 0.011904761904761904 0.004285714285714286 0.012380952380952381
1 0.5446428571428571 0.01 0.0035714285714285713 0.018095238095238095
6 0.5564285714285714 0.028095238095238097 0.037142857142857144 0.021904761904761906
10 0.44857142857142857 0.11666666666666667 0.025714285714285714 0.02761904761904762
10 0.44392857142857145 0.1 0.035 0.030476190476190476
10 0.47035714285714286 0.10666666666666667 0.019285714285714285 0.017142857142857144
1 0.4717857142857143 0.10571428571428572 0.0064285714285714285 0.02095238095238095
1 0.4757142857142857 0.09714285714285714 0.005714285714285714 0.01904761904761905
1 0.4417857142857143 0.10380952380952381 0.005 0.01904761904761905
1 0.3942857142857143 0.11095238095238096 0.005714285714285714 0.02
1 0.4471428571428571 0.10428571428571429 0.004285714285714286 0.02
4 0.4317857142857143 0.1261904761904762 0.0064285714285714285 0.010476190476190476
8 0.35642857142857143 0.12428571428571429 0.03142857142857143 0.05238095238095238
1 0.36642857142857144 0.12666666666666668 0.005714285714285714 0.024761904761904763
10 0.26107142857142857 0.3647619047619048 0.039285714285714285 0.024761904761904763
6 0.030357142857142857 0.3076190476190476 0.04357142857142857 0.05333333333333334
1 0.012142857142857143 0.3914285714285714 0.014285714285714285 0.024761904761904763
1 0.011428571428571429 0.37714285714285717 0.012857142857142857 0.024761904761904763
8 0.08892857142857143 0.29619047619047617 0.060714285714285714 0.09142857142857143
7 0.14107142857142857 0.4695238095238095 0.04928571428571429 0.05904761904761905
3 0.22357142857142856 0.48333333333333334 0.022857142857142857 0.05238095238095238
5 0.3075 0.8247619047619048 0.035 0.02095238095238095
2 0.30892857142857144 0.790952380952381 0.03214285714285714 0.018095238095238095
1 0.29892857142857143 0.36523809523809525 0.009285714285714286 0.025714285714285714
1 0.31892857142857145 0.3319047619047619 0.009285714285714286 0.021904761904761906
1 0.32071428571428573 0.3466666666666667 0.01 0.02666666666666667
1 0.3467857142857143 0.3261904761904762 0.007857142857142858 0.023809523809523808
1 0.3242857142857143 0.25666666666666665 0.007142857142857143 0.02
1 0.3467857142857143 0.2623809523809524 0.009285714285714286 0.023809523809523808
4 0.34714285714285714 0.24 0.01 0.022857142857142857
2 0.3467857142857143 0.24333333333333335 0.010714285714285714 0.021904761904761906
2 0.3767857142857143 0.2723809523809524 0.017857142857142856 0.024761904761904763
1 0.4010714285714286 0.2195238095238095 0.0064285714285714285 0.023809523809523808
1 0.4067857142857143 0.2057142857142857 0.0064285714285714285 0.022857142857142857
1 0.42857142857142855 0.19904761904761906 0.005714285714285714 0.024761904761904763
1 0.45321428571428574 0.2019047619047619 0.0064285714285714285 0.02095238095238095
2 0.4235714285714286 0.20666666666666667 0.02142857142857143 0.017142857142857144
4 0.4642857142857143 0.15523809523809523 0.005714285714285714 0.015238095238095238
4 0.4657142857142857 0.14761904761904762 0.008571428571428572 0.015238095238095238
4 0.49214285714285716 0.13 0.007142857142857143 0.014285714285714285
10 0.495 0.12523809523809523 0.01 0.02
10 0.5664285714285714 0.11571428571428571 0.02857142857142857 0.023809523809523808
10 0.7260714285714286 0.11952380952380952 0.025 0.02
8 0.8157142857142857 0.016666666666666666 0.07142857142857142 0.03333333333333333
8 0.67 0.03 0.07571428571428572 0.058095238095238096
7 0.7010714285714286 0.03142857142857143 0.03357142857142857 0.024761904761904763
1 0.7696428571428572 0.02142857142857143 0.0064285714285714285 0.01619047619047619
1 0.7482142857142857 0.022857142857142857 0.0064285714285714285 0.015238095238095238
1 0.8242857142857143 0.12428571428571429 0.007142857142857143 0.018095238095238095
1 0.8175 0.1280952380952381 0.007857142857142858 0.02
1 0.7853571428571429 0.1295238095238095 0.005 0.02095238095238095
1 0.7996428571428571 0.12476190476190477 0.007857142857142858 0.02095238095238095
2 0.7482142857142857 0.12380952380952381 0.017857142857142856 0.017142857142857144
6 0.6953571428571429 0.11619047619047619 0.03214285714285714 0.02666666666666667
6 0.6342857142857142 0.011428571428571429 0.03428571428571429 0.02095238095238095
1 0.6432142857142857 0.11523809523809524 0.005 0.01904761904761905
1 0.6225 0.11952380952380952 0.0035714285714285713 0.02
1 0.5878571428571429 0.12285714285714286 0.004285714285714286 0.02095238095238095
4 0.6128571428571429 0.11333333333333333 0.007142857142857143 0.015238095238095238
4 0.6153571428571428 0.1219047619047619 0.0064285714285714285 0.009523809523809525
4 0.6232142857142857 0.14 0.005 0.01904761904761905
4 0.6160714285714286 0.13904761904761906 0.005 0.015238095238095238
4 0.6121428571428571 0.12714285714285714 0.005714285714285714 0.010476190476190476
1 0.6014285714285714 0.1261904761904762 0.008571428571428572 0.012380952380952381
1 0.6007142857142858 0.13714285714285715 0.007142857142857143 0.013333333333333334
1 0.5921428571428572 0.15095238095238095 0.005714285714285714 0.025714285714285714
1 0.5467857142857143 0.23 0.0064285714285714285 0.021904761904761906
6 0.5389285714285714 0.23285714285714285 0.03214285714285714 0.04476190476190476
6 0.5103571428571428 0.17666666666666667 0.02642857142857143 0.039047619047619046
1 0.5410714285714285 0.1657142857142857 0.005 0.024761904761904763
1 0.5317857142857143 0.10333333333333333 0.0064285714285714285 0.021904761904761906
3 0.39535714285714285 0.17523809523809525 0.04071428571428572 0.049523809523809526
2 0.5960714285714286 0.9680952380952381 0.007857142857142858 0.03142857142857143
4 0.5971428571428572 0.9614285714285714 0.011428571428571429 0.012380952380952381