6 0.5221428571428571 0.8590476190476191 0.055714285714285716 0.10285714285714286
9 0.5071428571428571 0.7119047619047619 0.03428571428571429 0.040952380952380955
2 0.8342857142857143 0.8357142857142857 0.024285714285714285 0.037142857142857144
2 0.5628571428571428 0.7028571428571428 0.022857142857142857 0.02666666666666667
2 0.6139285714285714 0.6290476190476191 0.02214285714285714 0.02761904761904762
1 0.59 0.6123809523809524 0.008571428571428572 0.024761904761904763
1 0.8460714285714286 0.6623809523809524 0.017857142857142856 0.02761904761904762
1 0.31214285714285717 0.4361904761904762 0.007142857142857143 0.02095238095238095
0 0.1492857142857143 0.027142857142857142 0.032857142857142856 0.054285714285714284
6 0.15928571428571428 0.08333333333333333 0.007142857142857143 0.008571428571428572
6 0.17357142857142857 0.11238095238095239 0.007142857142857143 0.009523809523809525
6 0.17285714285714285 0.12476190476190477 0.007142857142857143 0.007619047619047619
6 0.20285714285714285 0.15142857142857144 0.01 0.011428571428571429
8 0.18285714285714286 0.12761904761904763 0.012857142857142857 0.022857142857142857
1 0.18857142857142858 0.17238095238095238 0.004285714285714286 0.007619047619047619
1 0.21285714285714286 0.2276190476190476 0.004285714285714286 0.011428571428571429
1 0.2225 0.23285714285714285 0.005 0.010476190476190476
6 0.15142857142857144 0.2795238095238095 0.012857142857142857 0.018095238095238095
6 0.15678571428571428 0.3142857142857143 0.012142857142857143 0.01904761904761905
6 0.06892857142857142 0.3914285714285714 0.04357142857142857 0.024761904761904763
6 0.06964285714285715 0.4057142857142857 0.04642857142857143 0.024761904761904763
8 0.12392857142857143 0.3171428571428571 0.020714285714285713 0.03238095238095238
8 0.1175 0.28476190476190477 0.023571428571428573 0.04
6 0.16107142857142856 0.33 0.015 0.02
2 0.3182142857142857 0.9271428571428572 0.029285714285714286 0.029523809523809525
4 0.3225 0.9314285714285714 0.009285714285714286 0.024761904761904763
4 0.3132142857142857 0.9238095238095239 0.009285714285714286 0.024761904761904763
4 0.2175 0.9495238095238095 0.017857142857142856 0.02666666666666667
4 0.5617857142857143 0.7033333333333334 0.010714285714285714 0.021904761904761906
2 0.21607142857142858 0.9495238095238095 0.03357142857142857 0.030476190476190476
7 0.6846428571428571 0.3442857142857143 0.03214285714285714 0.023809523809523808
8 0.3892857142857143 0.18523809523809523 0.03142857142857143 0.03142857142857143
8 0.42642857142857143 0.22142857142857142 0.015714285714285715 0.023809523809523808
8 0.4475 0.2523809523809524 0.017857142857142856 0.01904761904761905
8 0.3 0.10904761904761905 0.015714285714285715 0.025714285714285714
8 0.2757142857142857 0.08904761904761904 0.015714285714285715 0.02761904761904762
8 0.21392857142857144 0.09428571428571429 0.016428571428571428 0.01904761904761905
8 0.2835714285714286 0.09095238095238095 0.01 0.012380952380952381
6 0.3171428571428571 0.13 0.008571428571428572 0.010476190476190476
1 0.8367857142857142 0.7161904761904762 0.012142857142857143 0.024761904761904763
0 0.6075 0.3823809523809524 0.007857142857142858 0.018095238095238095
0 0.5392857142857143 0.33 0.008571428571428572 0.01619047619047619
4 0.5057142857142857 0.7157142857142857 0.011428571428571429 0.018095238095238095
4 0.6142857142857143 0.628095238095238 0.008571428571428572 0.018095238095238095