0 0.5239285714285714 0.17857142857142858 0.030714285714285715 0.02
0 0.485 0.17095238095238094 0.002857142857142857 0.006666666666666667
0 0.5064285714285715 0.15666666666666668 0.01 0.012380952380952381
0 0.4789285714285714 0.2123809523809524 0.029285714285714286 0.02857142857142857
0 0.5092857142857142 0.2180952380952381 0.01 0.011428571428571429
0 0.4657142857142857 0.23809523809523808 0.025714285714285714 0.02666666666666667
6 0.4664285714285714 0.9180952380952381 0.02 0.07428571428571429
6 0.5010714285714286 0.9061904761904762 0.019285714285714285 0.06380952380952382
6 0.5696428571428571 0.9466666666666667 0.025 0.07428571428571429
6 0.6785714285714286 0.6266666666666667 0.03571428571428571 0.022857142857142857
6 0.6285714285714286 0.4942857142857143 0.024285714285714285 0.017142857142857144
6 0.545 0.6880952380952381 0.018571428571428572 0.04285714285714286
6 0.6957142857142857 0.6671428571428571 0.037142857142857144 0.021904761904761906
6 0.7032142857142857 0.6876190476190476 0.039285714285714285 0.024761904761904763
6 0.7092857142857143 0.7128571428571429 0.04 0.023809523809523808
6 0.73 0.7642857142857142 0.041428571428571426 0.02761904761904762
6 0.7164285714285714 0.7385714285714285 0.04285714285714286 0.02761904761904762
11 0.485 0.6971428571428572 0.025714285714285714 0.12761904761904763
8 0.5164285714285715 0.5261904761904762 0.018571428571428572 0.037142857142857144
8 0.55 0.57 0.02 0.04285714285714286
8 0.5067857142857143 0.4614285714285714 0.017857142857142856 0.06190476190476191
8 0.5278571428571428 0.42952380952380953 0.018571428571428572 0.0419047619047619
8 0.4757142857142857 0.3680952380952381 0.015714285714285715 0.07333333333333333
8 0.5017857142857143 0.4004761904761905 0.013571428571428571 0.029523809523809525
8 0.5110714285714286 0.3404761904761905 0.010714285714285714 0.021904761904761906
8 0.4717857142857143 0.2980952380952381 0.010714285714285714 0.03428571428571429
8 0.4953571428571429 0.32285714285714284 0.012142857142857143 0.024761904761904763
8 0.48892857142857143 0.26095238095238094 0.009285714285714286 0.02666666666666667
8 0.4982142857142857 0.24142857142857144 0.009285714285714286 0.021904761904761906
8 0.5053571428571428 0.2947619047619048 0.012142857142857143 0.023809523809523808
8 0.5089285714285714 0.31476190476190474 0.009285714285714286 0.021904761904761906
8 0.5107142857142857 0.2038095238095238 0.03 0.017142857142857144
8 0.5307142857142857 0.20095238095238097 0.022857142857142857 0.013333333333333334
6 0.5328571428571428 0.31238095238095237 0.008571428571428572 0.011428571428571429
6 0.4953571428571429 0.34285714285714286 0.007857142857142858 0.013333333333333334
6 0.5146428571428572 0.37238095238095237 0.007857142857142858 0.013333333333333334
6 0.49892857142857144 0.36238095238095236 0.007857142857142858 0.01619047619047619
6 0.49178571428571427 0.2985714285714286 0.005 0.008571428571428572
6 0.4639285714285714 0.33904761904761904 0.007857142857142858 0.015238095238095238
6 0.4992857142857143 0.379047619047619 0.008571428571428572 0.013333333333333334
6 0.5146428571428572 0.38952380952380955 0.007857142857142858 0.015238095238095238
6 0.5185714285714286 0.4085714285714286 0.008571428571428572 0.01904761904761905
7 0.5475 0.3638095238095238 0.007857142857142858 0.017142857142857144
6 0.11035714285714286 0.7242857142857143 0.03357142857142857 0.04285714285714286
7 0.08607142857142858 0.6385714285714286 0.039285714285714285 0.025714285714285714
0 0.4757142857142857 0.1523809523809524 0.024285714285714285 0.022857142857142857
8 0.46785714285714286 0.19333333333333333 0.007142857142857143 0.013333333333333334
8 0.4760714285714286 0.19047619047619047 0.0064285714285714285 0.013333333333333334
6 0.5392857142857143 0.2057142857142857 0.011428571428571429 0.005714285714285714
6 0.5071428571428571 0.2419047619047619 0.005714285714285714 0.007619047619047619
6 0.5032142857142857 0.2804761904761905 0.0064285714285714285 0.004761904761904762
6 0.5010714285714286 0.27285714285714285 0.0064285714285714285 0.008571428571428572
6 0.5021428571428571 0.26476190476190475 0.004285714285714286 0.007619047619047619
6 0.5010714285714286 0.25857142857142856 0.005 0.008571428571428572
6 0.5435714285714286 0.2780952380952381 0.007142857142857143 0.011428571428571429
6 0.5328571428571428 0.30333333333333334 0.011428571428571429 0.010476190476190476
6 0.46535714285714286 0.2814285714285714 0.0064285714285714285 0.010476190476190476
6 0.49357142857142855 0.27714285714285714 0.005714285714285714 0.007619047619047619
8 0.4903571428571429 0.28523809523809524 0.007857142857142858 0.014285714285714285
0 0.5664285714285714 0.4095238095238095 0.045714285714285714 0.03238095238095238
6 0.5385714285714286 0.4866666666666667 0.014285714285714285 0.02095238095238095
6 0.4760714285714286 0.4942857142857143 0.012142857142857143 0.02666666666666667
7 0.5375 0.5285714285714286 0.015 0.030476190476190476
1 0.3317857142857143 0.5638095238095238 0.0064285714285714285 0.02095238095238095
1 0.36428571428571427 0.5014285714285714 0.005714285714285714 0.02
1 0.3425 0.5323809523809524 0.005 0.017142857142857144
1 0.42214285714285715 0.4514285714285714 0.004285714285714286 0.017142857142857144
1 0.35464285714285715 0.4804761904761905 0.005 0.018095238095238095
1 0.3360714285714286 0.5523809523809524 0.0064285714285714285 0.02095238095238095
1 0.3678571428571429 0.43333333333333335 0.004285714285714286 0.01904761904761905
1 0.3628571428571429 0.42523809523809525 0.004285714285714286 0.01619047619047619
1 0.3807142857142857 0.38285714285714284 0.005714285714285714 0.015238095238095238
1 0.3732142857142857 0.3757142857142857 0.0035714285714285713 0.01619047619047619
10 0.45535714285714285 0.37285714285714283 0.007857142857142858 0.014285714285714285
2 0.5892857142857143 0.4480952380952381 0.011428571428571429 0.008571428571428572
0 0.5564285714285714 0.34476190476190477 0.007142857142857143 0.013333333333333334
6 0.4717857142857143 0.17952380952380953 0.0035714285714285713 0.004761904761904762
6 0.4692857142857143 0.18523809523809523 0.004285714285714286 0.004761904761904762
8 0.37857142857142856 0.21714285714285714 0.037142857142857144 0.017142857142857144
8 0.3442857142857143 0.22285714285714286 0.024285714285714285 0.013333333333333334
0 0.5025 0.12761904761904763 0.017857142857142856 0.024761904761904763
5 0.6360714285714286 0.8142857142857143 0.007857142857142858 0.022857142857142857
4 0.6360714285714286 0.8104761904761905 0.007857142857142858 0.017142857142857144