0 0.05 0.011428571428571429 0.03 0.022857142857142857
6 0.045 0.025238095238095237 0.004285714285714286 0.006666666666666667
6 0.039285714285714285 0.03 0.004285714285714286 0.004761904761904762
6 0.06892857142857142 0.08761904761904762 0.005 0.005714285714285714
6 0.03535714285714286 0.09095238095238095 0.005 0.006666666666666667
6 0.04607142857142857 0.09857142857142857 0.005 0.006666666666666667
11 0.046785714285714285 0.05142857142857143 0.005 0.009523809523809525
8 0.047857142857142855 0.10857142857142857 0.005714285714285714 0.009523809523809525
8 0.08107142857142857 0.14285714285714285 0.009285714285714286 0.015238095238095238
6 0.05035714285714286 0.12428571428571429 0.005 0.006666666666666667
6 0.05 0.14476190476190476 0.005714285714285714 0.007619047619047619
7 0.07607142857142857 0.15142857142857144 0.005 0.007619047619047619
7 0.08535714285714285 0.18095238095238095 0.005 0.007619047619047619
7 0.08821428571428572 0.2119047619047619 0.005 0.006666666666666667
8 0.05178571428571429 0.16333333333333333 0.013571428571428571 0.02761904761904762
1 0.09464285714285714 0.16047619047619047 0.002142857142857143 0.004761904761904762
1 0.09821428571428571 0.17476190476190476 0.002142857142857143 0.004761904761904762
1 0.09464285714285714 0.17809523809523808 0.0035714285714285713 0.005714285714285714
1 0.075 0.11 0.002857142857142857 0.004761904761904762
0 0.026785714285714284 0.11095238095238096 0.019285714285714285 0.021904761904761906
1 0.08642857142857142 0.41904761904761906 0.004285714285714286 0.007619047619047619
1 0.08535714285714285 0.38904761904761903 0.0035714285714285713 0.006666666666666667
1 0.14357142857142857 0.38047619047619047 0.004285714285714286 0.008571428571428572
1 0.1375 0.3680952380952381 0.0035714285714285713 0.008571428571428572
1 0.1425 0.37 0.0035714285714285713 0.006666666666666667
1 0.1492857142857143 0.3780952380952381 0.005714285714285714 0.009523809523809525
1 0.14035714285714285 0.3419047619047619 0.005 0.009523809523809525
1 0.15357142857142858 0.3319047619047619 0.002857142857142857 0.006666666666666667
1 0.14714285714285713 0.34285714285714286 0.002857142857142857 0.007619047619047619
6 0.18285714285714286 0.35428571428571426 0.008571428571428572 0.013333333333333334
6 0.1792857142857143 0.34285714285714286 0.008571428571428572 0.013333333333333334
8 0.19535714285714287 0.3461904761904762 0.009285714285714286 0.018095238095238095
6 0.07642857142857143 0.2814285714285714 0.007142857142857143 0.008571428571428572
6 0.06714285714285714 0.31666666666666665 0.008571428571428572 0.010476190476190476
6 0.0925 0.23904761904761904 0.0064285714285714285 0.009523809523809525
10 0.08464285714285714 0.25142857142857145 0.012142857142857143 0.01904761904761905
6 0.02 0.3395238095238095 0.007142857142857143 0.012380952380952381
1 0.05 0.2571428571428571 0.002857142857142857 0.005714285714285714
1 0.11285714285714285 0.2561904761904762 0.002857142857142857 0.007619047619047619
1 0.1175 0.2557142857142857 0.002142857142857143 0.004761904761904762
1 0.11571428571428571 0.2561904761904762 0.002857142857142857 0.005714285714285714
0 0.031785714285714285 0.22142857142857142 0.015 0.012380952380952381
0 0.02892857142857143 0.2866666666666667 0.012142857142857143 0.02095238095238095
0 0.11428571428571428 0.23857142857142857 0.008571428571428572 0.008571428571428572
0 0.15214285714285714 0.22476190476190477 0.02142857142857143 0.017142857142857144
0 0.08571428571428572 0.2833333333333333 0.007142857142857143 0.01619047619047619
8 0.013214285714285715 0.4185714285714286 0.017857142857142856 0.039047619047619046
1 0.17821428571428571 0.4738095238095238 0.005 0.008571428571428572
6 0.6739285714285714 0.5638095238095238 0.009285714285714286 0.022857142857142857
8 0.6446428571428572 0.46 0.019285714285714285 0.02095238095238095
8 0.5392857142857143 0.43238095238095237 0.014285714285714285 0.02857142857142857
7 0.5432142857142858 0.9890476190476191 0.016428571428571428 0.021904761904761906
6 0.5521428571428572 0.9504761904761905 0.02142857142857143 0.0419047619047619
0 0.8696428571428572 0.7195238095238096 0.030714285714285715 0.02
1 0.7621428571428571 0.6814285714285714 0.002857142857142857 0.006666666666666667
1 0.7714285714285715 0.6833333333333333 0.004285714285714286 0.006666666666666667
6 0.21571428571428572 0.5414285714285715 0.008571428571428572 0.02
6 0.40464285714285714 0.17809523809523808 0.0064285714285714285 0.007619047619047619
6 0.4057142857142857 0.19523809523809524 0.01 0.005714285714285714
6 0.4107142857142857 0.20047619047619047 0.011428571428571429 0.004761904761904762
6 0.4107142857142857 0.20333333333333334 0.011428571428571429 0.004761904761904762
6 0.41214285714285714 0.20714285714285716 0.01 0.006666666666666667
0 0.09107142857142857 0.06095238095238095 0.012142857142857143 0.030476190476190476
6 0.1357142857142857 0.062380952380952384 0.008571428571428572 0.004761904761904762
5 0.2925 0.9809523809523809 0.012142857142857143 0.022857142857142857
2 0.15142857142857144 0.7304761904761905 0.007142857142857143 0.009523809523809525
6 0.39321428571428574 0.43 0.009285714285714286 0.02
6 0.4025 0.4157142857142857 0.007857142857142858 0.014285714285714285
6 0.4125 0.39666666666666667 0.010714285714285714 0.01619047619047619
7 0.44285714285714284 0.3519047619047619 0.008571428571428572 0.014285714285714285
6 0.4275 0.41714285714285715 0.010714285714285714 0.013333333333333334
6 0.4367857142857143 0.4014285714285714 0.010714285714285714 0.012380952380952381
6 0.4492857142857143 0.379047619047619 0.01 0.013333333333333334
6 0.4617857142857143 0.36142857142857143 0.009285714285714286 0.012380952380952381
6 0.6242857142857143 0.3757142857142857 0.014285714285714285 0.010476190476190476