7 0.032857142857142856 0.8819047619047619 0.06571428571428571 0.04380952380952381
5 0.026785714285714284 0.9385714285714286 0.017857142857142856 0.035238095238095235
10 0.0675 0.6595238095238095 0.065 0.04285714285714286
1 0.10357142857142858 0.71 0.017142857142857144 0.01619047619047619
1 0.30964285714285716 0.7957142857142857 0.016428571428571428 0.01619047619047619
2 0.10428571428571429 0.71 0.03428571428571429 0.01619047619047619
2 0.06392857142857143 0.8023809523809524 0.039285714285714285 0.01619047619047619
2 0.3125 0.7952380952380952 0.03642857142857143 0.017142857142857144
6 0.16464285714285715 0.949047619047619 0.08642857142857142 0.06190476190476191
6 0.4725 0.7780952380952381 0.075 0.05142857142857143
1 0.10785714285714286 0.5061904761904762 0.015714285714285715 0.018095238095238095
1 0.2825 0.5014285714285714 0.016428571428571428 0.01619047619047619
1 0.27964285714285714 0.4857142857142857 0.009285714285714286 0.01904761904761905
6 0.19607142857142856 0.5980952380952381 0.075 0.045714285714285714
6 0.2789285714285714 0.6028571428571429 0.06642857142857143 0.04
6 0.42928571428571427 0.6004761904761905 0.07 0.04476190476190476
6 0.5078571428571429 0.6042857142857143 0.06428571428571428 0.039047619047619046
4 0.5828571428571429 0.6938095238095238 0.008571428571428572 0.012380952380952381
4 0.575 0.6933333333333334 0.011428571428571429 0.015238095238095238
1 0.6325 0.6671428571428571 0.009285714285714286 0.012380952380952381
1 0.6492857142857142 0.6685714285714286 0.014285714285714285 0.013333333333333334
4 0.7028571428571428 0.7138095238095238 0.011428571428571429 0.018095238095238095
2 0.5760714285714286 0.6933333333333334 0.035 0.02095238095238095
2 0.7032142857142857 0.7133333333333334 0.035 0.017142857142857144
10 0.6539285714285714 0.6442857142857142 0.055 0.029523809523809525
1 0.6285714285714286 0.6495238095238095 0.008571428571428572 0.01904761904761905
10 0.6239285714285714 0.8457142857142858 0.056428571428571425 0.03238095238095238
1 0.6992857142857143 0.9595238095238096 0.014285714285714285 0.01619047619047619
6 0.7221428571428572 0.6123809523809524 0.07428571428571429 0.0419047619047619
4 0.8114285714285714 0.7152380952380952 0.011428571428571429 0.017142857142857144
4 0.82 0.7157142857142857 0.008571428571428572 0.01619047619047619
4 0.8960714285714285 0.7219047619047619 0.015 0.017142857142857144
4 0.94 0.6666666666666666 0.011428571428571429 0.017142857142857144
2 0.8121428571428572 0.7152380952380952 0.03428571428571429 0.009523809523809525
2 0.8935714285714286 0.7233333333333334 0.032857142857142856 0.01619047619047619
2 0.9367857142857143 0.6676190476190477 0.03642857142857143 0.013333333333333334
4 0.8546428571428571 0.9866666666666667 0.013571428571428571 0.01904761904761905
2 0.8532142857142857 0.9876190476190476 0.039285714285714285 0.022857142857142857