6 0.21857142857142858 0.029523809523809525 0.02857142857142857 0.02095238095238095
7 0.27285714285714285 0.12142857142857143 0.015714285714285715 0.037142857142857144
6 0.28035714285714286 0.16523809523809524 0.016428571428571428 0.037142857142857144
6 0.2810714285714286 0.24476190476190476 0.015 0.0380952380952381
6 0.33107142857142857 0.12238095238095238 0.02642857142857143 0.02
6 0.33214285714285713 0.16238095238095238 0.027142857142857142 0.018095238095238095
6 0.3339285714285714 0.18142857142857144 0.02642857142857143 0.01619047619047619
6 0.33214285714285713 0.20238095238095238 0.02857142857142857 0.018095238095238095
6 0.3357142857142857 0.22142857142857142 0.02857142857142857 0.02
6 0.3382142857142857 0.2561904761904762 0.02642857142857143 0.01904761904761905
6 0.33964285714285714 0.2785714285714286 0.023571428571428573 0.01619047619047619
6 0.4064285714285714 0.34095238095238095 0.012857142857142857 0.0380952380952381
6 0.40464285714285714 0.2919047619047619 0.012142857142857143 0.039047619047619046
6 0.3482142857142857 0.3519047619047619 0.027857142857142858 0.018095238095238095
6 0.3492857142857143 0.37285714285714283 0.027142857142857142 0.018095238095238095
6 0.3535714285714286 0.4166666666666667 0.022857142857142857 0.02
6 0.41 0.3961904761904762 0.012857142857142857 0.0380952380952381
8 0.3532142857142857 0.43523809523809526 0.029285714285714286 0.01904761904761905
8 0.3575 0.4780952380952381 0.02642857142857143 0.017142857142857144
8 0.4089285714285714 0.42857142857142855 0.013571428571428571 0.03238095238095238
8 0.4114285714285714 0.48523809523809525 0.017142857142857144 0.04666666666666667
6 0.3271428571428571 0.5928571428571429 0.027142857142857142 0.018095238095238095
6 0.37535714285714283 0.6276190476190476 0.025 0.02095238095238095
7 0.4164285714285714 0.5980952380952381 0.011428571428571429 0.03238095238095238
6 0.41785714285714287 0.6485714285714286 0.012857142857142857 0.0380952380952381
8 0.4203571428571429 0.7014285714285714 0.016428571428571428 0.040952380952380955
6 0.4235714285714286 0.7528571428571429 0.011428571428571429 0.037142857142857144
6 0.3796428571428571 0.7685714285714286 0.015 0.03238095238095238
6 0.42642857142857143 0.8 0.01 0.03238095238095238
6 0.42642857142857143 0.8433333333333334 0.01 0.037142857142857144
6 0.4278571428571429 0.8857142857142857 0.012857142857142857 0.04
6 0.37107142857142855 0.8071428571428572 0.029285714285714286 0.021904761904761906
6 0.34 0.8866666666666667 0.02857142857142857 0.024761904761904763
6 0.3492857142857143 0.9257142857142857 0.027142857142857142 0.022857142857142857
6 0.35535714285714287 0.9428571428571428 0.025 0.024761904761904763
8 0.4682142857142857 0.9180952380952381 0.035 0.02857142857142857
6 0.47714285714285715 0.9352380952380952 0.02142857142857143 0.015238095238095238
6 0.5007142857142857 0.9119047619047619 0.012857142857142857 0.03142857142857143
6 0.5142857142857142 0.9119047619047619 0.015714285714285715 0.037142857142857144
6 0.53 0.9080952380952381 0.014285714285714285 0.039047619047619046
8 0.5585714285714286 0.9057142857142857 0.04 0.024761904761904763
6 0.5782142857142857 0.8423809523809523 0.012142857142857143 0.037142857142857144
6 0.5564285714285714 0.99 0.011428571428571429 0.02
6 0.535 0.9880952380952381 0.012857142857142857 0.021904761904761906
2 0.5782142857142857 0.9880952380952381 0.007857142857142858 0.01619047619047619
6 0.6021428571428571 0.79 0.014285714285714285 0.039047619047619046
6 0.6371428571428571 0.7738095238095238 0.012857142857142857 0.037142857142857144
6 0.6328571428571429 0.6895238095238095 0.014285714285714285 0.04
6 0.5614285714285714 0.62 0.03 0.02666666666666667
6 0.6060714285714286 0.5528571428571428 0.012142857142857143 0.03142857142857143
6 0.6089285714285714 0.49238095238095236 0.012142857142857143 0.03428571428571429
6 0.6271428571428571 0.43 0.011428571428571429 0.03142857142857143
7 0.5771428571428572 0.43761904761904763 0.011428571428571429 0.04285714285714286
6 0.6196428571428572 0.34476190476190477 0.017857142857142856 0.0380952380952381
6 0.6207142857142857 0.24571428571428572 0.014285714285714285 0.0380952380952381
6 0.6414285714285715 0.2257142857142857 0.024285714285714285 0.022857142857142857
7 0.5475 0.1980952380952381 0.027857142857142858 0.030476190476190476
6 0.5578571428571428 0.23666666666666666 0.011428571428571429 0.029523809523809525
6 0.5025 0.013333333333333334 0.02642857142857143 0.017142857142857144
6 0.5839285714285715 0.0380952380952381 0.015 0.0380952380952381
6 0.6060714285714286 0.01619047619047619 0.016428571428571428 0.03238095238095238
6 0.6146428571428572 0.10428571428571429 0.015 0.039047619047619046
8 0.6182142857142857 0.1438095238095238 0.015 0.047619047619047616
2 0.2025 0.06714285714285714 0.015 0.010476190476190476
2 0.3585714285714286 0.035238095238095235 0.014285714285714285 0.011428571428571429
2 0.5942857142857143 0.0680952380952381 0.005714285714285714 0.01619047619047619
2 0.5892857142857143 0.3395238095238095 0.005714285714285714 0.01619047619047619
2 0.6010714285714286 0.2923809523809524 0.005 0.013333333333333334
2 0.6235714285714286 0.2819047619047619 0.011428571428571429 0.009523809523809525
2 0.5910714285714286 0.52 0.009285714285714286 0.024761904761904763
2 0.5903571428571428 0.6033333333333334 0.007857142857142858 0.02
2 0.41892857142857143 0.910952380952381 0.0064285714285714285 0.01619047619047619
2 0.4107142857142857 0.8085714285714286 0.008571428571428572 0.01904761904761905
2 0.4 0.49857142857142855 0.005714285714285714 0.018095238095238095
2 0.3842857142857143 0.20142857142857143 0.005714285714285714 0.014285714285714285
2 0.2935714285714286 0.3761904761904762 0.008571428571428572 0.009523809523809525
2 0.3078571428571429 0.39095238095238094 0.004285714285714286 0.018095238095238095
0 0.2817857142857143 0.5647619047619048 0.04214285714285714 0.047619047619047616
6 0.875 0.9871428571428571 0.03142857142857143 0.018095238095238095
6 0.7928571428571428 0.9814285714285714 0.03428571428571429 0.02