2 0.06892857142857142 0.9876190476190476 0.015 0.024761904761904763
1 0.0325 0.9171428571428571 0.027857142857142858 0.01904761904761905
2 0.15 0.8280952380952381 0.012857142857142857 0.03142857142857143
2 0.10071428571428571 0.8423809523809523 0.022857142857142857 0.04857142857142857
2 0.11678571428571428 0.8357142857142857 0.016428571428571428 0.04476190476190476
2 0.1325 0.829047619047619 0.02214285714285714 0.040952380952380955
2 0.13892857142857143 0.9214285714285714 0.025 0.039047619047619046
2 0.15464285714285714 0.9280952380952381 0.029285714285714286 0.054285714285714284
2 0.18071428571428572 0.9233333333333333 0.024285714285714285 0.05047619047619047
2 0.19357142857142856 0.9680952380952381 0.017142857142857144 0.05238095238095238
2 0.23357142857142857 0.9842857142857143 0.018571428571428572 0.03142857142857143
2 0.25142857142857145 0.9876190476190476 0.018571428571428572 0.024761904761904763
2 0.27964285714285714 0.9885714285714285 0.013571428571428571 0.022857142857142857
2 0.2957142857142857 0.9890476190476191 0.017142857142857144 0.021904761904761906
2 0.31392857142857145 0.9852380952380952 0.015 0.029523809523809525
2 0.32571428571428573 0.9852380952380952 0.012857142857142857 0.029523809523809525
2 0.36142857142857143 0.9861904761904762 0.014285714285714285 0.02761904761904762
2 0.37892857142857145 0.9828571428571429 0.016428571428571428 0.03428571428571429
2 0.39071428571428574 0.9742857142857143 0.015714285714285715 0.045714285714285714
2 0.3625 0.9447619047619048 0.013571428571428571 0.047619047619047616
2 0.2525 0.7985714285714286 0.02214285714285714 0.037142857142857144
2 0.30142857142857143 0.7638095238095238 0.02857142857142857 0.02666666666666667
1 0.45357142857142857 0.7023809523809523 0.011428571428571429 0.018095238095238095
1 0.4707142857142857 0.7023809523809523 0.011428571428571429 0.023809523809523808
1 0.4732142857142857 0.6828571428571428 0.010714285714285714 0.02095238095238095
1 0.4875 0.6904761904761905 0.009285714285714286 0.024761904761904763
1 0.48678571428571427 0.71 0.012142857142857143 0.02
1 0.5071428571428571 0.5423809523809524 0.008571428571428572 0.02
1 0.575 0.6128571428571429 0.008571428571428572 0.023809523809523808
7 0.5803571428571429 0.5123809523809524 0.062142857142857146 0.06285714285714286
6 0.5996428571428571 0.4766666666666667 0.07071428571428572 0.06380952380952382
6 0.6146428571428572 0.44571428571428573 0.06785714285714285 0.06476190476190476
6 0.6896428571428571 0.45285714285714285 0.04928571428571429 0.07523809523809524
7 0.6357142857142857 0.4076190476190476 0.05857142857142857 0.05714285714285714
6 0.6546428571428572 0.38 0.06642857142857143 0.05904761904761905
6 0.6692857142857143 0.34476190476190477 0.055714285714285716 0.05523809523809524
2 0.5953571428571428 0.26095238095238094 0.015 0.02857142857142857
4 0.6796428571428571 0.20904761904761904 0.009285714285714286 0.01619047619047619
6 0.7021428571428572 0.22857142857142856 0.04285714285714286 0.06095238095238095
6 0.7360714285714286 0.23952380952380953 0.030714285714285715 0.06
6 0.7689285714285714 0.2438095238095238 0.03214285714285714 0.06476190476190476
6 0.8092857142857143 0.2619047619047619 0.04 0.06476190476190476
1 0.8817857142857143 0.25047619047619046 0.013571428571428571 0.022857142857142857
7 0.8260714285714286 0.44333333333333336 0.060714285714285714 0.058095238095238096
6 0.8328571428571429 0.4061904761904762 0.06857142857142857 0.06190476190476191
6 0.8685714285714285 0.3914285714285714 0.055714285714285716 0.05333333333333334
6 0.8885714285714286 0.3657142857142857 0.05142857142857143 0.05142857142857143
6 0.9057142857142857 0.32666666666666666 0.054285714285714284 0.04380952380952381
2 0.6746428571428571 0.88 0.013571428571428571 0.03428571428571429
1 0.7246428571428571 0.9285714285714286 0.013571428571428571 0.017142857142857144
1 0.7946428571428571 0.8714285714285714 0.019285714285714285 0.02095238095238095
1 0.7728571428571429 0.8504761904761905 0.018571428571428572 0.01904761904761905
1 0.795 0.8366666666666667 0.015714285714285715 0.014285714285714285
2 0.8603571428571428 0.7533333333333333 0.015 0.02857142857142857
1 0.8971428571428571 0.7928571428571428 0.017142857142857144 0.018095238095238095
1 0.8946428571428572 0.7761904761904762 0.019285714285714285 0.01904761904761905
1 0.9128571428571428 0.7723809523809524 0.015714285714285715 0.017142857142857144
4 0.9496428571428571 0.7304761904761905 0.017857142857142856 0.02666666666666667
4 0.9607142857142857 0.7142857142857143 0.011428571428571429 0.015238095238095238
4 0.9657142857142857 0.7466666666666667 0.017142857142857144 0.02095238095238095
2 0.9867857142857143 0.76 0.020714285714285713 0.03619047619047619
4 0.9857142857142858 0.758095238095238 0.024285714285714285 0.02095238095238095
1 0.9932142857142857 0.7814285714285715 0.013571428571428571 0.018095238095238095
6 0.9542857142857143 0.9652380952380952 0.08 0.06952380952380953