6 0.0067857142857142855 0.005238095238095238 0.013571428571428571 0.010476190476190476
7 0.13285714285714287 0.0761904761904762 0.018571428571428572 0.030476190476190476
7 0.16857142857142857 0.13 0.011428571428571429 0.02
7 0.23892857142857143 0.09857142857142857 0.007857142857142858 0.014285714285714285
7 0.18928571428571428 0.18761904761904763 0.024285714285714285 0.015238095238095238
7 0.054285714285714284 0.21333333333333335 0.045714285714285714 0.02857142857142857
7 0.03214285714285714 0.30142857142857143 0.04 0.03333333333333333
6 0.09071428571428572 0.28714285714285714 0.027142857142857142 0.02
6 0.10357142857142858 0.19380952380952382 0.012857142857142857 0.014285714285714285
1 0.08821428571428572 0.22142857142857142 0.005 0.012380952380952381
7 0.4767857142857143 0.840952380952381 0.04642857142857143 0.08190476190476191
7 0.595 0.8323809523809523 0.06428571428571428 0.06857142857142857
7 0.67 0.9566666666666667 0.09142857142857143 0.08095238095238096
6 0.5935714285714285 0.6195238095238095 0.03857142857142857 0.054285714285714284
6 0.565 0.6361904761904762 0.03571428571428571 0.05714285714285714
6 0.5346428571428572 0.6452380952380953 0.03642857142857143 0.06
6 0.6225 0.6095238095238096 0.025 0.045714285714285714
2 0.07142857142857142 0.5019047619047619 0.005714285714285714 0.02095238095238095
7 0.48928571428571427 0.6514285714285715 0.037142857142857144 0.06095238095238095
7 0.9875 0.45095238095238094 0.025 0.025714285714285714
6 0.9739285714285715 0.43952380952380954 0.02642857142857143 0.021904761904761906
7 0.8953571428571429 0.38476190476190475 0.035 0.02666666666666667
6 0.8717857142857143 0.37476190476190474 0.02642857142857143 0.02
2 0.8632142857142857 0.4804761904761905 0.015 0.02
2 0.6225 0.41095238095238096 0.012142857142857143 0.012380952380952381
2 0.5685714285714286 0.4166666666666667 0.014285714285714285 0.012380952380952381
2 0.6514285714285715 0.45 0.01 0.010476190476190476
2 0.5942857142857143 0.4 0.007142857142857143 0.009523809523809525
2 0.5889285714285715 0.3995238095238095 0.005 0.008571428571428572
2 0.605 0.39666666666666667 0.007142857142857143 0.010476190476190476
2 0.6164285714285714 0.3942857142857143 0.007142857142857143 0.009523809523809525
6 0.6175 0.45 0.04214285714285714 0.02761904761904762
6 0.4692857142857143 0.44333333333333336 0.024285714285714285 0.035238095238095235
6 0.5246428571428572 0.42523809523809525 0.02214285714285714 0.03333333333333333
7 0.5025 0.43761904761904763 0.02642857142857143 0.035238095238095235
6 0.605 0.43142857142857144 0.04 0.024761904761904763
6 0.5910714285714286 0.3352380952380952 0.030714285714285715 0.017142857142857144
6 0.55 0.3419047619047619 0.02857142857142857 0.01904761904761905
7 0.5125 0.3923809523809524 0.027857142857142858 0.015238095238095238
1 0.5289285714285714 0.3838095238095238 0.0035714285714285713 0.013333333333333334
6 0.3485714285714286 0.3823809523809524 0.03428571428571429 0.023809523809523808
6 0.23714285714285716 0.37857142857142856 0.037142857142857144 0.029523809523809525
6 0.2357142857142857 0.36714285714285716 0.037142857142857144 0.023809523809523808
6 0.4114285714285714 0.34285714285714286 0.03 0.02095238095238095
6 0.4085714285714286 0.3333333333333333 0.03142857142857143 0.01904761904761905
6 0.3439285714285714 0.33904761904761904 0.030714285714285715 0.022857142857142857
6 0.33964285714285714 0.3295238095238095 0.03357142857142857 0.01904761904761905
6 0.33785714285714286 0.319047619047619 0.03 0.015238095238095238
6 0.33285714285714285 0.31047619047619046 0.03142857142857143 0.01904761904761905
6 0.32857142857142857 0.3 0.027142857142857142 0.017142857142857144
6 0.3242857142857143 0.29428571428571426 0.03142857142857143 0.01904761904761905
6 0.3871428571428571 0.2976190476190476 0.03142857142857143 0.018095238095238095
6 0.3989285714285714 0.3142857142857143 0.03214285714285714 0.017142857142857144
6 0.3675 0.34523809523809523 0.030714285714285715 0.023809523809523808
6 0.3792857142857143 0.2819047619047619 0.027142857142857142 0.017142857142857144
6 0.3692857142857143 0.2714285714285714 0.024285714285714285 0.015238095238095238
2 0.4332142857142857 0.29095238095238096 0.0064285714285714285 0.012380952380952381
2 0.42428571428571427 0.27714285714285714 0.008571428571428572 0.013333333333333334
2 0.42928571428571427 0.2823809523809524 0.01 0.012380952380952381
2 0.18464285714285714 0.38666666666666666 0.007857142857142858 0.02095238095238095
10 0.10964285714285714 0.3361904761904762 0.015 0.024761904761904763
5 0.07892857142857143 0.2338095238095238 0.010714285714285714 0.010476190476190476
2 0.2 0.21047619047619048 0.01 0.009523809523809525
10 0.16392857142857142 0.21666666666666667 0.016428571428571428 0.010476190476190476
2 0.14285714285714285 0.23285714285714285 0.011428571428571429 0.006666666666666667
1 0.14 0.22904761904761906 0.004285714285714286 0.008571428571428572
4 0.20035714285714284 0.20666666666666667 0.005 0.009523809523809525
4 0.1667857142857143 0.21666666666666667 0.0035714285714285713 0.006666666666666667
4 0.07714285714285714 0.2319047619047619 0.007142857142857143 0.008571428571428572
6 0.3889285714285714 0.22428571428571428 0.015 0.02
6 0.38107142857142856 0.21142857142857144 0.012142857142857143 0.015238095238095238
6 0.3053571428571429 0.2438095238095238 0.02642857142857143 0.015238095238095238
6 0.3003571428571429 0.2342857142857143 0.025 0.013333333333333334
6 0.2960714285714286 0.22714285714285715 0.023571428571428573 0.01619047619047619
6 0.3078571428571429 0.25333333333333335 0.025714285714285714 0.015238095238095238
6 0.23642857142857143 0.16142857142857142 0.012857142857142857 0.012380952380952381