11 0.5103571428571428 0.7138324873096447 0.019285714285714285 0.0850253807106599
11 0.4303571428571429 0.7791878172588832 0.02214285714285714 0.08883248730964467
11 0.4642857142857143 0.5513959390862944 0.012857142857142857 0.05710659898477157
11 0.46285714285714286 0.42258883248730966 0.012857142857142857 0.04568527918781726
11 0.46214285714285713 0.3115482233502538 0.011428571428571429 0.03934010152284264
11 0.46785714285714286 0.22588832487309646 0.018571428571428572 0.06345177664974619
6 0.8975 0.8883248730964467 0.029285714285714286 0.06091370558375635
6 0.8592857142857143 0.7626903553299492 0.022857142857142857 0.04568527918781726
6 0.8442857142857143 0.7131979695431472 0.02 0.04568527918781726
6 0.445 0.5374365482233503 0.011428571428571429 0.03426395939086294
6 0.4467857142857143 0.4517766497461929 0.010714285714285714 0.030456852791878174
6 0.4471428571428571 0.40545685279187815 0.01 0.024111675126903553
6 0.4585714285714286 0.3489847715736041 0.008571428571428572 0.02030456852791878
6 0.4342857142857143 0.3223350253807107 0.008571428571428572 0.017766497461928935
6 0.5421428571428571 0.34517766497461927 0.01 0.025380710659898477
7 0.4614285714285714 0.282994923857868 0.008571428571428572 0.02030456852791878
6 0.4517857142857143 0.2519035532994924 0.009285714285714286 0.013959390862944163
7 0.4492857142857143 0.3147208121827411 0.008571428571428572 0.017766497461928935
7 0.4496428571428571 0.28109137055837563 0.007857142857142858 0.01903553299492386
7 0.12464285714285714 0.1916243654822335 0.019285714285714285 0.015228426395939087
6 0.08928571428571429 0.20304568527918782 0.018571428571428572 0.015228426395939087
6 0.20214285714285715 0.1700507614213198 0.018571428571428572 0.012690355329949238
6 0.32142857142857145 0.15862944162436549 0.018571428571428572 0.015228426395939087
6 0.21035714285714285 0.25444162436548223 0.017857142857142856 0.01649746192893401
7 0.37 0.25253807106598986 0.018571428571428572 0.017766497461928935
7 0.5382142857142858 0.28109137055837563 0.009285714285714286 0.0266497461928934
1 0.33964285714285714 0.8838832487309645 0.0064285714285714285 0.024111675126903553
1 0.535 0.7366751269035533 0.004285714285714286 0.01903553299492386
7 0.32142857142857145 0.008883248730964468 0.01 0.015228426395939087
3 0.3610714285714286 0.05203045685279188 0.03214285714285714 0.03553299492385787
1 0.5078571428571429 0.31789340101522845 0.002857142857142857 0.011421319796954314
1 0.5078571428571429 0.2906091370558376 0.004285714285714286 0.01015228426395939
7 0.009285714285714286 0.18718274111675126 0.018571428571428572 0.01649746192893401