6 0.48428571428571426 0.3742857142857143 0.047142857142857146 0.04380952380952381
2 0.405 0.5019047619047619 0.02 0.02095238095238095
6 0.2546428571428571 0.5442857142857143 0.020714285714285713 0.025714285714285714
7 0.22392857142857142 0.6880952380952381 0.08357142857142857 0.12095238095238095
7 0.38285714285714284 0.6195238095238095 0.10142857142857142 0.12476190476190477
4 0.4635714285714286 0.9161904761904762 0.012857142857142857 0.013333333333333334
4 0.4367857142857143 0.9166666666666666 0.010714285714285714 0.02
2 0.055357142857142855 0.7352380952380952 0.012142857142857143 0.017142857142857144
6 0.49214285714285716 0.6895238095238095 0.08 0.08
6 0.5596428571428571 0.5652380952380952 0.06357142857142857 0.06380952380952382
6 0.5975 0.530952380952381 0.07071428571428572 0.07142857142857142
7 0.6 0.8152380952380952 0.06857142857142857 0.08761904761904762
7 0.6346428571428572 0.7652380952380953 0.06928571428571428 0.08095238095238096