6 0.2475 0.4517766497461929 0.04357142857142857 0.10913705583756345
6 0.32821428571428574 0.2645939086294416 0.04071428571428572 0.10532994923857868
7 0.375 0.0583756345177665 0.04428571428571428 0.11421319796954314
6 0.45785714285714285 0.13388324873096447 0.037142857142857144 0.11040609137055837
6 0.42642857142857143 0.2131979695431472 0.037142857142857144 0.11421319796954314
6 0.5039285714285714 0.3331218274111675 0.03785714285714286 0.11294416243654823
7 0.4525 0.38578680203045684 0.03642857142857143 0.10152284263959391
6 0.5528571428571428 0.5945431472081218 0.041428571428571426 0.11802030456852793
7 0.5253571428571429 0.708756345177665 0.04357142857142857 0.12309644670050761
6 0.6260714285714286 0.9397208121827412 0.04214285714285714 0.11802030456852793
7 0.7296428571428571 0.8756345177664975 0.060714285714285714 0.07360406091370558
7 0.7142857142857143 0.8064720812182741 0.06857142857142857 0.0799492385786802
3 0.835 0.7874365482233503 0.03142857142857143 0.09263959390862944
3 0.8139285714285714 0.6389593908629442 0.030714285714285715 0.09517766497461928
6 0.7021428571428572 0.7354060913705583 0.07571428571428572 0.07741116751269035
6 0.6710714285714285 0.6053299492385786 0.06642857142857143 0.07106598984771574
6 0.6453571428571429 0.5463197969543148 0.055 0.05710659898477157
6 0.6267857142857143 0.35723350253807107 0.05928571428571429 0.05964467005076142
6 0.6167857142857143 0.29758883248730966 0.05785714285714286 0.05964467005076142
7 0.6382142857142857 0.41624365482233505 0.06642857142857143 0.06852791878172589
2 0.6021428571428571 0.14276649746192893 0.015714285714285715 0.05203045685279188
2 0.5967857142857143 0.10406091370558376 0.04071428571428572 0.03299492385786802
3 0.7321428571428571 0.17258883248730963 0.05142857142857143 0.17258883248730963
7 0.6042857142857143 0.03489847715736041 0.05857142857142857 0.06725888324873096