1 0.3135 0.6523333333333333 0.026 0.046
1 0.394 0.5343333333333333 0.014 0.043333333333333335
1 0.41375 0.536 0.0115 0.036
1 0.39525 0.45866666666666667 0.0175 0.04133333333333333
1 0.4485 0.44566666666666666 0.015 0.038
1 0.454 0.42733333333333334 0.017 0.03866666666666667
1 0.51 0.8273333333333334 0.021 0.02666666666666667
4 0.55075 0.774 0.0245 0.04
1 0.544 0.6346666666666667 0.02 0.036
1 0.58475 0.6466666666666666 0.0145 0.04
6 0.5215 0.5256666666666666 0.109 0.10466666666666667
7 0.60325 0.866 0.0805 0.25333333333333335
8 0.68625 0.6833333333333333 0.1975 0.24533333333333332
7 0.65825 0.552 0.1025 0.07466666666666667
6 0.8035 0.5216666666666666 0.134 0.08066666666666666
4 0.78625 0.4676666666666667 0.0195 0.03666666666666667
9 0.77275 0.4706666666666667 0.0535 0.04933333333333333
7 0.761 0.381 0.101 0.074
6 0.59125 0.412 0.1015 0.06266666666666666
6 0.45675 0.374 0.0715 0.08
6 0.251 0.5193333333333333 0.059 0.128
6 0.2745 0.38466666666666666 0.045 0.092
1 0.26825 0.25033333333333335 0.0115 0.03
6 0.28375 0.26866666666666666 0.0385 0.07733333333333334
4 0.34975 0.232 0.0125 0.03333333333333333
5 0.34875 0.242 0.0115 0.03333333333333333
1 0.31175 0.203 0.0135 0.035333333333333335
5 0.31525 0.20866666666666667 0.0125 0.03333333333333333
2 0.37825 0.209 0.0145 0.034
1 0.40175 0.19433333333333333 0.0095 0.026
1 0.3945 0.17466666666666666 0.008 0.032
5 0.3885 0.16166666666666665 0.01 0.03266666666666666
1 0.37425 0.13533333333333333 0.0095 0.03866666666666667
7 0.2935 0.163 0.037 0.06333333333333334
4 0.29825 0.09733333333333333 0.0105 0.02
4 0.3795 0.11733333333333333 0.01 0.032
1 0.373 0.103 0.007 0.03
1 0.378 0.08933333333333333 0.007 0.02266666666666667
1 0.384 0.08566666666666667 0.008 0.03
1 0.362 0.08 0.009 0.03333333333333333
1 0.3905 0.07333333333333333 0.006 0.029333333333333333
4 0.29975 0.04 0.0095 0.016
9 0.30225 0.052 0.0155 0.028
1 0.32175 0.030333333333333334 0.0085 0.03
1 0.36775 0.047 0.0095 0.03133333333333333
1 0.37725 0.051666666666666666 0.0085 0.03133333333333333
1 0.3325 0.02033333333333333 0.008 0.03133333333333333
1 0.30375 0.014 0.0115 0.02
5 0.323 0.026 0.008 0.02666666666666667
4 0.36175 0.014333333333333333 0.0105 0.026
2 0.36075 0.018333333333333333 0.0085 0.023333333333333334
2 0.37925 0.021333333333333333 0.0095 0.024
6 0.9585 0.5156666666666667 0.083 0.07533333333333334
6 0.968 0.3413333333333333 0.064 0.06933333333333333
6 0.95975 0.192 0.0695 0.04533333333333334
2 0.842 0.193 0.031 0.034
6 0.71025 0.21766666666666667 0.0735 0.04066666666666666
6 0.65075 0.249 0.0815 0.054
7 0.641 0.32566666666666666 0.077 0.06466666666666666
7 0.6195 0.19966666666666666 0.072 0.06733333333333333
6 0.4945 0.124 0.033 0.058666666666666666
10 0.48375 0.07233333333333333 0.0255 0.06466666666666666
6 0.57125 0.059666666666666666 0.0585 0.035333333333333335
10 0.5695 0.042333333333333334 0.029 0.026
2 0.5955 0.076 0.023 0.02666666666666667
5 0.62775 0.06666666666666667 0.0215 0.021333333333333333
2 0.639 0.07 0.018 0.024
9 0.6395 0.08166666666666667 0.027 0.024666666666666667
9 0.6365 0.11833333333333333 0.026 0.04066666666666666
5 0.67425 0.112 0.0125 0.030666666666666665
5 0.691 0.13866666666666666 0.015 0.03333333333333333
9 0.476 0.021666666666666667 0.017 0.035333333333333335
6 0.955 0.128 0.069 0.042666666666666665
6 0.92175 0.08666666666666667 0.0605 0.04
6 0.8985 0.06466666666666666 0.063 0.037333333333333336