6 0.3489285714285714 0.1618020304568528 0.020714285714285713 0.044416243654822336
6 0.39071428571428574 0.1351522842639594 0.018571428571428572 0.05710659898477157
6 0.39714285714285713 0.041243654822335024 0.015714285714285715 0.05203045685279188
7 0.41285714285714287 0.4289340101522843 0.02142857142857143 0.08883248730964467
7 0.36392857142857143 0.8204314720812182 0.030714285714285715 0.11548223350253807
7 0.32142857142857145 0.1751269035532995 0.02142857142857143 0.06091370558375635
7 0.35928571428571426 0.29251269035532995 0.03571428571428571 0.06979695431472081
1 0.21428571428571427 0.40545685279187815 0.007142857142857143 0.021573604060913704
1 0.21928571428571428 0.4067258883248731 0.007142857142857143 0.024111675126903553
1 0.25535714285714284 0.2100253807106599 0.0064285714285714285 0.021573604060913704
1 0.2571428571428571 0.12436548223350254 0.005714285714285714 0.02284263959390863
1 0.5064285714285715 0.6008883248730964 0.007142857142857143 0.02918781725888325
1 0.4982142857142857 0.6027918781725888 0.0064285714285714285 0.027918781725888325