6 0.5 0.212430426716141 0.026096033402922755 0.03153988868274583
6 0.7755741127348643 0.02922077922077922 0.018789144050104383 0.021335807050092765
6 0.8421189979123174 0.0686456400742115 0.02348643006263048 0.02411873840445269
8 0.7922755741127349 0.1841372912801484 0.05741127348643006 0.05844155844155844
8 0.6377870563674322 0.538961038961039 0.059498956158663886 0.07421150278293136
6 0.5835073068893528 0.5153061224489796 0.030271398747390398 0.05658627087198516
6 0.37239039665970775 0.4675324675324675 0.042275574112734866 0.04638218923933209
2 0.3656054279749478 0.48886827458256027 0.015135699373695199 0.02411873840445269
3 0.42275574112734865 0.5199443413729128 0.06576200417536535 0.08812615955473098
8 0.3937891440501044 0.40816326530612246 0.037056367432150315 0.05380333951762523
8 0.4551148225469729 0.46382189239332094 0.0511482254697286 0.07050092764378478
3 0.45876826722338204 0.400278293135436 0.04592901878914405 0.07699443413729128
3 0.48747390396659707 0.37894248608534326 0.05636743215031315 0.11966604823747681
8 0.5039144050104384 0.32838589981447125 0.02870563674321503 0.055658627087198514
3 0.5394050104384134 0.3455473098330241 0.03914405010438413 0.09369202226345083
8 0.5621085594989561 0.33302411873840443 0.04279749478079332 0.0686456400742115
2 0.06184759916492693 0.21057513914656772 0.007828810020876827 0.01855287569573284