6 0.8107142857142857 0.5904761904761905 0.03428571428571429 0.07428571428571429
6 0.9689285714285715 0.829047619047619 0.05928571428571429 0.09047619047619047
6 0.9514285714285714 0.09761904761904762 0.03 0.06380952380952382
6 0.7614285714285715 0.4780952380952381 0.047142857142857146 0.06666666666666667
7 0.6785714285714286 0.7433333333333333 0.05 0.08095238095238096
6 0.4832142857142857 0.969047619047619 0.03357142857142857 0.06190476190476191
2 0.5607142857142857 0.6214285714285714 0.015714285714285715 0.023809523809523808
4 0.5603571428571429 0.6190476190476191 0.009285714285714286 0.013333333333333334
8 0.5575 0.43142857142857144 0.03785714285714286 0.09714285714285714
6 0.44035714285714284 0.42523809523809525 0.04214285714285714 0.04857142857142857
6 0.42392857142857143 0.3995238095238095 0.035 0.04285714285714286
6 0.5217857142857143 0.28904761904761905 0.02214285714285714 0.06
6 0.4160714285714286 0.36238095238095236 0.03357142857142857 0.06190476190476191
6 0.4017857142857143 0.29428571428571426 0.035 0.06857142857142857
6 0.5089285714285714 0.14 0.029285714285714286 0.05333333333333334
6 0.47464285714285714 0.048095238095238094 0.030714285714285715 0.04666666666666667
4 0.2367857142857143 0.86 0.010714285714285714 0.009523809523809525
4 0.23857142857142857 0.871904761904762 0.008571428571428572 0.010476190476190476
4 0.2757142857142857 0.8866666666666667 0.014285714285714285 0.011428571428571429
4 0.26964285714285713 0.8714285714285714 0.009285714285714286 0.009523809523809525
4 0.2832142857142857 0.8609523809523809 0.009285714285714286 0.009523809523809525
6 0.2982142857142857 0.6938095238095238 0.04642857142857143 0.06380952380952382
7 0.2621428571428571 0.19333333333333333 0.03857142857142857 0.06476190476190476
0 0.26964285714285713 0.09333333333333334 0.09214285714285714 0.1219047619047619
0 0.3821428571428571 0.08333333333333333 0.08428571428571428 0.14952380952380953